timestamp,event,emg1,emg2,emg3,emg4,emg5,emg6,emg7,emg8
0.0558604 ,Left ,-1 ,-2 ,-7 ,-8 ,-5 ,-2 ,-3 ,-2
0.0558842 ,Left ,0  ,-1 ,-5 ,-13 ,-2 ,-1 ,-1 ,-1
0.057428 ,Left ,-1 ,-1 ,+5 ,+33 ,+2 ,-1 ,0  ,0 
0.057513 ,Left ,-2 ,-2 ,-2 ,-51 ,-8 ,-2 ,-3 ,-3
0.0695881 ,Left ,0  ,-1 ,+2 ,+7 ,+1 ,-1 ,0  ,-1
0.0695915 ,Left ,-2 ,-4 ,-12 ,-13 ,+1 ,0  ,-1 ,-1
0.07871 ,Left ,0  ,-3 ,0  ,-5 ,-1 ,0  ,-2 ,-1
0.0787126 ,Left ,0  ,+2 ,-1 ,+16 ,+4 ,-1 ,-1 ,0 
0.0929876 ,Left ,-1 ,-4 ,-2 ,-1 ,+1 ,-2 ,-1 ,0 
0.092991 ,Left ,+1 ,+1 ,+2 ,+2 ,-1 ,0  ,-2 ,-3
0.1071024 ,Left ,-1 ,-1 ,+7 ,-1 ,-5 ,-1 ,-1 ,-4
0.1071053 ,Left ,-1 ,-1 ,-15 ,-8 ,-2 ,+2 ,0  ,-2
0.115995 ,Left ,-1 ,-1 ,+2 ,+17 ,+3 ,-1 ,0  ,-3
0.1159993 ,Left ,0  ,-1 ,+2 ,+6 ,0  ,0  ,0  ,0 
0.1176052 ,Left ,-2 ,-1 ,-6 ,-44 ,-6 ,-2 ,-2 ,0 
0.1176081 ,Left ,-2 ,-2 ,+1 ,+7 ,-1 ,-1 ,-2 ,-2
0.1386519 ,Left ,-2 ,-1 ,-4 ,+2 ,-1 ,0  ,-2 ,0 
0.1386553 ,Left ,-2 ,+1 ,-2 ,-7 ,-2 ,0  ,0  ,0 
0.1400743 ,Left ,-1 ,-4 ,+1 ,+6 ,-1 ,+1 ,+1 ,-1
0.1400767 ,Left ,0  ,0  ,0  ,+6 ,-2 ,-3 ,-2 ,0 
0.1530736 ,Left ,0  ,-2 ,-6 ,-1 ,0  ,-1 ,-2 ,-2
0.1530763 ,Left ,+1 ,-1 ,0  ,+3 ,+3 ,-1 ,-1 ,-1
0.1596586 ,Left ,-2 ,-1 ,-7 ,-14 ,-5 ,-1 ,-3 ,-1
0.159661 ,Left ,-1 ,+4 ,+9 ,+23 ,+2 ,0  ,+1 ,0 
0.1762203 ,Left ,-3 ,-4 ,-8 ,-12 ,-1 ,0  ,0  ,0 
0.1762236 ,Left ,+1 ,+3 ,0  ,+2 ,0  ,-2 ,0  ,0 
0.1776008 ,Left ,+1 ,+1 ,-7 ,-35 ,-4 ,-2 ,-1 ,-1
0.1776038 ,Left ,-2 ,-3 ,+7 ,+19 ,+2 ,-1 ,-2 ,-2
0.1986481 ,Left ,-2 ,+2 ,+3 ,-2 ,-1 ,0  ,-1 ,-1
0.1986584 ,Left ,-1 ,0  ,-1 ,-9 ,-2 ,0  ,0  ,-1
0.200128 ,Left ,-2 ,-1 ,-5 ,+19 ,+3 ,-2 ,0  ,0 
0.2001307 ,Left ,0  ,-1 ,+1 ,-42 ,-4 ,0  ,0  ,-2
0.2128374 ,Left ,0  ,0  ,+8 ,+4 ,+3 ,0  ,0  ,0 
0.2129164 ,Left ,+1 ,-6 ,-13 ,-16 ,-3 ,-1 ,-2 ,0 
0.2196573 ,Left ,+1 ,+3 ,+6 ,+43 ,+2 ,0  ,0  ,-2
0.2196598 ,Left ,-3 ,-4 ,-8 ,-9 ,-1 ,-3 ,-3 ,-3
0.2361528 ,Left ,-1 ,+2 ,+5 ,+6 ,0  ,-1 ,+1 ,-1
0.2361556 ,Left ,-3 ,-5 ,-10 ,-12 ,-5 ,-1 ,-2 ,-1
0.2375309 ,Left ,-1 ,-2 ,-3 ,-7 ,-1 ,0  ,0  ,-1
0.2375333 ,Left ,+2 ,0  ,+5 ,+37 ,+5 ,0  ,+1 ,+1
0.2585166 ,Left ,+1 ,-3 ,-2 ,-15 ,-5 ,-3 ,-3 ,-1
0.2585193 ,Left ,-4 ,-2 ,+6 ,+7 ,+1 ,0  ,-1 ,-1
0.2600625 ,Left ,0  ,-1 ,-1 ,-16 ,-2 ,0  ,-1 ,-2
0.2601392 ,Left ,-1 ,-1 ,-4 ,+1 ,-3 ,0  ,0  ,-2
0.272361 ,Left ,+2 ,+2 ,0  ,+19 ,+3 ,-1 ,+1 ,0 
0.2723637 ,Left ,-1 ,0  ,+1 ,-11 ,-4 ,-1 ,-1 ,-1
0.281222 ,Left ,-2 ,-1 ,0  ,0  ,0  ,-1 ,-1 ,0 
0.2812247 ,Left ,-4 ,-3 ,-5 ,-9 ,0  ,0  ,-1 ,0 
0.2960797 ,Left ,0  ,+4 ,+4 ,+9 ,+2 ,0  ,0  ,-1
0.2960824 ,Left ,-3 ,-5 ,-9 ,-26 ,-9 ,-5 ,-1 ,-2
0.2975992 ,Left ,-2 ,0  ,+8 ,+16 ,+2 ,-1 ,0  ,0 
0.2976021 ,Left ,+1 ,-2 ,-5 ,-10 ,-2 ,-2 ,+1 ,+1
0.3186817 ,Left ,-3 ,-5 ,-6 ,-9 ,-2 ,-3 ,-2 ,-2
0.3186844 ,Left ,0  ,+3 ,+10 ,+22 ,+7 ,-1 ,0  ,-1
0.320123 ,Left ,-1 ,+1 ,+4 ,-6 ,-6 ,-2 ,-1 ,-1
0.3201262 ,Left ,-1 ,-1 ,-3 ,+24 ,+5 ,-1 ,0  ,-1
0.3323653 ,Left ,0  ,-1 ,-5 ,-20 ,-5 ,0  ,-2 ,-1
0.3323682 ,Left ,0  ,0  ,+4 ,+29 ,+3 ,0  ,0  ,0 
0.3409804 ,Left ,-1 ,-2 ,-2 ,-5 ,+3 ,+3 ,-6 ,+2
0.3410156 ,Left ,0  ,-1 ,+1 ,+6 ,-5 ,-3 ,+8 ,0 
0.3560478 ,Left ,-1 ,-3 ,-1 ,+6 ,0  ,-1 ,-2 ,-2
0.3560508 ,Left ,0  ,+2 ,-4 ,-7 ,0  ,0  ,+1 ,-1
0.3576731 ,Left ,+1 ,+1 ,-7 ,-8 ,0  ,+1 ,-1 ,0 
0.3576793 ,Left ,-1 ,0  ,+2 ,-2 ,-2 ,+1 ,-1 ,0 
0.3786936 ,Left ,-4 ,-3 ,+5 ,-3 ,-2 ,-1 ,-1 ,-1
0.3786977 ,Left ,+1 ,-2 ,0  ,-5 ,0  ,-1 ,+1 ,-1
0.3800626 ,Left ,-1 ,-4 ,-4 ,-5 ,-3 ,-4 ,0  ,-2
0.380065 ,Left ,0  ,-2 ,-2 ,-3 ,-1 ,0  ,-4 ,-1
0.3920808 ,Left ,-1 ,-1 ,-7 ,-8 ,-6 ,-1 ,0  ,-1
0.3920836 ,Left ,-3 ,-1 ,0  ,+1 ,+1 ,-2 ,-3 ,0 
0.4011473 ,Left ,0  ,-2 ,+9 ,+17 ,0  ,-4 ,+2 ,-1
0.40115 ,Left ,+1 ,+2 ,-19 ,-46 ,-6 ,+1 ,-2 ,-1
0.4161301 ,Left ,-3 ,-4 ,-3 ,+6 ,-2 ,-1 ,-2 ,-3
0.416133 ,Left ,-1 ,+3 ,+3 ,+12 ,+2 ,0  ,-1 ,0 
0.4176002 ,Left ,-1 ,-2 ,-2 ,-7 ,-1 ,-2 ,0  ,-1
0.4176033 ,Left ,0  ,+2 ,+5 ,+5 ,-1 ,-2 ,-2 ,0 
0.4386804 ,Left ,+1 ,-2 ,0  ,-9 ,-1 ,-1 ,+1 ,-1
0.4386835 ,Left ,-1 ,-1 ,-1 ,0  ,0  ,-2 ,0  ,-1
0.4400837 ,Left ,-1 ,-1 ,-2 ,+4 ,-1 ,-3 ,-1 ,-1
0.4400868 ,Left ,-2 ,-4 ,+9 ,-5 ,-2 ,-3 ,-4 ,0 
0.4521169 ,Left ,0  ,0  ,-11 ,-6 ,-1 ,0  ,0  ,0 
0.4521197 ,Left ,-1 ,0  ,+2 ,+19 ,+1 ,-1 ,-2 ,-2
0.4610967 ,Left ,-1 ,-1 ,0  ,+7 ,+1 ,0  ,-1 ,0 
0.4611002 ,Left ,+4 ,+3 ,-3 ,+2 ,0  ,0  ,0  ,+2
0.4760735 ,Left ,-2 ,0  ,+6 ,-6 ,0  ,-2 ,0  ,0 
0.4760775 ,Left ,0  ,-2 ,-7 ,-3 ,0  ,-1 ,-2 ,0 
0.477594 ,Left ,0  ,+2 ,+6 ,+6 ,-1 ,-1 ,-1 ,+2
0.477598 ,Left ,-4 ,-6 ,-15 ,-29 ,0  ,+2 ,-1 ,-2
0.4976369 ,Left ,-3 ,-5 ,-2 ,+13 ,0  ,-2 ,-1 ,-2
0.4976403 ,Left ,+2 ,+9 ,+11 ,+16 ,+1 ,0  ,-1 ,0 
0.5062626 ,Left ,-1 ,-1 ,-6 ,-17 ,-3 ,0  ,-1 ,-1
0.506266 ,Left ,-1 ,0  ,+11 ,+42 ,0  ,-1 ,-1 ,-1
0.5124115 ,Left ,-2 ,+2 ,-5 ,-51 ,-6 ,-2 ,-4 ,-2
0.5124151 ,Left ,-1 ,-16 ,-14 ,-27 ,-2 ,0  ,-1 ,-2
0.5211665 ,Left ,0  ,+12 ,+8 ,+21 ,0  ,0  ,0  ,-1
0.5211699 ,Left ,0  ,0  ,0  ,+2 ,0  ,-1 ,-1 ,-1
0.5360707 ,Left ,-3 ,-5 ,+4 ,+13 ,+1 ,0  ,0  ,-2
0.5360739 ,Left ,-7 ,-5 ,-6 ,-5 ,-1 ,-2 ,-2 ,-2
0.5376776 ,Left ,+5 ,+2 ,0  ,-10 ,0  ,0  ,+1 ,+3
0.5376807 ,Left ,-1 ,-4 ,-2 ,+7 ,-1 ,-1 ,+1 ,0 
0.5584793 ,Left ,+1 ,+8 ,-12 ,-14 ,+1 ,+1 ,0  ,0 
0.5584822 ,Left ,-2 ,0  ,0  ,-31 ,-4 ,-3 ,-1 ,-3
0.5600113 ,Left ,-2 ,-4 ,+1 ,+19 ,0  ,0  ,-1 ,-1
0.5600138 ,Left ,-3 ,-3 ,+3 ,+4 ,0  ,-2 ,-2 ,-2
0.5721145 ,Left ,0  ,-1 ,-5 ,-3 ,-2 ,-1 ,-1 ,-1
0.5721168 ,Left ,+4 ,+4 ,+7 ,0  ,-3 ,-1 ,-1 ,+3
0.5811976 ,Left ,-3 ,-8 ,-15 ,-28 ,-3 ,-2 ,-1 ,-2
0.5812003 ,Left ,+3 ,+6 ,+7 ,+21 ,0  ,-2 ,-3 ,0 
0.5957897 ,Left ,-7 ,-12 ,-7 ,-53 ,-9 ,0  ,-1 ,-1
0.5957925 ,Left ,-3 ,-2 ,0  ,+46 ,+2 ,-2 ,-3 ,-2
0.6018511 ,Left ,-1 ,0  ,-4 ,-8 ,-4 ,-2 ,-3 ,-4
0.6018777 ,Left ,+4 ,+3 ,-6 ,-20 ,-7 ,-2 ,-1 ,+1
0.6190796 ,Left ,0  ,+7 ,+11 ,+23 ,+2 ,+1 ,0  ,+1
0.6190824 ,Left ,-2 ,0  ,-2 ,-8 ,-2 ,+1 ,0  ,0 
0.6206208 ,Left ,-3 ,-16 ,-13 ,-8 ,+1 ,0  ,0  ,-1
0.6206244 ,Left ,-3 ,+7 ,-1 ,-6 ,+1 ,0  ,-1 ,-2
0.6321811 ,Left ,+4 ,-11 ,+4 ,+14 ,-1 ,-2 ,-1 ,+1
0.632184 ,Left ,-2 ,+11 ,+2 ,-4 ,-1 ,+1 ,0  ,+1
0.6411338 ,Left ,-1 ,-7 ,+1 ,+5 ,-1 ,0  ,0  ,-2
0.6411362 ,Left ,-3 ,+1 ,+1 ,-20 ,+2 ,0  ,-1 ,-2
0.6559834 ,Left ,-2 ,+5 ,+2 ,+30 ,+2 ,-2 ,0  ,-2
0.6559858 ,Left ,+4 ,-5 ,+7 ,+39 ,+3 ,0  ,-1 ,-1
0.6576954 ,Left ,-4 ,+2 ,-17 ,-71 ,-8 ,-3 ,-2 ,-1
0.6576984 ,Left ,-3 ,-2 ,+7 ,+50 ,+4 ,0  ,-1 ,-1
0.6784081 ,Left ,+1 ,+2 ,+1 ,-1 ,+4 ,0  ,0  ,-1
0.6784302 ,Left ,-2 ,+2 ,-8 ,-1 ,-4 ,-2 ,-1 ,-3
0.6800697 ,Left ,-4 ,-1 ,+5 ,+23 ,+3 ,-1 ,-2 ,-2
0.6801621 ,Left ,-2 ,-7 ,-4 ,+4 ,-3 ,-2 ,-3 ,-3
0.69226 ,Left ,+5 ,-1 ,+5 ,-20 ,-3 ,0  ,0  ,0 
0.6922708 ,Left ,-5 ,+4 ,-15 ,-18 ,+3 ,0  ,+1 ,-3
0.7010486 ,Left ,-7 ,-1 ,+8 ,+26 ,+2 ,+1 ,+2 ,0 
0.7010515 ,Left ,+5 ,-3 ,-1 ,-5 ,-4 ,-3 ,-1 ,+4
0.7159884 ,Left ,-2 ,0  ,+4 ,+26 ,+4 ,+1 ,-4 ,-4
0.7159912 ,Left ,-3 ,-2 ,-5 ,-25 ,-3 ,-1 ,-1 ,-4
0.7175198 ,Left ,-2 ,-1 ,-2 ,+7 ,+1 ,0  ,+1 ,-1
0.7175224 ,Left ,-8 ,-5 ,-2 ,-8 ,+3 ,0  ,0  ,-7
0.7386944 ,Left ,+5 ,0  ,-11 ,-11 ,-3 ,-2 ,-1 ,+8
0.7386977 ,Left ,0  ,-2 ,+8 ,-6 ,0  ,0  ,-7 ,+10
0.7401636 ,Left ,+5 ,-4 ,+3 ,+2 ,-2 ,-2 ,+13 ,-2
0.7401667 ,Left ,+1 ,+9 ,-10 ,-17 ,-3 ,-2 ,-1 ,-2
0.7523682 ,Left ,0  ,+2 ,+10 ,+28 ,+5 ,+2 ,-1 ,+1
0.7523713 ,Left ,-7 ,-3 ,-4 ,-15 ,0  ,+1 ,0  ,-6
0.7610741 ,Left ,+3 ,-1 ,-9 ,-13 ,-7 ,-5 ,-5 ,+4
0.7611026 ,Left ,-2 ,-13 ,+9 ,+11 ,+2 ,0  ,+1 ,+11
0.7760205 ,Left ,-6 ,+8 ,-9 ,-25 ,-3 ,0  ,+2 ,-3
0.7760234 ,Left ,+9 ,-8 ,-3 ,+6 ,-1 ,+1 ,0  ,+9
0.7776374 ,Left ,-9 ,+8 ,+9 ,+6 ,+2 ,0  ,-5 ,-12
0.7776405 ,Left ,+2 ,0  ,+1 ,-2 ,-2 ,-2 ,-3 ,-6
0.7987249 ,Left ,-3 ,-4 ,-1 ,+23 ,+2 ,+5 ,-3 ,+3
0.7987281 ,Left ,-3 ,-3 ,-1 ,-16 ,-1 ,-2 ,+5 ,+5
0.8001298 ,Left ,-5 ,+2 ,-2 ,-17 ,-6 ,-2 ,-1 ,-16
0.8001333 ,Left ,-14 ,-5 ,-4 ,+5 ,-6 ,+3 ,-1 ,+6
0.8120139 ,Left ,+15 ,-4 ,-5 ,-16 ,-3 ,-21 ,-1 ,0 
0.8120171 ,Left ,+1 ,+2 ,-12 ,-21 ,-4 ,-3 ,-4 ,-1
0.8211556 ,Left ,+7 ,0  ,+5 ,-8 ,+1 ,+5 ,-4 ,-6
0.821159 ,Left ,-10 ,+5 ,+8 ,+20 ,+8 ,+5 ,+5 ,0 
0.8358731 ,Left ,-2 ,-4 ,-5 ,-33 ,-2 ,+16 ,+2 ,+5
0.8360369 ,Left ,0  ,-4 ,-9 ,+13 ,-3 ,-24 ,-6 ,+7
0.8424759 ,Left ,-3 ,+3 ,+7 ,+17 ,-2 ,-6 ,-4 ,+4
0.8426542 ,Left ,-3 ,-3 ,-10 ,-48 ,-3 ,-6 ,-2 ,-5
0.8585839 ,Left ,+2 ,-6 ,-6 ,-12 ,-10 ,0  ,+3 ,-2
0.8585886 ,Left ,-3 ,+7 ,+17 ,+45 ,+10 ,+8 ,-2 ,-13
0.8601935 ,Left ,-20 ,-20 ,-20 ,-79 ,-7 ,-12 ,-4 ,+13
0.8601981 ,Left ,+15 ,+25 ,0  ,-4 ,-5 ,-4 ,-5 ,-12
0.8722903 ,Left ,+30 ,-8 ,-1 ,+17 ,+4 ,0  ,-2 ,-5
0.872294 ,Left ,-6 ,+5 ,+2 ,-43 ,-2 ,+10 ,+3 ,-3
0.8812116 ,Left ,+1 ,-9 ,+3 ,+67 ,+8 ,+11 ,0  ,+3
0.8812148 ,Left ,+3 ,+1 ,+7 ,-30 ,-6 ,-13 ,+3 ,+34
0.8964796 ,Left ,-22 ,-4 ,-1 ,+41 ,-4 ,-10 ,-14 ,-56
0.8964823 ,Left ,+2 ,0  ,-10 ,-11 ,-1 ,+7 ,+6 ,+48
0.8980352 ,Left ,-3 ,+4 ,+5 ,+24 ,+4 ,+4 ,-3 ,-47
0.8980379 ,Left ,+3 ,-8 ,-8 ,-28 ,-5 ,+2 ,+2 ,+32
0.9186854 ,Left ,-4 ,+1 ,+9 ,+37 ,-4 ,-5 ,0  ,+1
0.9186882 ,Left ,+4 ,-8 ,-16 ,-26 ,-2 ,+1 ,-1 ,-12
0.9201667 ,Left ,+2 ,+6 ,+6 ,+47 ,+10 ,+3 ,+3 ,+13
0.9201695 ,Left ,-2 ,-11 ,-8 ,-22 ,-6 ,-4 ,-7 ,-24
0.9320477 ,Left ,-4 ,+4 ,+1 ,-30 ,+1 ,0  ,0  ,+9
0.9321449 ,Left ,-7 ,-4 ,+9 ,+22 ,-2 ,-1 ,0  ,-20
0.9409844 ,Left ,+7 ,-1 ,-11 ,-17 ,-2 ,-1 ,-2 ,+16
0.9410768 ,Left ,-4 ,-3 ,-4 ,-5 ,+1 ,+4 ,-1 ,-16
0.9554502 ,Left ,-3 ,-2 ,-2 ,+47 ,+8 ,-1 ,-4 ,-2
0.9554529 ,Left ,-3 ,+1 ,0  ,-2 ,-5 ,-2 ,+4 ,+5
0.9620707 ,Left ,-1 ,-5 ,-3 ,-36 ,-4 ,+7 ,-2 ,-8
0.9620733 ,Left ,-3 ,+1 ,+5 ,+56 ,+3 ,-4 ,-1 ,-12
0.97868 ,Left ,-19 ,+1 ,+1 ,-6 ,-2 ,-19 ,-5 ,-18
0.9786828 ,Left ,-5 ,-2 ,+6 ,+8 ,-8 ,-5 ,-4 ,-9
0.9800948 ,Left ,+22 ,+2 ,-8 ,-19 ,+3 ,+4 ,+4 ,+19
0.980107 ,Left ,-7 ,0  ,+2 ,+18 ,+7 ,+26 ,0  ,+14
0.9923707 ,Left ,+5 ,+8 ,+10 ,+7 ,-1 ,-17 ,+6 ,+18
0.9923734 ,Left ,-2 ,-9 ,-9 ,-35 ,-11 ,-22 ,-2 ,-6
1.0012056 ,Left ,-14 ,-4 ,-1 ,+6 ,-4 ,+1 ,-4 ,-12
1.0012084 ,Left ,+15 ,-3 ,-9 ,+1 ,0  ,+11 ,-3 ,-13
1.0159554 ,Left ,-4 ,+5 ,+2 ,-16 ,+1 ,+6 ,-1 ,+12
1.015958 ,Left ,+3 ,-3 ,+11 ,+38 ,+1 ,-2 ,-3 ,-10
1.0174694 ,Left ,-7 ,-2 ,-2 ,-7 ,-4 ,-7 ,-3 ,+1
1.0175605 ,Left ,0  ,-10 ,-10 ,+1 ,-3 ,0  ,-1 ,-3
1.0387318 ,Left ,-4 ,0  ,+2 ,+32 ,+7 ,+10 ,+1 ,+5
1.0387345 ,Left ,+4 ,+6 ,+6 ,0  ,-3 ,-4 ,-2 ,-4
1.0402201 ,Left ,0  ,+3 ,-4 ,-4 ,-1 ,-6 ,-1 ,+1
1.0402228 ,Left ,-9 ,-29 ,-9 ,+3 ,-5 ,-1 ,-2 ,-4
1.0616549 ,Left ,-8 ,+3 ,-6 ,-10 ,+5 ,+9 ,0  ,0 
1.061665 ,Left ,+5 ,+19 ,+15 ,-11 ,-2 ,+1 ,0  ,-17
1.0631412 ,Left ,+24 ,+10 ,-2 ,+18 ,0  ,-7 ,+1 ,+21
1.0631442 ,Left ,-14 ,-1 ,-3 ,-61 ,-12 ,-11 ,-2 ,-7
1.0755531 ,Left ,-11 ,-21 ,-12 ,-33 ,-11 ,-1 ,-2 ,+3
1.075556 ,Left ,-9 ,-17 ,-13 ,+4 ,+3 ,+18 ,-1 ,-4
1.0821186 ,Left ,+8 ,+21 ,+3 ,-25 ,+2 ,+5 ,+1 ,+3
1.0821345 ,Left ,-2 ,+4 ,+19 ,+74 ,-2 ,-25 ,-1 ,-2
1.0990643 ,Left ,-1 ,-6 ,-7 ,-24 ,-4 ,+5 ,-3 ,0 
1.0991306 ,Left ,-7 ,-9 ,-2 ,-7 ,+4 ,-3 ,-2 ,+1
1.1007589 ,Left ,-4 ,-5 ,-4 ,-28 ,-3 ,+4 ,0  ,-4
1.1007612 ,Left ,+12 ,+10 ,-2 ,+1 ,+3 ,0  ,0  ,+6
1.1212859 ,Left ,0  ,+3 ,+2 ,-8 ,-5 ,-1 ,0  ,0 
1.1212891 ,Left ,+1 ,-4 ,-3 ,+11 ,+2 ,+1 ,-1 ,-2
1.122567 ,Left ,-8 ,-6 ,-1 ,+5 ,-4 ,-6 ,-2 ,-4
1.1225697 ,Left ,-1 ,+2 ,-1 ,-8 ,+2 ,0  ,0  ,-2
1.1355955 ,Left ,+4 ,+1 ,-5 ,-27 ,-7 ,-4 ,+1 ,-2
1.1355984 ,Left ,+4 ,+2 ,+7 ,+55 ,+8 ,+4 ,+1 ,0 
1.142322 ,Left ,-2 ,+1 ,+7 ,+15 ,+13 ,0  ,0  ,0 
1.1423249 ,Left ,-2 ,+3 ,-3 ,-22 ,-11 ,-5 ,-3 ,-4
1.1587378 ,Left ,+2 ,-3 ,-8 ,+8 ,-2 ,0  ,-1 ,0 
1.1587408 ,Left ,+4 ,+7 ,+7 ,+11 ,+13 ,+4 ,+2 ,+4
1.1601819 ,Left ,-9 ,-9 ,-10 ,-16 ,-20 ,-13 ,-4 ,-6
1.1601845 ,Left ,+2 ,+1 ,+1 ,+3 ,-7 ,+4 ,-7 ,-2
1.1811665 ,Left ,0  ,-1 ,-4 ,-3 ,-4 ,-5 ,+13 ,-1
1.1811693 ,Left ,+1 ,+2 ,+3 ,+1 ,+8 ,-1 ,-2 ,+1
1.1826173 ,Left ,-1 ,0  ,+7 ,+13 ,-4 ,0  ,-2 ,0 
1.1826206 ,Left ,-6 ,-8 ,-13 ,-30 ,+3 ,-4 ,+2 ,-4
1.1953664 ,Left ,0  ,0  ,-1 ,-2 ,-8 ,+13 ,-13 ,-3
1.1953691 ,Left ,-3 ,-1 ,-4 ,-14 ,-4 ,-5 ,+1 ,+1
1.2023339 ,Left ,+1 ,0  ,+6 ,+29 ,+16 ,+4 ,+4 ,+2
1.2023372 ,Left ,-3 ,-5 ,-10 ,-19 ,-34 ,-5 ,-6 ,-3
1.2183563 ,Left ,0  ,-1 ,+3 ,-2 ,+3 ,+1 ,+2 ,0 
1.2183591 ,Left ,+1 ,-5 ,-7 ,-5 ,-2 ,0  ,-1 ,-1
1.2246166 ,Left ,-4 ,-2 ,-2 ,+5 ,-3 ,-3 ,-5 ,-1
1.2246194 ,Left ,+2 ,+4 ,+11 ,+14 ,+15 ,+5 ,+2 ,-2
1.2412082 ,Left ,+2 ,+6 ,-5 ,+8 ,+1 ,-5 ,-1 ,+1
1.2412118 ,Left ,-1 ,-3 ,-2 ,-29 ,-6 ,-1 ,-2 ,0 
1.2427599 ,Left ,-2 ,0  ,0  ,0  ,-4 ,-4 ,0  ,-4
1.2427632 ,Left ,-4 ,-5 ,-4 ,+9 ,-1 ,-2 ,0  ,0 
1.2545962 ,Left ,+1 ,+1 ,+8 ,-4 ,+1 ,0  ,-2 ,-2
1.2545987 ,Left ,+1 ,+3 ,-2 ,0  ,-2 ,-2 ,-2 ,0 
1.2637138 ,Left ,-6 ,-10 ,-4 ,+10 ,-1 ,+1 ,+1 ,-1
1.263717 ,Left ,+1 ,+5 ,-5 ,-5 ,+15 ,-1 ,+1 ,-1
1.2786741 ,Left ,0  ,-4 ,-18 ,+2 ,-9 ,-5 ,-5 ,+1
1.2786772 ,Left ,+1 ,+9 ,+26 ,-21 ,-20 ,0  ,0  ,+1
1.2801456 ,Left ,-6 ,-5 ,-3 ,+20 ,+34 ,-2 ,-3 ,-4
1.2801488 ,Left ,+2 ,0  ,+7 ,+33 ,+5 ,+2 ,0  ,+1
1.301016 ,Left ,-3 ,-4 ,-10 ,-2 ,+3 ,-1 ,+1 ,-1
1.3010192 ,Left ,-2 ,-11 ,-5 ,-24 ,-7 ,-5 ,-2 ,0 
1.3026096 ,Left ,0  ,+7 ,+3 ,-6 ,-21 ,0  ,-1 ,+1
1.3026125 ,Left ,0  ,-2 ,-2 ,-1 ,+6 ,-2 ,-2 ,-2
1.314753 ,Left ,0  ,+1 ,+6 ,-9 ,+5 ,0  ,-1 ,-1
1.3147564 ,Left ,-1 ,-5 ,-7 ,+6 ,0  ,-1 ,-1 ,-3
1.323697 ,Left ,0  ,+1 ,+1 ,-15 ,-5 ,-1 ,-1 ,0 
1.3236999 ,Left ,-1 ,0  ,-4 ,-4 ,+2 ,-1 ,-1 ,-2
1.3386785 ,Left ,0  ,-1 ,+7 ,+1 ,-1 ,0  ,-1 ,+1
1.338693 ,Left ,-1 ,-1 ,-10 ,+6 ,-3 ,-4 ,-2 ,-1
1.3400778 ,Left ,-1 ,+1 ,-2 ,-12 ,-1 ,0  ,+1 ,-1
1.3400808 ,Left ,-1 ,+1 ,-1 ,-14 ,-5 ,-1 ,+1 ,-2
1.3611137 ,Left ,-2 ,-1 ,0  ,-5 ,-3 ,-3 ,+1 ,0 
1.3611168 ,Left ,+2 ,0  ,0  ,+32 ,+5 ,+1 ,-1 ,-1
1.3626909 ,Left ,0  ,-4 ,-8 ,-43 ,-7 ,-2 ,-1 ,-1
1.362694 ,Left ,-6 ,-6 ,+3 ,-8 ,-2 ,+3 ,+2 ,-2
1.3746062 ,Left ,-2 ,-3 ,-4 ,+25 ,+3 ,-4 ,-2 ,-4
1.3746092 ,Left ,-1 ,+1 ,-7 ,-7 ,+6 ,+1 ,0  ,+1
1.3835742 ,Left ,-1 ,+7 ,+23 ,+11 ,-6 ,-2 ,0  ,-1
1.3835778 ,Left ,+1 ,-4 ,-7 ,-2 ,+2 ,+1 ,+1 ,-2
1.3984645 ,Left ,-3 ,-4 ,-1 ,-41 ,0  ,+1 ,-1 ,+1
1.3984675 ,Left ,-3 ,-8 ,-9 ,+17 ,-3 ,-1 ,-2 ,-2
1.400054 ,Left ,+3 ,-2 ,-9 ,-6 ,-4 ,-3 ,-1 ,+3
1.4000567 ,Left ,-1 ,+1 ,0  ,+1 ,-13 ,-2 ,+1 ,+1
1.4212737 ,Left ,+2 ,+6 ,+11 ,-12 ,+5 ,+3 ,+2 ,+1
1.4212772 ,Left ,+1 ,-7 ,-10 ,+8 ,+9 ,-4 ,-3 ,-3
1.4226563 ,Left ,-2 ,0  ,-5 ,+8 ,+3 ,+1 ,-1 ,-3
1.4226599 ,Left ,0  ,+2 ,+2 ,-7 ,+1 ,0  ,+1 ,+3
1.4345452 ,Left ,-2 ,-7 ,-2 ,+20 ,-4 ,-1 ,-4 ,-2
1.4345485 ,Left ,-3 ,+3 ,+1 ,-17 ,-5 ,0  ,-2 ,-1
1.4436812 ,Left ,+1 ,-1 ,-2 ,-2 ,-5 ,-1 ,-1 ,+2
1.4436846 ,Left ,-1 ,0  ,+2 ,+13 ,+9 ,+1 ,0  ,-2
1.458585 ,Left ,-2 ,0  ,-3 ,-7 ,-5 ,-2 ,-1 ,-2
1.4585883 ,Left ,0  ,0  ,+1 ,+8 ,+1 ,-1 ,0  ,-4
1.460062 ,Left ,-3 ,-6 ,-6 ,-14 ,-3 ,-4 ,0  ,-4
1.4600651 ,Left ,-1 ,+1 ,0  ,+13 ,+2 ,-2 ,-3 ,0 
1.4812699 ,Left ,-1 ,-2 ,+1 ,+2 ,-1 ,+1 ,+1 ,+3
1.4812731 ,Left ,-1 ,-2 ,-3 ,-4 ,-10 ,-3 ,-2 ,-3
1.4826397 ,Left ,0  ,-4 ,-1 ,+9 ,+2 ,-1 ,+1 ,+2
1.4826428 ,Left ,-1 ,-3 ,0  ,-7 ,-1 ,-3 ,-5 ,-4
1.4953491 ,Left ,+2 ,+1 ,0  ,-14 ,-4 ,0  ,-1 ,-1
1.4953518 ,Left ,-1 ,0  ,-3 ,-14 ,+3 ,+1 ,0  ,+1
1.5021565 ,Left ,-2 ,-1 ,-1 ,+15 ,+1 ,-2 ,-1 ,-1
1.5021593 ,Left ,-3 ,-4 ,-3 ,-12 ,-11 ,-2 ,-2 ,-3
1.5185349 ,Left ,+1 ,+1 ,-4 ,+4 ,+4 ,-3 ,-1 ,0 
1.5185377 ,Left ,-1 ,-2 ,+3 ,+16 ,-12 ,0  ,-1 ,-2
1.5200574 ,Left ,0  ,-4 ,-14 ,-39 ,+9 ,+2 ,+1 ,-1
1.5200601 ,Left ,-2 ,-2 ,+9 ,+66 ,+12 ,-3 ,-2 ,-3
1.5402625 ,Left ,-2 ,-4 ,-3 ,+9 ,-5 ,-4 ,-2 ,-3
1.5402652 ,Left ,0  ,+1 ,+3 ,-7 ,-5 ,-3 ,-1 ,+1
1.5409447 ,Left ,-1 ,-3 ,-7 ,-18 ,-8 ,+3 ,0  ,0 
1.5409475 ,Left ,0  ,+1 ,+1 ,-23 ,+5 ,+5 ,+2 ,0 
1.5546694 ,Left ,-3 ,-5 ,-4 ,-5 ,0  ,-1 ,+1 ,-1
1.5546724 ,Left ,-2 ,+3 ,+6 ,+7 ,+3 ,-4 ,-1 ,+1
1.5628911 ,Left ,-1 ,-3 ,0  ,+6 ,-9 ,-4 ,-3 ,-1
1.5628938 ,Left ,+2 ,+4 ,-5 ,-33 ,+16 ,+2 ,0  ,+1
1.5778231 ,Left ,-3 ,-3 ,0  ,+41 ,-3 ,0  ,-2 ,-3
1.577826 ,Left ,+1 ,0  ,-5 ,-40 ,+8 ,+3 ,+2 ,0 
1.5786763 ,Left ,-1 ,0  ,+5 ,+4 ,-1 ,+1 ,-1 ,0 
1.5786794 ,Left ,-2 ,-2 ,0  ,+10 ,0  ,-21 ,-4 ,-2
1.6005822 ,Left ,0  ,0  ,0  ,-4 ,0  ,0  ,0  ,0 
1.6005855 ,Left ,-2 ,-3 ,-1 ,+1 ,+8 ,0  ,-1 ,-3
1.6011499 ,Left ,-2 ,-1 ,-4 ,+17 ,-5 ,0  ,+1 ,0 
1.6011534 ,Left ,-2 ,-2 ,-5 ,-19 ,+26 ,+4 ,0  ,+2
1.6231088 ,Left ,0  ,-1 ,+6 ,+32 ,-14 ,-4 ,-2 ,+1
1.6231122 ,Left ,-1 ,-8 ,-8 ,-13 ,-9 ,-3 ,-2 ,-2
1.6237421 ,Left ,+2 ,+4 ,+3 ,+5 ,+1 ,-2 ,-1 ,-3
1.6237455 ,Left ,+1 ,-5 ,-8 ,-16 ,-8 ,0  ,-1 ,-1
1.6377869 ,Left ,+1 ,+3 ,+3 ,+8 ,-6 ,+1 ,0  ,+1
1.63779 ,Left ,-3 ,-4 ,+3 ,+47 ,+35 ,+2 ,0  ,-1
1.6385442 ,Left ,-2 ,-3 ,-7 ,-12 ,-9 ,-3 ,-2 ,-2
1.6385473 ,Left ,-3 ,-2 ,+1 ,+18 ,-14 ,0  ,-1 ,-4
1.6603422 ,Left ,-2 ,0  ,-5 ,-50 ,-3 ,-2 ,-4 ,0 
1.6603458 ,Left ,-2 ,0  ,-2 ,-8 ,-18 ,0  ,+1 ,0 
1.6611419 ,Left ,-2 ,-4 ,-2 ,+8 ,+34 ,-2 ,-1 ,-3
1.6611449 ,Left ,+2 ,+4 ,+1 ,+1 ,-5 ,+3 ,0  ,0 
1.6837457 ,Left ,-2 ,-3 ,-8 ,-25 ,+4 ,-2 ,-2 ,-2
1.6837492 ,Left ,+1 ,-2 ,+6 ,+29 ,-15 ,-4 ,-1 ,-1
1.6845287 ,Left ,0  ,+3 ,+3 ,+2 ,+20 ,+3 ,+2 ,0 
1.6845323 ,Left ,0  ,-4 ,-5 ,-13 ,-29 ,0  ,0  ,-1
1.6976873 ,Left ,0  ,0  ,+1 ,-11 ,+2 ,-1 ,-2 ,-2
1.6976956 ,Left ,-1 ,-1 ,-7 ,-2 ,-3 ,0  ,-3 ,0 
1.6985183 ,Left ,-3 ,-1 ,+1 ,0  ,-9 ,-2 ,-2 ,-1
1.6985212 ,Left ,-3 ,-4 ,+5 ,+46 ,0  ,0  ,-2 ,-1
1.720061 ,Left ,+4 ,+3 ,-1 ,-14 ,+2 ,-1 ,+2 ,+1
1.7200642 ,Left ,-4 ,0  ,0  ,-24 ,-1 ,-5 ,-5 ,-2
1.7280247 ,Left ,0  ,+1 ,+7 ,+25 ,-7 ,-1 ,-1 ,-1
1.728028 ,Left ,-1 ,+1 ,-9 ,-45 ,-6 ,0  ,0  ,+1
1.7437372 ,Left ,-4 ,-5 ,0  ,+29 ,-3 ,-3 ,0  ,0 
1.7437407 ,Left ,+2 ,+2 ,-2 ,-12 ,0  ,+4 ,+3 ,+2
1.7445244 ,Left ,-3 ,-4 ,0  ,-2 ,-9 ,-1 ,-3 ,-2
1.7445278 ,Left ,+2 ,+5 ,+10 ,+22 ,+5 ,+2 ,-1 ,+1
1.7577318 ,Left ,-4 ,-5 ,-9 ,-16 ,+2 ,-1 ,-2 ,-4
1.7577347 ,Left ,-2 ,+2 ,+5 ,+10 ,+2 ,+7 ,+1 ,0 
1.7586916 ,Left ,-3 ,-4 ,-3 ,+6 ,-4 ,-21 ,-6 ,-2
1.7586949 ,Left ,-3 ,-2 ,+3 ,+12 ,-1 ,+2 ,+1 ,-2
1.7803385 ,Left ,+1 ,+6 ,+5 ,+3 ,-3 ,+3 ,-2 ,+2
1.780341 ,Left ,0  ,-3 ,-7 ,-27 ,+10 ,0  ,-1 ,0 
1.7811139 ,Left ,-2 ,-1 ,-3 ,+12 ,-6 ,+3 ,0  ,-3
1.7811163 ,Left ,-3 ,-2 ,0  ,+41 ,+4 ,-2 ,-1 ,-1
1.8035681 ,Left ,+1 ,0  ,0  ,-1 ,+7 ,-2 ,-1 ,-1
1.8035707 ,Left ,-4 ,-2 ,+4 ,-11 ,-11 ,-1 ,-1 ,-3
1.8042503 ,Left ,+1 ,+1 ,-7 ,0  ,-13 ,+4 ,0  ,-2
1.8042527 ,Left ,-1 ,+3 ,-2 ,-11 ,+1 ,-2 ,-2 ,-1
1.8180899 ,Left ,-1 ,-5 ,-1 ,+13 ,+6 ,+4 ,+2 ,-1
1.8180931 ,Left ,+2 ,+1 ,+6 ,+2 ,-8 ,-4 ,-1 ,+1
1.8186191 ,Left ,+1 ,+2 ,+2 ,-5 ,-7 ,+1 ,0  ,+1
1.8186216 ,Left ,-2 ,-5 ,-9 ,-25 ,-4 ,-2 ,-3 ,-2
1.8403907 ,Left ,-6 ,-3 ,+16 ,+53 ,+5 ,-2 ,-2 ,-3
1.8403934 ,Left ,+1 ,+1 ,-13 ,-62 ,-8 ,-1 ,-2 ,-2
1.8411517 ,Left ,0  ,-1 ,+4 ,+4 ,+2 ,0  ,-1 ,0 
1.8411702 ,Left ,-1 ,-3 ,-24 ,-57 ,-7 ,+1 ,0  ,-1
1.8627313 ,Left ,0  ,0  ,+15 ,+5 ,+12 ,-1 ,-2 ,-2
1.8627339 ,Left ,-1 ,-3 ,+6 ,+39 ,-3 ,-4 ,0  ,-1
1.8634632 ,Left ,+1 ,+3 ,+2 ,-14 ,0  ,+2 ,-1 ,-1
1.8635479 ,Left ,-1 ,-2 ,-6 ,-12 ,-2 ,-1 ,+1 ,0 
1.8777163 ,Left ,-2 ,-1 ,+1 ,-13 ,-7 ,+2 ,+1 ,-1
1.877719 ,Left ,-5 ,-4 ,-10 ,0  ,+2 ,0  ,-1 ,-2
1.8785448 ,Left ,+2 ,+4 ,+19 ,+9 ,-4 ,+2 ,-1 ,0 
1.8785691 ,Left ,-3 ,-5 ,-24 ,-4 ,-2 ,-2 ,-2 ,-1
1.9005565 ,Left ,-1 ,0  ,-19 ,-42 ,-7 ,-1 ,-2 ,+1
1.9005593 ,Left ,-1 ,+1 ,+7 ,+7 ,-2 ,-1 ,-1 ,-2
1.9012879 ,Left ,-3 ,-5 ,-3 ,-10 ,-3 ,-4 ,-2 ,-1
1.9012908 ,Left ,0  ,+4 ,+24 ,+44 ,+5 ,0  ,-1 ,-1
1.9226828 ,Left ,-2 ,+1 ,-6 ,-9 ,-5 ,+5 ,0  ,0 
1.9227047 ,Left ,+1 ,+2 ,-12 ,-6 ,-4 ,-20 ,-4 ,0 
1.9234764 ,Left ,0  ,-3 ,+3 ,-4 ,+2 ,+3 ,+1 ,0 
1.9234973 ,Left ,-1 ,-2 ,-3 ,-18 ,-5 ,-3 ,+1 ,-1
1.9380456 ,Left ,-2 ,-3 ,-7 ,0  ,+2 ,+9 ,-5 ,-3
1.9380486 ,Left ,0  ,0  ,+4 ,-18 ,-2 ,+3 ,+1 ,-1
1.9387977 ,Left ,-2 ,-2 ,+1 ,+55 ,+2 ,-2 ,-2 ,-1
1.9388004 ,Left ,-1 ,+1 ,+1 ,-1 ,-1 ,+6 ,+1 ,-1
1.9603257 ,Left ,+4 ,-2 ,+1 ,+3 ,-1 ,+5 ,-2 ,0 
1.9603284 ,Left ,-2 ,-1 ,-4 ,-17 ,0  ,-4 ,+19 ,+1
1.9610327 ,Left ,-7 ,-4 ,-2 ,+26 ,-1 ,+27 ,-7 ,-5
1.9610541 ,Left ,+1 ,+1 ,0  ,-37 ,-3 ,-2 ,+3 ,+2
1.9831114 ,Left ,-2 ,0  ,+1 ,+31 ,+1 ,+1 ,-4 ,-3
1.9831141 ,Left ,-1 ,+2 ,+4 ,+5 ,-3 ,+6 ,-9 ,-10
1.9837438 ,Left ,+5 ,-5 ,-10 ,-23 ,-11 ,+6 ,+39 ,+18
1.9837545 ,Left ,-1 ,-5 ,+2 ,-14 ,+17 ,-8 ,-63 ,-19
1.9977088 ,Left ,0  ,+2 ,+3 ,+32 ,-22 ,+30 ,+8 ,-8
1.9977123 ,Left ,-4 ,0  ,-1 ,-6 ,-8 ,-40 ,+21 ,+8
2.0052803 ,Left ,-5 ,-2 ,-8 ,-24 ,+1 ,+53 ,-27 ,-6
2.0053846 ,Left ,-1 ,-1 ,+9 ,-1 ,-1 ,-24 ,-58 ,-32
2.0206419 ,Left ,+6 ,+3 ,+4 ,-13 ,+22 ,+8 ,+22 ,+22
2.0206447 ,Left ,-5 ,-1 ,+3 ,+24 ,0  ,-10 ,-24 ,-12
2.0211265 ,Left ,-12 ,-5 ,-13 ,-47 ,+12 ,+4 ,+34 ,-14
2.0211292 ,Left ,-2 ,+4 ,-4 ,0  ,-33 ,+7 ,-1 ,+15
2.0428021 ,Left ,+6 ,-4 ,+10 ,+50 ,+14 ,-13 ,-4 ,-9
2.0428048 ,Left ,0  ,+9 ,+3 ,+5 ,+4 ,+22 ,+6 ,+8
2.0435815 ,Left ,+1 ,+2 ,0  ,+2 ,-16 ,-43 ,0  ,+4
2.0435842 ,Left ,-6 ,-14 ,-1 ,-8 ,-8 ,+16 ,+27 ,-3
2.0577276 ,Left ,-2 ,+3 ,-10 ,-1 ,-14 ,-21 ,-11 ,-4
2.0577463 ,Left ,+8 ,+8 ,+32 ,+52 ,-7 ,+4 ,0  ,+12
2.0585439 ,Left ,0  ,-6 ,+1 ,+34 ,+3 ,-4 ,-16 ,-8
2.0585467 ,Left ,0  ,+4 ,+16 ,+33 ,+4 ,-10 ,+17 ,+4
2.0803529 ,Left ,-10 ,-14 ,-14 ,-15 ,+1 ,-3 ,-7 ,-3
2.0803553 ,Left ,0  ,-3 ,-39 ,-23 ,-4 ,+6 ,-6 ,-3
2.0810976 ,Left ,+3 ,-2 ,-12 ,-19 ,+11 ,-14 ,-15 ,-3
2.0811002 ,Left ,-2 ,0  ,+10 ,-12 ,-3 ,+7 ,+17 ,+7
2.103079 ,Left ,-4 ,-2 ,+3 ,-13 ,+2 ,-15 ,+3 ,+2
2.1030819 ,Left ,+1 ,-2 ,-9 ,-33 ,+4 ,+12 ,-5 ,-4
2.1038129 ,Left ,0  ,+2 ,+32 ,+52 ,-2 ,-15 ,-9 ,-2
2.1038156 ,Left ,+1 ,-10 ,-39 ,-35 ,-2 ,-4 ,+13 ,+9
2.1176955 ,Left ,+1 ,+8 ,+32 ,+7 ,-6 ,+2 ,-2 ,-4
2.1176981 ,Left ,-1 ,-8 ,-31 ,-17 ,-1 ,-4 ,-6 ,-3
2.1184912 ,Left ,0  ,+3 ,+9 ,-10 ,-2 ,-5 ,-4 ,+2
2.1184937 ,Left ,+3 ,+5 ,+18 ,+36 ,+3 ,-1 ,+11 ,+2
2.1402886 ,Left ,-1 ,+3 ,-4 ,-22 ,0  ,-7 ,-2 ,-2
2.1402918 ,Left ,-6 ,-9 ,-1 ,-24 ,-6 ,+4 ,0  ,-4
2.1410143 ,Left ,+2 ,0  ,-5 ,-11 ,+1 ,-7 ,+2 ,+2
2.1410802 ,Left ,-1 ,+2 ,-4 ,-16 ,+6 ,+2 ,+7 ,-1
2.1709468 ,Left ,0  ,-5 ,-10 ,+21 ,-7 ,+3 ,+1 ,-1
2.1710556 ,Left ,-1 ,-2 ,0  ,-31 ,+4 ,+2 ,-3 ,+1
2.1718459 ,Left ,-1 ,-2 ,-11 ,-22 ,-16 ,-1 ,-1 ,0 
2.1718485 ,Left ,+1 ,+3 ,+6 ,+29 ,+6 ,-5 ,+5 ,0 
2.1773179 ,Left ,-4 ,-4 ,-12 ,-28 ,-6 ,+1 ,-2 ,-2
2.1773205 ,Left ,-2 ,0  ,+12 ,+10 ,+2 ,+9 ,+2 ,-2
2.1855289 ,Left ,+1 ,+1 ,-2 ,-3 ,+4 ,-17 ,-5 ,-4
2.1855317 ,Left ,-2 ,-6 ,-8 ,-20 ,-8 ,+6 ,+5 ,0 
2.2003599 ,Left ,-3 ,0  ,+2 ,-19 ,+8 ,-5 ,0  ,-1
2.2003624 ,Left ,+1 ,-3 ,-4 ,+18 ,-9 ,-5 ,-2 ,-1
2.2012645 ,Left ,+1 ,0  ,-3 ,-18 ,-9 ,+1 ,-2 ,-1
2.2012673 ,Left ,+1 ,0  ,+1 ,+34 ,+15 ,+2 ,+1 ,0 
2.2230395 ,Left ,-3 ,-2 ,-13 ,-57 ,-22 ,-7 ,-8 ,-2
2.2230422 ,Left ,-2 ,-6 ,+6 ,+25 ,+7 ,+1 ,0  ,-2
2.2235996 ,Left ,+2 ,-1 ,-2 ,+2 ,+1 ,+3 ,-1 ,-1
2.2236024 ,Left ,0  ,+3 ,+3 ,-16 ,+2 ,-3 ,+3 ,+1
2.2370841 ,Left ,+2 ,+1 ,-6 ,-24 ,-2 ,-3 ,-4 ,0 
2.2370865 ,Left ,-5 ,-1 ,+8 ,+63 ,0  ,-1 ,-1 ,-3
2.2452117 ,Left ,-1 ,-1 ,-6 ,-17 ,-3 ,-1 ,-5 ,-3
2.2452333 ,Left ,+1 ,-1 ,-3 ,-9 ,-5 ,0  ,+1 ,+1
2.2606015 ,Left ,0  ,+2 ,+8 ,+55 ,+5 ,-3 ,+1 ,-3
2.2606044 ,Left ,0  ,-1 ,-2 ,-65 ,-9 ,-1 ,-6 ,-1
2.2610597 ,Left ,-1 ,-4 ,-5 ,+5 ,+3 ,-1 ,+1 ,+2
2.2610628 ,Left ,-1 ,+1 ,-5 ,+15 ,-3 ,-1 ,0  ,0 
2.2830548 ,Left ,-1 ,+2 ,+5 ,+13 ,+5 ,+2 ,+2 ,0 
2.2830588 ,Left ,0  ,-1 ,+10 ,-1 ,+1 ,-1 ,+2 ,+1
2.2837263 ,Left ,+1 ,+2 ,-2 ,+12 ,-2 ,-1 ,-2 ,-7
2.2837286 ,Left ,-4 ,-1 ,+2 ,0  ,+1 ,+15 ,+3 ,+11
2.2971463 ,Left ,+1 ,-3 ,-15 ,+4 ,-1 ,-31 ,-8 ,-1
2.2971503 ,Left ,+1 ,+2 ,+3 ,+1 ,0  ,+3 ,0  ,+1
2.3054238 ,Left ,-1 ,0  ,-5 ,-22 ,-1 ,+1 ,0  ,-4
2.3054267 ,Left ,-1 ,-3 ,+10 ,+45 ,+7 ,-1 ,+2 ,-2
2.3205917 ,Left ,-2 ,+1 ,0  ,-10 ,-4 ,+2 ,-7 ,-2
2.3205948 ,Left ,0  ,-3 ,-10 ,-6 ,-2 ,-2 ,-10 ,-5
2.321299 ,Left ,-1 ,-2 ,0  ,-6 ,+7 ,+6 ,+28 ,+7
2.321302 ,Left ,-12 ,0  ,+1 ,+12 ,-19 ,-3 ,-12 ,-10
2.3427336 ,Left ,+18 ,0  ,+1 ,-12 ,+6 ,-2 ,+62 ,-18
2.3427368 ,Left ,-7 ,-5 ,-3 ,+31 ,+34 ,0  ,-76 ,+15
2.3435257 ,Left ,+2 ,-2 ,-7 ,-37 ,-11 ,-1 ,+9 ,-4
2.3435283 ,Left ,+3 ,-1 ,-5 ,-28 ,-5 ,+19 ,+11 ,-7
2.3586372 ,Left ,-10 ,-5 ,-8 ,+2 ,+18 ,+1 ,-5 ,-3
2.3586401 ,Left ,-1 ,-1 ,-3 ,-12 ,-23 ,0  ,+27 ,-6
2.3594021 ,Left ,-2 ,-2 ,+6 ,+23 ,+1 ,-3 ,-15 ,+1
2.3594051 ,Left ,-2 ,-1 ,-3 ,+3 ,+7 ,-6 ,-10 ,+5
2.3805415 ,Left ,-1 ,+2 ,-2 ,-6 ,-15 ,0  ,-12 ,-2
2.3805444 ,Left ,+3 ,0  ,-2 ,0  ,-1 ,+7 ,+15 ,-4
2.3812574 ,Left ,-1 ,+1 ,-5 ,-51 ,+11 ,-5 ,-12 ,+4
2.3812605 ,Left ,-1 ,-5 ,+5 ,+77 ,-9 ,-8 ,+5 ,-9
2.4030952 ,Left ,-3 ,+4 ,+18 ,+51 ,-1 ,+3 ,-8 ,+7
2.4030981 ,Left ,+1 ,0  ,-1 ,-32 ,+1 ,-2 ,+10 ,+1
2.4038383 ,Left ,-3 ,-1 ,+19 ,-10 ,-11 ,-6 ,0  ,0 
2.4038412 ,Left ,-1 ,-4 ,-23 ,-66 ,+4 ,-10 ,-7 ,-3
2.4177096 ,Left ,+2 ,+2 ,+17 ,-14 ,-6 ,+5 ,-7 ,+5
2.4177121 ,Left ,-5 ,-11 ,-19 ,+13 ,-3 ,-5 ,+4 ,-4
2.4185073 ,Left ,+2 ,+2 ,-1 ,+6 ,+2 ,+2 ,-3 ,-3
2.4185098 ,Left ,+3 ,-3 ,-23 ,-52 ,+11 ,0  ,+3 ,+1
2.4401865 ,Left ,-5 ,-9 ,-16 ,-19 ,-6 ,0  ,-10 ,+4
2.4401896 ,Left ,+1 ,+7 ,+30 ,+4 ,-7 ,-4 ,+9 ,-6
2.4479739 ,Left ,-3 ,-3 ,-23 ,-2 ,-7 ,-5 ,-3 ,0 
2.4479768 ,Left ,+2 ,+5 ,+23 ,+39 ,-5 ,+10 ,-4 ,+3
2.4627814 ,Left ,-4 ,-5 ,-36 ,-31 ,+3 ,0  ,+8 ,0 
2.4627838 ,Left ,-5 ,+1 ,+15 ,+32 ,-2 ,-29 ,+2 ,-5
2.4636011 ,Left ,+6 ,+1 ,+12 ,+17 ,+8 ,+3 ,+1 ,+4
2.4636034 ,Left ,0  ,+1 ,-6 ,-31 ,-18 ,-11 ,+2 ,+3
2.477052 ,Left ,-1 ,+2 ,+10 ,+8 ,-3 ,+16 ,-2 ,-1
2.4770544 ,Left ,-2 ,-1 ,-8 ,-18 ,+6 ,+9 ,0  ,+2
2.4853357 ,Left ,-2 ,-7 ,-5 ,+33 ,-10 ,-12 ,-2 ,-9
2.4853384 ,Left ,0  ,+1 ,+5 ,-8 ,+3 ,-7 ,-7 ,+8
2.5003725 ,Left ,+1 ,-3 ,-5 ,-14 ,-12 ,-4 ,-8 ,-6
2.5003765 ,Left ,-2 ,+1 ,-1 ,-8 ,+1 ,-3 ,+13 ,+2
2.5010854 ,Left ,0  ,-3 ,-8 ,+2 ,-2 ,+4 ,-21 ,-3
2.5010891 ,Left ,-2 ,-4 ,+1 ,+6 ,+1 ,+7 ,+6 ,-5
2.5229434 ,Left ,-5 ,0  ,+3 ,+2 ,0  ,-8 ,-16 ,0 
2.5229463 ,Left ,-3 ,+1 ,-6 ,+9 ,+6 ,+7 ,0  ,-7
2.5235371 ,Left ,-2 ,-3 ,0  ,-3 ,+3 ,+25 ,+16 ,-9
2.5235395 ,Left ,+1 ,+4 ,+1 ,-13 ,+36 ,+4 ,+16 ,+2
2.5373282 ,Left ,-6 ,-8 ,-1 ,+16 ,-14 ,-33 ,-78 ,+2
2.537331 ,Left ,+8 ,+5 ,+4 ,-2 ,+6 ,+5 ,+18 ,0 
2.5454412 ,Left ,-6 ,-1 ,-1 ,+4 ,-4 ,0  ,-9 ,-4
2.5454446 ,Left ,+2 ,0  ,+4 ,-2 ,-3 ,+5 ,+4 ,+1
2.5605784 ,Left ,0  ,+3 ,+3 ,-16 ,+17 ,+11 ,+16 ,-2
2.5605816 ,Left ,0  ,-6 ,-5 ,+14 ,-11 ,-8 ,-4 ,-2
2.5613079 ,Left ,-5 ,-2 ,+4 ,+16 ,+5 ,-3 ,-4 ,+6
2.5613112 ,Left ,+1 ,+7 ,+5 ,+7 ,-10 ,-7 ,+1 ,-4
2.5827595 ,Left ,+2 ,0  ,+16 ,-39 ,-14 ,-5 ,+14 ,+1
2.5827623 ,Left ,+1 ,-1 ,-33 ,+15 ,-5 ,+4 ,-7 ,+3
2.5835636 ,Left ,-1 ,-7 ,-11 ,-16 ,-2 ,-7 ,+2 ,-1
2.583566 ,Left ,-1 ,+7 ,+64 ,+73 ,-1 ,-8 ,-10 ,-2
2.5972099 ,Left ,-4 ,-5 ,-54 ,-73 ,-16 ,+1 ,+10 ,-1
2.5972127 ,Left ,-3 ,-2 ,+26 ,-20 ,+10 ,+8 ,-4 ,+2
2.605523 ,Left ,-2 ,-6 ,-35 ,-19 ,+7 ,+7 ,+4 ,+1
2.6055259 ,Left ,-1 ,-7 ,+2 ,+27 ,-5 ,-1 ,-6 ,-4
2.620556 ,Left ,-1 ,+1 ,+21 ,+34 ,-1 ,+3 ,+4 ,+3
2.6205675 ,Left ,+1 ,+3 ,-5 ,-43 ,-12 ,+2 ,+5 ,+1
2.621303 ,Left ,0  ,+5 ,+20 ,-6 ,-49 ,-26 ,-53 ,-5
2.6213058 ,Left ,-5 ,-10 ,-38 ,-6 ,+74 ,+29 ,+74 ,+5
2.6431138 ,Left ,+1 ,+4 ,+17 ,-31 ,+14 ,+6 ,-4 ,-3
2.6431168 ,Left ,-3 ,-5 ,-10 ,+18 ,-7 ,-4 ,+22 ,+1
2.6435982 ,Left ,+2 ,+6 ,+21 ,+45 ,+5 ,-2 ,-10 ,0 
2.643601 ,Left ,+1 ,0  ,-11 ,-9 ,+28 ,-6 ,-50 ,-5
2.6570934 ,Left ,-2 ,-5 ,-10 ,+10 ,-75 ,-5 ,+2 ,-2
2.657097 ,Left ,+1 ,0  ,+1 ,+18 ,+10 ,+10 ,+8 ,+1
2.6652991 ,Left ,-7 ,-3 ,-6 ,-41 ,-14 ,-24 ,+13 ,+6
2.6653018 ,Left ,+4 ,-1 ,+4 ,+7 ,-21 ,-11 ,-1 ,+7
2.6803316 ,Left ,-2 ,-3 ,-8 ,+21 ,+25 ,+9 ,+16 ,-14
2.6803342 ,Left ,+1 ,-2 ,+2 ,-17 ,-19 ,+9 ,-32 ,+3
2.6811051 ,Left ,-3 ,+2 ,+4 ,+6 ,+1 ,+5 ,+37 ,-1
2.6811075 ,Left ,-4 ,-4 ,-17 ,-22 ,-32 ,-9 ,-37 ,-8
2.7109903 ,Left ,-5 ,-2 ,+2 ,+11 ,+28 ,+3 ,+19 ,-18
2.7109939 ,Left ,-1 ,-2 ,-5 ,-8 ,+11 ,-5 ,0  ,+4
2.71178 ,Left ,+6 ,+4 ,0  ,+29 ,+17 ,-8 ,-4 ,+4
2.7117835 ,Left ,-8 ,-2 ,-6 ,-21 ,-17 ,-15 ,-1 ,-7
2.7171079 ,Left ,-5 ,+3 ,+5 ,+15 ,+8 ,+1 ,0  ,+5
2.7171113 ,Left ,+7 ,-3 ,0  ,+6 ,-8 ,-9 ,-19 ,-6
2.7253633 ,Left ,-2 ,-1 ,-6 ,-11 ,+15 ,-16 ,+9 ,-3
2.7253668 ,Left ,0  ,+1 ,+10 ,+35 ,-16 ,+2 ,-9 ,+2
2.740474 ,Left ,0  ,-4 ,-5 ,-4 ,-11 ,+2 ,-1 ,+3
2.7404782 ,Left ,-5 ,-1 ,-4 ,-6 ,+6 ,-3 ,0  ,-3
2.7411978 ,Left ,+2 ,+1 ,-5 ,-15 ,-17 ,0  ,-7 ,+4
2.7412014 ,Left ,-4 ,-7 ,0  ,+66 ,-10 ,0  ,-4 ,-6
2.7712647 ,Left ,0  ,0  ,-1 ,-20 ,+25 ,+6 ,-5 ,+4
2.7712675 ,Left ,-3 ,-2 ,+11 ,+33 ,+31 ,-6 ,-2 ,-1
2.7719805 ,Left ,-1 ,-3 ,-16 ,-34 ,-19 ,+11 ,+6 ,-4
2.7719837 ,Left ,-1 ,-2 ,-2 ,-30 ,+3 ,-4 ,-4 ,-3
2.7771802 ,Left ,+1 ,+6 ,+20 ,+63 ,-4 ,0  ,+1 ,+4
2.7771827 ,Left ,-7 ,-13 ,-52 ,-14 ,+11 ,+4 ,-8 ,-5
2.7853024 ,Left ,-3 ,-2 ,+9 ,+6 ,+40 ,+14 ,0  ,0 
2.785305 ,Left ,+7 ,+8 ,0  ,-41 ,-41 ,-14 ,0  ,+2
2.8003357 ,Left ,+2 ,0  ,+12 ,+10 ,-8 ,-4 ,-3 ,+3
2.8003381 ,Left ,-2 ,+1 ,+7 ,-9 ,0  ,-5 ,+4 ,-4
2.8010661 ,Left ,-1 ,+3 ,+18 ,+38 ,+26 ,+7 ,+4 ,0 
2.8011103 ,Left ,-1 ,-4 ,-20 ,-35 ,+18 ,-1 ,+3 ,-1
2.8230555 ,Left ,+1 ,-2 ,0  ,-7 ,+7 ,-2 ,+3 ,+4
2.8230582 ,Left ,-3 ,+1 ,+11 ,+14 ,-18 ,-3 ,-4 ,0 
2.8236649 ,Left ,-1 ,-5 ,-22 ,-22 ,-20 ,+3 ,-2 ,-2
2.8236752 ,Left ,-1 ,0  ,+15 ,+9 ,+26 ,+6 ,-1 ,-1
2.8386394 ,Left ,0  ,0  ,-7 ,+26 ,-4 ,-5 ,-4 ,-1
2.8386613 ,Left ,-3 ,0  ,+4 ,+1 ,-4 ,-2 ,+4 ,0 
2.8453596 ,Left ,-2 ,-2 ,+5 ,+12 ,-5 ,0  ,-3 ,-2
2.8453623 ,Left ,-1 ,-2 ,-12 ,-32 ,-13 ,-3 ,+2 ,+1
2.8603242 ,Left ,-3 ,-2 ,-6 ,-23 ,0  ,-3 ,-2 ,-11
2.860327 ,Left ,+2 ,+2 ,+7 ,+36 ,-11 ,-4 ,+4 ,+14
2.8610207 ,Left ,0  ,+2 ,+7 ,+10 ,-1 ,0  ,-1 ,-3
2.8610233 ,Left ,0  ,0  ,-3 ,-3 ,-13 ,+6 ,+4 ,-1
2.8828025 ,Left ,-4 ,-3 ,-7 ,+4 ,+6 ,-16 ,-4 ,-2
2.8828049 ,Left ,+3 ,+4 ,+8 ,-3 ,-6 ,+1 ,-9 ,-1
2.8836375 ,Left ,+3 ,-2 ,-6 ,+3 ,-5 ,-8 ,+32 ,-8
2.8836399 ,Left ,-5 ,-5 ,-8 ,-2 ,0  ,-8 ,-16 ,-12
2.8971077 ,Left ,+1 ,-1 ,+2 ,+6 ,-1 ,0  ,-1 ,-7
2.8971099 ,Left ,0  ,+1 ,0  ,-15 ,-5 ,+7 ,+3 ,0 
2.9052647 ,Left ,-4 ,-2 ,0  ,+2 ,-1 ,-8 ,-7 ,+1
2.9052671 ,Left ,+10 ,+1 ,0  ,-12 ,-7 ,+9 ,+5 ,+6
2.9203 ,Left ,-7 ,-3 ,0  ,-1 ,+5 ,-1 ,+1 ,+2
2.9203028 ,Left ,-1 ,0  ,-3 ,-11 ,-6 ,-10 ,-5 ,-5
2.9210507 ,Left ,-1 ,-4 ,-4 ,+7 ,+2 ,+5 ,-8 ,0 
2.9210533 ,Left ,-4 ,+2 ,+4 ,-7 ,-4 ,-4 ,+3 ,-1
2.9428287 ,Left ,+3 ,-1 ,-9 ,-21 ,-4 ,+2 ,-8 ,+6
2.9428313 ,Left ,-2 ,+1 ,+3 ,-6 ,-4 ,-5 ,+2 ,-2
2.9435976 ,Left ,-3 ,-1 ,+3 ,0  ,-2 ,+5 ,-5 ,-1
2.9435999 ,Left ,-5 ,-11 ,-9 ,+11 ,0  ,-3 ,-1 ,-1
2.9662404 ,Left ,+6 ,+8 ,+9 ,-7 ,-3 ,-1 ,+4 ,+6
2.9662432 ,Left ,-2 ,-5 ,-5 ,+5 ,0  ,+4 ,+1 ,-4
2.9670338 ,Left ,-4 ,-2 ,-4 ,-21 ,-1 ,-1 ,-4 ,-2
2.9670373 ,Left ,-1 ,+3 ,+7 ,+7 ,+1 ,-3 ,-3 ,+1
2.9806547 ,Left ,-2 ,-10 ,-10 ,+16 ,+3 ,+3 ,+1 ,0 
2.9806575 ,Left ,0  ,+2 ,+7 ,-6 ,-5 ,-2 ,-1 ,-2
2.9811974 ,Left ,+1 ,0  ,-1 ,+8 ,+1 ,+2 ,-7 ,+3
2.9812003 ,Left ,-2 ,-3 ,0  ,-1 ,+2 ,+5 ,+2 ,+2
3.0032984 ,Left ,0  ,+1 ,+9 ,+2 ,-18 ,-11 ,-1 ,+2
3.0033149 ,Left ,0  ,-4 ,-24 ,-47 ,+9 ,+9 ,0  ,-5
3.0039306 ,Left ,+2 ,-1 ,-1 ,+8 ,+9 ,+3 ,+2 ,0 
3.0041485 ,Left ,0  ,+3 ,+3 ,-4 ,-8 ,-4 ,+4 ,+1
3.0262245 ,Left ,-1 ,-3 ,-2 ,-16 ,-1 ,+3 ,-7 ,-3
3.0262274 ,Left ,-2 ,+2 ,+8 ,+10 ,-6 ,+6 ,+2 ,-2
3.027 ,Left ,+4 ,+1 ,0  ,-5 ,-1 ,-1 ,-4 ,+6
3.0270027 ,Left ,0  ,0  ,-9 ,-9 ,+5 ,-4 ,-7 ,-2
3.0403212 ,Left ,-3 ,+1 ,+9 ,+38 ,-4 ,0  ,0  ,-1
3.0403238 ,Left ,+2 ,0  ,+9 ,+4 ,+1 ,-7 ,-5 ,+1
3.0409893 ,Left ,-1 ,-2 ,-12 ,-18 ,+4 ,+6 ,0  ,+2
3.0409922 ,Left ,+1 ,+1 ,-3 ,-26 ,-17 ,-5 ,0  ,-1
3.0630197 ,Left ,+2 ,0  ,-4 ,-4 ,+6 ,+6 ,+1 ,+3
3.063023 ,Left ,-4 ,0  ,+5 ,+23 ,-3 ,-22 ,-12 ,-3
3.0638058 ,Left ,+4 ,-1 ,+2 ,-28 ,-10 ,-11 ,+1 ,-11
3.063809 ,Left ,0  ,0  ,+1 ,-7 ,+3 ,+9 ,0  ,-5
3.0861016 ,Left ,-5 ,-3 ,-10 ,-3 ,-4 ,+2 ,-5 ,+5
3.0861051 ,Left ,+9 ,+3 ,+3 ,-1 ,-9 ,-3 ,+32 ,0 
3.0870112 ,Left ,-10 ,-1 ,+7 ,+47 ,+5 ,+23 ,-59 ,-5
3.0870145 ,Left ,0  ,-2 ,-2 ,-16 ,-8 ,+6 ,+30 ,+3
3.0998207 ,Left ,-1 ,-6 ,-8 ,-10 ,+34 ,+60 ,-28 ,-8
3.0998239 ,Left ,-6 ,-4 ,-8 ,-26 ,-31 ,-23 ,+11 ,+2
3.1154344 ,Left ,+1 ,0  ,-1 ,-21 ,-3 ,-5 ,+18 ,-2
3.1154379 ,Left ,-2 ,-3 ,+5 ,+35 ,+3 ,+1 ,-5 ,-6
3.1228216 ,Left ,0  ,0  ,-2 ,+32 ,-13 ,-4 ,+9 ,-1
3.122825 ,Left ,+1 ,0  ,-3 ,-19 ,+17 ,+8 ,+2 ,+5
3.123545 ,Left ,-5 ,0  ,-1 ,+35 ,-3 ,-5 ,+3 ,-4
3.1235477 ,Left ,-3 ,-5 ,+1 ,-18 ,-8 ,-19 ,-7 ,-2
3.1460474 ,Left ,-2 ,-3 ,-12 ,-51 ,+8 ,-15 ,+5 ,+1
3.1460505 ,Left ,0  ,-8 ,-7 ,+4 ,+14 ,+4 ,-12 ,-1
3.1467798 ,Left ,+2 ,+2 ,+45 ,+33 ,-12 ,-14 ,+1 ,+2
3.1467843 ,Left ,+2 ,+19 ,+16 ,+9 ,+2 ,+6 ,-6 ,+3
3.1595802 ,Left ,+2 ,+5 ,-7 ,-23 ,-15 ,-15 ,0  ,-3
3.1595835 ,Left ,-1 ,-8 ,-16 ,+28 ,+18 ,+10 ,-13 ,-3
3.1678147 ,Left ,-4 ,-4 ,+5 ,-40 ,-1 ,+2 ,+6 ,0 
3.1678174 ,Left ,-4 ,-14 ,-12 ,-17 ,-4 ,+1 ,0  ,-2
3.1830771 ,Left ,-6 ,-11 ,-44 ,-59 ,-4 ,-5 ,+7 ,0 
3.1830801 ,Left ,0  ,0  ,+1 ,+18 ,-6 ,-5 ,-7 ,-4
3.1837547 ,Left ,+4 ,+5 ,-9 ,-7 ,-4 ,-1 ,+5 ,+4
3.1837576 ,Left ,-4 ,-12 ,-42 ,-37 ,-7 ,-13 ,-11 ,-1
3.2137516 ,Left ,+6 ,+16 ,+91 ,+87 ,-4 ,-1 ,+2 ,+2
3.2137545 ,Left ,-7 ,-15 ,-71 ,-65 ,-2 ,-32 ,-4 ,-3
3.2145005 ,Left ,0  ,-4 ,-17 ,-9 ,+4 ,+1 ,+3 ,-2
3.2145034 ,Left ,0  ,+1 ,+23 ,+20 ,+5 ,+1 ,-5 ,+1
3.2204231 ,Left ,+1 ,0  ,-3 ,+8 ,+3 ,-5 ,+4 ,+2
3.2204263 ,Left ,+1 ,+7 ,+31 ,-8 ,-12 ,+10 ,-4 ,-1
3.2212092 ,Left ,0  ,+1 ,+3 ,+25 ,-7 ,+1 ,+1 ,+1
3.2212121 ,Left ,+1 ,-2 ,-10 ,-20 ,-4 ,-7 ,+2 ,+2
3.2430756 ,Left ,-3 ,-4 ,0  ,+49 ,+1 ,-1 ,-1 ,0 
3.2430792 ,Left ,-3 ,+2 ,+15 ,+32 ,+4 ,+12 ,-1 ,0 
3.2435995 ,Left ,-3 ,-2 ,-17 ,-11 ,-8 ,-10 ,-1 ,0 
3.2436022 ,Left ,-2 ,-1 ,+2 ,+5 ,+7 ,+7 ,-1 ,-2
3.2664482 ,Left ,0  ,-1 ,-5 ,0  ,-6 ,-4 ,0  ,-1
3.2664516 ,Left ,0  ,-4 ,0  ,-17 ,-7 ,+2 ,-3 ,-2
3.2673425 ,Left ,0  ,-2 ,-11 ,-12 ,+3 ,0  ,+3 ,0 
3.2673457 ,Left ,-1 ,-1 ,+4 ,+26 ,-3 ,-1 ,-2 ,-2
3.2810628 ,Left ,+2 ,+1 ,+1 ,-11 ,+4 ,-4 ,0  ,0 
3.281066 ,Left ,-1 ,+3 ,+3 ,-14 ,-3 ,+2 ,+1 ,+1
3.2817126 ,Left ,-2 ,-3 ,0  ,-38 ,-5 ,+3 ,-1 ,-1
3.2817184 ,Left ,0  ,-2 ,-1 ,+22 ,+1 ,-1 ,-1 ,-1
3.3030648 ,Left ,-7 ,-6 ,-15 ,-21 ,-5 ,-9 ,-6 ,-15
3.3030676 ,Left ,-3 ,+2 ,+7 ,-8 ,-1 ,+10 ,+11 ,+15
3.3037934 ,Left ,+4 ,-2 ,+3 ,+8 ,+3 ,+2 ,-4 ,-4
3.3038038 ,Left ,+10 ,-1 ,-8 ,+5 ,-1 ,-2 ,-21 ,+9
3.3262373 ,Left ,+3 ,-1 ,-6 ,-17 ,-1 ,-17 ,-23 ,-10
3.3262402 ,Left ,-9 ,-4 ,0  ,+17 ,-4 ,+12 ,+26 ,-10
3.327 ,Left ,0  ,+1 ,+2 ,-14 ,+6 ,+5 ,+25 ,+14
3.3270032 ,Left ,-19 ,-2 ,-6 ,-6 ,-5 ,+2 ,+33 ,-23
3.3395311 ,Left ,+17 ,-4 ,-1 ,+19 ,-10 ,-6 ,+4 ,+17
3.3395342 ,Left ,-11 ,-4 ,-2 ,0  ,-3 ,-16 ,-20 ,-1
3.3480524 ,Left ,+5 ,0  ,-2 ,+4 ,+10 ,-12 ,-2 ,+9
3.3480553 ,Left ,0  ,+1 ,+1 ,-31 ,-28 ,+27 ,-13 ,-2
3.3628464 ,Left ,-12 ,-3 ,0  ,+16 ,+10 ,-25 ,+20 ,-7
3.3628493 ,Left ,-1 ,+1 ,+5 ,+1 ,+2 ,+6 ,+1 ,-5
3.363535 ,Left ,+3 ,+6 ,-1 ,+16 ,+16 ,+7 ,+2 ,+1
3.3635376 ,Left ,-6 ,-1 ,-4 ,-50 ,0  ,-15 ,-4 ,+1
3.3860475 ,Left ,-6 ,-11 ,-4 ,+33 ,+8 ,+9 ,-1 ,-1
3.38605 ,Left ,+11 ,-7 ,-16 ,-8 ,-16 ,0  ,-14 ,+1
3.3868488 ,Left ,+1 ,+24 ,+22 ,-2 ,+9 ,-5 ,-8 ,-2
3.3868516 ,Left ,+1 ,-5 ,+5 ,+12 ,+2 ,-5 ,-6 ,-3
3.4085266 ,Left ,-5 ,-1 ,+5 ,+15 ,+18 ,+10 ,-3 ,+3
3.4085293 ,Left ,-1 ,+4 ,+12 ,-10 ,-11 ,-10 ,-3 ,-5
3.4092894 ,Left ,-5 ,-22 ,-53 ,-13 ,-12 ,0  ,-1 ,-6
3.409292 ,Left ,+3 ,+12 ,-13 ,-75 ,+5 ,+1 ,+2 ,+4
3.4229687 ,Left ,-1 ,-3 ,+24 ,+70 ,-15 ,+2 ,+1 ,-1
3.4229717 ,Left ,-1 ,+1 ,+27 ,+19 ,+12 ,-3 ,-1 ,-1
3.4236712 ,Left ,-4 ,-8 ,-16 ,+23 ,-7 ,-5 ,-9 ,-8
3.4236744 ,Left ,+2 ,-2 ,-1 ,+1 ,-5 ,-2 ,-2 ,+4
3.4462206 ,Left ,-5 ,-7 ,-36 ,-62 ,+3 ,+1 ,-2 ,-1
3.4462238 ,Left ,+4 ,+8 ,+8 ,+4 ,+4 ,+4 ,-3 ,-1
3.4469502 ,Left ,-4 ,-1 ,+11 ,-1 ,-12 ,-2 ,-5 ,-5
3.4469532 ,Left ,0  ,+1 ,+36 ,+70 ,+10 ,-5 ,+4 ,+1
3.4603362 ,Left ,+1 ,+7 ,-10 ,-56 ,-9 ,+1 ,+5 ,+1
3.4603389 ,Left ,0  ,+1 ,-13 ,+7 ,+1 ,-1 ,0  ,-2
3.4610369 ,Left ,-1 ,-3 ,+11 ,+19 ,-2 ,0  ,-9 ,0 
3.4610393 ,Left ,-3 ,0  ,-3 ,-2 ,-4 ,-5 ,+3 ,-1
3.4830931 ,Left ,0  ,+6 ,+9 ,-28 ,-1 ,0  ,-2 ,0 
3.4830963 ,Left ,0  ,-2 ,0  ,+22 ,+1 ,+1 ,-1 ,-1
3.4837033 ,Left ,-1 ,-6 ,-6 ,-3 ,+5 ,0  ,-4 ,-3
3.4837058 ,Left ,+1 ,0  ,+5 ,+15 ,+1 ,-3 ,-2 ,0 
3.5054077 ,Left ,-1 ,+2 ,-4 ,-3 ,-1 ,+10 ,0  ,-2
3.5054105 ,Left ,-1 ,-4 ,-10 ,-9 ,0  ,-33 ,-6 ,-3
3.5062737 ,Left ,-4 ,-1 ,+7 ,-7 ,-2 ,+8 ,+3 ,-1
3.5062766 ,Left ,-1 ,-5 ,-6 ,+36 ,+1 ,0  ,-2 ,0 
3.5198241 ,Left ,-1 ,0  ,-3 ,-20 ,-2 ,+6 ,0  ,+1
3.5198268 ,Left ,+1 ,+2 ,-1 ,-5 ,-2 ,+6 ,0  ,0 
3.5279224 ,Left ,-4 ,0  ,+5 ,+5 ,+1 ,-5 ,+1 ,-2
3.5279258 ,Left ,-3 ,-6 ,-7 ,+15 ,-6 ,-7 ,-3 ,0 
3.5427747 ,Left ,0  ,-1 ,-7 ,-22 ,-3 ,0  ,-2 ,-1
3.5427783 ,Left ,+1 ,+1 ,+7 ,+21 ,+2 ,+4 ,-1 ,0 
3.5435992 ,Left ,-2 ,-2 ,-5 ,-47 ,-16 ,-5 ,-1 ,-2
3.5436022 ,Left ,-2 ,+2 ,-3 ,+8 ,+8 ,+4 ,0  ,-1
3.566127 ,Left ,-1 ,+1 ,+2 ,0  ,-11 ,-8 ,-1 ,-1
3.5661306 ,Left ,-3 ,-4 ,+4 ,+17 ,+2 ,+6 ,0  ,0 
3.5670412 ,Left ,-2 ,-3 ,-12 ,-7 ,-7 ,-2 ,0  ,-1
3.5670446 ,Left ,0  ,+2 ,+7 ,+4 ,+11 ,-2 ,-2 ,0 
3.5797585 ,Left ,-1 ,-2 ,-2 ,-23 ,-11 ,-1 ,0  ,0 
3.579762 ,Left ,0  ,-4 ,+6 ,+19 ,+4 ,+2 ,-2 ,-1
3.5880717 ,Left ,-2 ,-3 ,-29 ,+1 ,+2 ,+1 ,-2 ,-2
3.5880752 ,Left ,+2 ,+8 ,+13 ,-4 ,+2 ,-2 ,-3 ,-1
3.6030639 ,Left ,-1 ,-1 ,+2 ,+17 ,+4 ,-2 ,0  ,-1
3.6030673 ,Left ,-2 ,-3 ,-16 ,-33 ,-6 ,+3 ,+1 ,-1
3.6038341 ,Left ,+2 ,+3 ,+20 ,+17 ,-12 ,-2 ,0  ,+1
3.6038375 ,Left ,-2 ,-4 ,-3 ,+9 ,+23 ,-1 ,-1 ,-2
3.6260873 ,Left ,-3 ,0  ,-13 ,-33 ,-6 ,0  ,+1 ,-1
3.6260909 ,Left ,0  ,+4 ,+7 ,+35 ,0  ,+1 ,0  ,0 
3.6267505 ,Left ,-3 ,-6 ,+5 ,-7 ,-2 ,-3 ,-2 ,-2
3.626778 ,Left ,+1 ,-3 ,-21 ,-17 ,-12 ,-1 ,-1 ,-2
3.6398617 ,Left ,+1 ,+2 ,+12 ,+21 ,+3 ,-1 ,-2 ,-1
3.6398648 ,Left ,-2 ,-1 ,-6 ,-24 ,-2 ,+1 ,+1 ,-3
3.6479461 ,Left ,+1 ,0  ,+1 ,+4 ,+6 ,0  ,+1 ,-1
3.6479493 ,Left ,-1 ,0  ,+8 ,+13 ,-4 ,-1 ,-1 ,-2
3.6630721 ,Left ,+1 ,-5 ,-4 ,-14 ,+10 ,-1 ,+1 ,0 
3.6630751 ,Left ,0  ,+1 ,+2 ,-6 ,-13 ,-3 ,-3 ,-1
3.6638457 ,Left ,-1 ,-4 ,+4 ,+9 ,-2 ,-1 ,-3 ,-1
3.6638488 ,Left ,-2 ,-8 ,-20 ,-14 ,-7 ,-1 ,-2 ,0 
3.6855458 ,Left ,+2 ,+4 ,+5 ,+5 ,-1 ,0  ,-1 ,0 
3.6855492 ,Left ,-1 ,+1 ,0  ,-7 ,+4 ,+1 ,+1 ,-1
3.6862765 ,Left ,-4 ,+3 ,+7 ,-7 ,0  ,-1 ,-1 ,-2
3.6862798 ,Left ,-2 ,-5 ,-1 ,0  ,+3 ,-2 ,+1 ,-2
3.6996882 ,Left ,-1 ,-1 ,-3 ,+1 ,0  ,-1 ,0  ,-2
3.6996913 ,Left ,-2 ,-3 ,-2 ,0  ,+5 ,-1 ,0  ,0 
3.7077155 ,Left ,-1 ,-3 ,+3 ,+4 ,-2 ,-2 ,-2 ,0 
3.7077571 ,Left ,0  ,+2 ,-3 ,-1 ,-3 ,+5 ,+1 ,-1
3.722966 ,Left ,-3 ,-3 ,-3 ,+5 ,-1 ,-2 ,-2 ,0 
3.7229693 ,Left ,-2 ,-3 ,-2 ,-6 ,-2 ,+3 ,0  ,-2
3.7236325 ,Left ,+1 ,-1 ,-1 ,+3 ,+8 ,0  ,0  ,-2
3.7236359 ,Left ,+1 ,+1 ,+3 ,+8 ,-9 ,-3 ,0  ,-1
3.7454862 ,Left ,+1 ,+1 ,0  ,+4 ,-6 ,+3 ,0  ,0 
3.7454981 ,Left ,+1 ,-2 ,-4 ,-30 ,-9 ,-1 ,-3 ,0 
3.7461799 ,Left ,-1 ,0  ,+4 ,+13 ,+13 ,-2 ,-2 ,-1
3.7461834 ,Left ,-1 ,-6 ,-8 ,-17 ,-4 ,+1 ,0  ,0 
3.7598529 ,Left ,+2 ,+4 ,-3 ,+12 ,+2 ,-2 ,-2 ,+1
3.7598563 ,Left ,-1 ,-1 ,-1 ,-6 ,-3 ,-1 ,0  ,-2
3.76804 ,Left ,0  ,-3 ,-6 ,-12 ,-6 ,-1 ,0  ,-1
3.7680434 ,Left ,-2 ,-4 ,+8 ,+51 ,+9 ,-4 ,-1 ,-1
3.7827628 ,Left ,-2 ,-1 ,-4 ,-36 ,-2 ,-3 ,0  ,-1
3.7827659 ,Left ,0  ,-2 ,0  ,+28 ,-6 ,-2 ,-2 ,+1
3.7835966 ,Left ,+1 ,0  ,-10 ,-36 ,+4 ,+2 ,0  ,0 
3.7835996 ,Left ,-2 ,-1 ,+6 ,+28 ,+2 ,0  ,0  ,-2
3.8055521 ,Left ,+1 ,0  ,+4 ,+12 ,-8 ,-4 ,+1 ,-1
3.805555 ,Left ,-2 ,-4 ,-12 ,-21 ,+5 ,-1 ,-2 ,-2
3.8062644 ,Left ,-2 ,+1 ,0  ,+8 ,-5 ,-2 ,0  ,0 
3.8062672 ,Left ,-2 ,-4 ,-5 ,-18 ,-14 ,-3 ,-2 ,+1
3.8198505 ,Left ,-2 ,+3 ,+10 ,-4 ,+3 ,0  ,-1 ,-1
3.8198616 ,Left ,+1 ,+3 ,+5 ,-1 ,+3 ,+3 ,-1 ,0 
3.8278289 ,Left ,-3 ,-6 ,-8 ,+4 ,-15 ,-5 ,-1 ,-2
3.8278315 ,Left ,+2 ,+1 ,0  ,-23 ,+1 ,0  ,0  ,+1
3.8430604 ,Left ,-4 ,-4 ,-4 ,+1 ,-1 ,-1 ,0  ,-1
3.8430632 ,Left ,-4 ,-9 ,-5 ,+10 ,-16 ,-2 ,0  ,-3
3.843814 ,Left ,+6 ,+17 ,+11 ,+11 ,+18 ,+4 ,0  ,+3
3.8438168 ,Left ,-4 ,-5 ,+3 ,+18 ,-3 ,-3 ,-5 ,-3
3.8653529 ,Left ,-2 ,-6 ,-6 ,-3 ,-1 ,-1 ,-2 ,-3
3.8653556 ,Left ,-1 ,-3 ,-4 ,+1 ,-3 ,-1 ,-2 ,-1
3.8660669 ,Left ,0  ,-3 ,+3 ,+3 ,-2 ,+1 ,-1 ,-1
3.8660692 ,Left ,-1 ,+4 ,-8 ,-32 ,-5 ,-1 ,0  ,0 
3.8886724 ,Left ,-2 ,-5 ,-1 ,-12 ,+6 ,-3 ,-3 ,-1
3.8886752 ,Left ,+1 ,+3 ,-9 ,+19 ,+7 ,-1 ,0  ,0 
3.8893889 ,Left ,-1 ,-4 ,+2 ,-22 ,-8 ,-3 ,-1 ,-1
3.8893923 ,Left ,+1 ,+7 ,+2 ,-6 ,+1 ,+2 ,-1 ,0 
3.9030822 ,Left ,-2 ,-3 ,-5 ,-4 ,-6 ,-2 ,-1 ,-2
3.9030853 ,Left ,-2 ,+3 ,+3 ,+5 ,+6 ,-1 ,0  ,-1
3.9037115 ,Left ,-2 ,-1 ,-10 ,0  ,+20 ,0  ,0  ,+1
3.9037144 ,Left ,-1 ,0  ,+2 ,-29 ,-22 ,-4 ,-1 ,-1
3.9335116 ,Left ,+1 ,+2 ,-3 ,+24 ,+11 ,+3 ,-1 ,0 
3.9335145 ,Left ,-3 ,-3 ,-1 ,-26 ,-11 ,-4 ,0  ,-5
3.9345525 ,Left ,0  ,0  ,0  ,+20 ,+5 ,+1 ,-1 ,0 
3.9345557 ,Left ,-1 ,-1 ,0  ,+11 ,0  ,-1 ,0  ,-1
3.9487343 ,Left ,0  ,-2 ,+1 ,+10 ,+4 ,-2 ,-1 ,-1
3.9487374 ,Left ,-2 ,-2 ,0  ,-18 ,-8 ,+4 ,0  ,+1
3.9495006 ,Left ,-1 ,+2 ,+4 ,+12 ,-8 ,-5 ,-2 ,-2
3.9495038 ,Left ,-3 ,-4 ,-5 ,-6 ,+2 ,+1 ,0  ,0 
3.9627955 ,Left ,-4 ,-5 ,-7 ,-9 ,-6 ,-1 ,0  ,0 
3.9627984 ,Left ,0  ,-4 ,+5 ,+4 ,-14 ,-3 ,-1 ,+1
3.9635157 ,Left ,-1 ,+3 ,-1 ,-3 ,+10 ,+3 ,0  ,-2
3.9635564 ,Left ,0  ,+3 ,-4 ,-6 ,+22 ,+2 ,0  ,-1
3.9859788 ,Left ,-3 ,0  ,+4 ,+39 ,+1 ,-1 ,-1 ,-2
3.9859826 ,Left ,-2 ,-4 ,-7 ,-60 ,-9 ,0  ,+1 ,-3
3.9867697 ,Left ,-3 ,-3 ,-1 ,+2 ,-11 ,-5 ,-1 ,0 
3.9867722 ,Left ,+2 ,0  ,-1 ,+6 ,+6 ,-2 ,0  ,-1
4.008679 ,Left ,-2 ,-3 ,+1 ,+2 ,+1 ,-1 ,0  ,-1
4.0086816 ,Left ,0  ,+2 ,+5 ,+18 ,+8 ,-3 ,-2 ,-1
4.0095151 ,Left ,-1 ,-1 ,0  ,+3 ,-2 ,0  ,-1 ,0 
4.0095179 ,Left ,-1 ,-3 ,-5 ,-14 ,-6 ,-2 ,-2 ,0 
4.0230497 ,Left ,+2 ,-1 ,-5 ,-9 ,-12 ,-2 ,-1 ,-2
4.0230525 ,Left ,-2 ,-4 ,-6 ,+24 ,+4 ,-3 ,-2 ,-2
4.0236395 ,Left ,-1 ,+2 ,-1 ,-20 ,-9 ,-2 ,-1 ,-3
4.0236423 ,Left ,-1 ,+1 ,+9 ,+20 ,-5 ,0  ,0  ,0 
4.0459537 ,Left ,-1 ,+2 ,-2 ,0  ,-13 ,0  ,-1 ,-1
4.0459565 ,Left ,0  ,-4 ,-4 ,-21 ,+9 ,-1 ,0  ,-1
4.0468574 ,Left ,-2 ,-5 ,-6 ,+13 ,-12 ,-2 ,-2 ,-2
4.0468598 ,Left ,0  ,-3 ,-3 ,-27 ,-7 ,-3 ,0  ,-2
4.0685121 ,Left ,-3 ,-4 ,-4 ,-14 ,+8 ,-3 ,-1 ,-1
4.0685149 ,Left ,+2 ,+6 ,+2 ,+17 ,+4 ,-2 ,0  ,+1
4.0692483 ,Left ,-1 ,-4 ,-6 ,-16 ,-2 ,0  ,-1 ,-1
4.0692508 ,Left ,-1 ,0  ,-2 ,-5 ,-9 ,-3 ,-1 ,0 
4.0823737 ,Left ,0  ,-1 ,+1 ,-8 ,+1 ,-1 ,+1 ,0 
4.0823766 ,Left ,-2 ,0  ,+1 ,+12 ,+3 ,+1 ,-1 ,0 
4.0903834 ,Left ,0  ,-2 ,+3 ,+7 ,+1 ,+7 ,+1 ,+1
4.0903862 ,Left ,+1 ,+2 ,-1 ,+5 ,+4 ,-20 ,-5 ,-2
4.113363 ,Left ,-1 ,+1 ,-2 ,-5 ,-4 ,-1 ,+1 ,0 
4.1133656 ,Left ,-2 ,-1 ,+2 ,+13 ,-1 ,0  ,-5 ,-2
4.1142318 ,Left ,-2 ,-3 ,+2 ,+18 ,+3 ,0  ,+2 ,-1
4.1142344 ,Left ,-2 ,+1 ,+2 ,+16 ,+2 ,+5 ,+1 ,-1
4.1284211 ,Left ,-1 ,-6 ,-8 ,-20 ,-9 ,-4 ,-1 ,0 
4.1284246 ,Left ,+2 ,+7 ,+14 ,+15 ,+2 ,+1 ,0  ,-1
4.1292015 ,Left ,-3 ,-5 ,-10 ,-22 ,+5 ,-4 ,-3 ,-2
4.1292043 ,Left ,-2 ,-3 ,-5 ,-11 ,-8 ,+2 ,-1 ,-1
4.1421642 ,Left ,-1 ,-1 ,+1 ,+5 ,-1 ,-2 ,-2 ,-1
4.1421672 ,Left ,+1 ,+3 ,+8 ,+14 ,+5 ,+1 ,0  ,0 
4.1503376 ,Left ,0  ,-3 ,-5 ,-35 ,-15 ,-5 ,0  ,-1
4.1503402 ,Left ,-2 ,-3 ,+4 ,+44 ,+6 ,+1 ,0  ,-1
4.1659493 ,Left ,+1 ,+3 ,-5 ,-14 ,-1 ,-1 ,-1 ,-1
4.165953 ,Left ,-4 ,-5 ,-10 ,-17 ,-4 ,-2 ,-2 ,-3
4.1667216 ,Left ,-1 ,0  ,+7 ,+26 ,-2 ,-3 ,-2 ,0 
4.1667583 ,Left ,-2 ,-2 ,-3 ,+1 ,+3 ,0  ,0  ,-2
4.1886837 ,Left ,0  ,0  ,+5 ,-1 ,-3 ,+1 ,-1 ,+1
4.1886871 ,Left ,-3 ,-2 ,-13 ,+2 ,+4 ,+2 ,0  ,0 
4.1895165 ,Left ,-1 ,+1 ,+1 ,-5 ,-3 ,-1 ,-2 ,0 
4.1895274 ,Left ,-1 ,-3 ,-3 ,+6 ,-1 ,+5 ,+1 ,0 
4.2027487 ,Left ,+1 ,+2 ,0  ,-31 ,-6 ,-2 ,-1 ,-1
4.2027517 ,Left ,0  ,0  ,0  ,-7 ,-1 ,-2 ,+2 ,-1
4.2035701 ,Left ,-1 ,-4 ,+2 ,-6 ,0  ,0  ,-1 ,-1
4.203573 ,Left ,+1 ,+9 ,0  ,+12 ,-5 ,-3 ,-4 ,-1
4.2260507 ,Left ,-1 ,-3 ,+5 ,+3 ,+3 ,+1 ,-3 ,-4
4.2260536 ,Left ,-1 ,-8 ,-14 ,-9 ,-2 ,-2 ,-2 ,0 
4.226985 ,Left ,-4 ,-5 ,-14 ,-34 ,-5 ,-1 ,-3 ,-2
4.2269879 ,Left ,-1 ,0  ,+9 ,-20 ,-9 ,+1 ,0  ,-1
4.2484498 ,Left ,-1 ,0  ,-1 ,-2 ,+2 ,+6 ,+3 ,+1
4.2484792 ,Left ,0  ,+1 ,0  ,+20 ,-2 ,-8 ,-4 ,-2
4.2492315 ,Left ,+1 ,0  ,+8 ,+7 ,-5 ,-1 ,+1 ,-1
4.2492707 ,Left ,-2 ,-8 ,-22 ,-36 ,+5 ,+3 ,0  ,-3
4.2630823 ,Left ,-3 ,-1 ,+3 ,+25 ,+1 ,-4 ,-1 ,-2
4.2630853 ,Left ,-1 ,+1 ,0  ,-41 ,-4 ,+2 ,0  ,-2
4.2638635 ,Left ,-3 ,+1 ,+2 ,+24 ,-1 ,-2 ,-2 ,-1
4.2638815 ,Left ,+3 ,-1 ,+2 ,-9 ,0  ,-1 ,0  ,+1
4.2859902 ,Left ,-2 ,-2 ,0  ,+3 ,-2 ,+2 ,0  ,0 
4.285993 ,Left ,+2 ,-2 ,-8 ,+11 ,+2 ,-3 ,-1 ,0 
4.2867746 ,Left ,-1 ,-1 ,-3 ,+15 ,-4 ,-3 ,-1 ,-2
4.2867769 ,Left ,-1 ,-1 ,0  ,+4 ,+4 ,-3 ,+1 ,-1
4.3085389 ,Left ,-1 ,-1 ,-3 ,+9 ,+1 ,+10 ,+4 ,0 
4.3085414 ,Left ,+1 ,0  ,+2 ,-17 ,-6 ,+15 ,-9 ,-3
4.3093266 ,Left ,-5 ,-2 ,-2 ,+2 ,+4 ,-15 ,+17 ,+4
4.3093292 ,Left ,+2 ,-3 ,+1 ,+1 ,-6 ,+6 ,+1 ,+2
4.3226251 ,Left ,-3 ,0  ,-1 ,+5 ,+6 ,-6 ,-16 ,-1
4.322628 ,Left ,-5 ,-2 ,+3 ,+4 ,-4 ,+14 ,+2 ,-2
4.3302497 ,Left ,+3 ,0  ,-5 ,-4 ,+5 ,+21 ,+18 ,+1
4.3302524 ,Left ,-5 ,-2 ,+2 ,+21 ,+6 ,-15 ,-23 ,-10
4.3461215 ,Left ,+3 ,+4 ,-1 ,-20 ,-31 ,+15 ,+61 ,+7
4.3461328 ,Left ,0  ,-4 ,-2 ,+1 ,+10 ,-60 ,-14 ,-7
4.3468369 ,Left ,+2 ,+1 ,0  ,0  ,+11 ,-8 ,-16 ,+2
4.3468395 ,Left ,-8 ,-11 ,-4 ,+12 ,-7 ,+8 ,0  ,-8
4.3687086 ,Left ,+3 ,+4 ,+1 ,+6 ,+9 ,+6 ,+10 ,+1
4.3687132 ,Left ,+1 ,+3 ,+3 ,-24 ,-14 ,+3 ,+26 ,+8
4.3694507 ,Left ,-1 ,0  ,-1 ,-5 ,+11 ,-1 ,-29 ,-6
4.3694548 ,Left ,+1 ,-1 ,-1 ,-9 ,+17 ,+4 ,+6 ,+8
4.3828732 ,Left ,+1 ,+1 ,+2 ,-3 ,+11 ,-9 ,-25 ,-3
4.3828775 ,Left ,+3 ,+2 ,-8 ,-20 ,-32 ,+10 ,+16 ,+10
4.3836258 ,Left ,-7 ,+1 ,+6 ,+23 ,+26 ,-3 ,-8 ,-9
4.3837082 ,Left ,+1 ,-4 ,0  ,0  ,0  ,-6 ,-3 ,-4
4.4059664 ,Left ,-2 ,-6 ,-13 ,-38 ,+11 ,-7 ,-11 ,-2
4.4059702 ,Left ,-2 ,0  ,-5 ,+62 ,+7 ,+1 ,-9 ,-2
4.4067566 ,Left ,+3 ,+4 ,+13 ,-69 ,-3 ,+6 ,+9 ,+2
4.4068262 ,Left ,+4 ,+9 ,-2 ,+28 ,-22 ,-7 ,-3 ,+1
4.4360347 ,Left ,-4 ,-3 ,-5 ,+12 ,-6 ,-5 ,-4 ,-2
4.4360378 ,Left ,-5 ,-14 ,-41 ,+1 ,+20 ,+4 ,-7 ,-6
4.4369214 ,Left ,-2 ,-3 ,+9 ,-29 ,-22 ,-3 ,-4 ,-3
4.4369246 ,Left ,0  ,+4 ,+3 ,-24 ,+1 ,+3 ,+10 ,+4
4.442941 ,Left ,-3 ,-12 ,-8 ,0  ,+1 ,-4 ,-9 ,-2
4.4429442 ,Left ,+1 ,+2 ,-16 ,-44 ,-8 ,+3 ,-4 ,-4
4.4436038 ,Left ,+2 ,-5 ,-12 ,+39 ,-7 ,-2 ,-1 ,+2
4.4436064 ,Left ,-1 ,0  ,+25 ,+29 ,0  ,-1 ,0  ,-2
4.4654077 ,Left ,-1 ,-4 ,-52 ,-70 ,-8 ,-5 ,-4 ,-3
4.4654109 ,Left ,0  ,+3 ,+37 ,+30 ,+6 ,-2 ,-6 ,-3
4.4663089 ,Left ,0  ,+1 ,+2 ,0  ,-10 ,+1 ,-1 ,+3
4.4663121 ,Left ,-3 ,-2 ,+2 ,+2 ,+1 ,+11 ,+19 ,-2
4.4890237 ,Left ,-4 ,+1 ,+9 ,+31 ,+1 ,-30 ,-16 ,-4
4.4890368 ,Left ,0  ,+1 ,+9 ,-37 ,-2 ,+3 ,+3 ,+2
4.4899089 ,Left ,-1 ,-1 ,-8 ,-13 ,-4 ,+3 ,+2 ,+1
4.4899246 ,Left ,-3 ,-2 ,-1 ,-4 ,0  ,+1 ,-2 ,0 
4.5026638 ,Left ,+7 ,+1 ,+6 ,+18 ,-4 ,+6 ,-1 ,-1
4.502669 ,Left ,-3 ,-4 ,-9 ,-18 ,-6 ,-5 ,-4 ,0 
4.5106157 ,Left ,+2 ,+3 ,+13 ,+16 ,-5 ,-7 ,+1 ,-2
4.5106201 ,Left ,0  ,-4 ,-18 ,-34 ,-3 ,0  ,-4 ,0 
4.5255335 ,Left ,-2 ,+1 ,+6 ,+6 ,-3 ,+5 ,0  ,0 
4.5255366 ,Left ,+1 ,+2 ,+23 ,+27 ,+12 ,-15 ,0  ,+8
4.5262874 ,Left ,-1 ,-5 ,-23 ,-36 ,-10 ,+4 ,-3 ,-2
4.5262905 ,Left ,-3 ,-5 ,-4 ,+20 ,-1 ,-4 ,-2 ,-1
4.5487773 ,Left ,+1 ,+1 ,+13 ,+21 ,0  ,+2 ,-3 ,-7
4.5487801 ,Left ,+1 ,+3 ,+4 ,+2 ,-1 ,+1 ,+1 ,-4
4.5495711 ,Left ,-3 ,-3 ,-6 ,-2 ,-7 ,-2 ,-1 ,0 
4.5495742 ,Left ,0  ,0  ,-6 ,-10 ,-1 ,-4 ,-4 ,-3
4.5621622 ,Left ,-4 ,-1 ,+13 ,+29 ,+5 ,+3 ,-1 ,-2
4.5621649 ,Left ,-2 ,-1 ,+1 ,-14 ,+3 ,+4 ,+1 ,-1
4.5702707 ,Left ,-1 ,-2 ,+1 ,+33 ,-2 ,-4 ,+1 ,-2
4.5702732 ,Left ,0  ,-1 ,-2 ,-22 ,-1 ,+3 ,-12 ,0 
4.586057 ,Left ,-1 ,-1 ,+1 ,+2 ,-1 ,-5 ,+14 ,0 
4.58606 ,Left ,-3 ,-2 ,0  ,+10 ,+2 ,+6 ,+3 ,-2
4.5870799 ,Left ,0  ,0  ,+1 ,+2 ,-11 ,+16 ,-7 ,-6
4.5870828 ,Left ,0  ,-4 ,0  ,+42 ,+6 ,+1 ,+5 ,-3
4.6091407 ,Left ,-2 ,0  ,-1 ,-14 ,-7 ,-31 ,-22 ,-1
4.6091437 ,Left ,0  ,-2 ,-13 ,-20 ,-3 ,+19 ,+1 ,-5
4.6097352 ,Left ,-5 ,0  ,+4 ,+14 ,-2 ,+4 ,+1 ,0 
4.6097381 ,Left ,+2 ,0  ,+1 ,+13 ,+4 ,-5 ,+23 ,-8
4.6223541 ,Left ,-5 ,-4 ,-6 ,-71 ,-13 ,-1 ,+1 ,+13
4.622357 ,Left ,+5 ,-2 ,+6 ,+32 ,-7 ,+9 ,+11 ,-3
4.6306175 ,Left ,+1 ,0  ,-5 ,+16 ,+7 ,0  ,-10 ,0 
4.6306204 ,Left ,-3 ,+2 ,+4 ,-5 ,-1 ,+12 ,+5 ,-2
4.6462227 ,Left ,-2 ,0  ,0  ,-14 ,-2 ,+3 ,-5 ,-6
4.6462259 ,Left ,-7 ,+2 ,+1 ,+36 ,+21 ,-6 ,+3 ,-3
4.6470533 ,Left ,0  ,-7 ,-7 ,-32 ,-49 ,-2 ,+17 ,+9
4.6470566 ,Left ,-2 ,+1 ,-4 ,-10 ,-5 ,+1 ,-23 ,-6
4.6689741 ,Left ,+3 ,0  ,+17 ,+70 ,+10 ,+4 ,+12 ,+7
4.6689772 ,Left ,-2 ,0  ,-8 ,-59 ,-7 ,-4 ,-13 ,-1
4.6697189 ,Left ,+1 ,0  ,+15 ,+65 ,+11 ,-6 ,+8 ,-2
4.6697219 ,Left ,0  ,-3 ,-16 ,-66 ,-2 ,-4 ,-6 ,+1
4.6822053 ,Left ,+1 ,0  ,-21 ,-78 ,-32 ,+9 ,+1 ,+1
4.6822084 ,Left ,-6 ,-2 ,+24 ,+114 ,+13 ,-6 ,-13 ,-4
4.6903012 ,Left ,-1 ,-3 ,-4 ,-64 ,-3 ,-3 ,-3 ,-4
4.6903036 ,Left ,+2 ,-5 ,-6 ,+51 ,+24 ,-6 ,+4 ,+6
4.7060163 ,Left ,+1 ,+5 ,+3 ,-2 ,+10 ,+5 ,-8 ,-4
4.7060193 ,Left ,-2 ,-3 ,-21 ,-20 ,0  ,-4 ,0  ,-2
4.7068791 ,Left ,-5 ,-13 ,-53 ,-60 ,-11 ,-12 ,-2 ,-4
4.7068819 ,Left ,+2 ,+9 ,+20 ,+8 ,-7 ,0  ,-2 ,+5
4.7286271 ,Left ,-2 ,-4 ,-11 ,-8 ,+9 ,+3 ,+1 ,-4
4.7286298 ,Left ,+3 ,+9 ,+52 ,+78 ,-4 ,-1 ,-3 ,+1
4.7294081 ,Left ,-4 ,-7 ,-41 ,-47 ,+14 ,-4 ,-5 ,-2
4.7294108 ,Left ,+1 ,-4 ,+4 ,-10 ,-10 ,-13 ,-12 ,-1
4.7421213 ,Left ,0  ,-2 ,-12 ,-8 ,+6 ,-10 ,+7 ,-3
4.7421244 ,Left ,+2 ,+5 ,+26 ,-1 ,-6 ,+7 ,+3 ,+4
4.7503798 ,Left ,0  ,-5 ,-22 ,+20 ,+10 ,-17 ,-5 ,0 
4.7503826 ,Left ,-4 ,-3 ,-14 ,-32 ,-6 ,-4 ,-14 ,-3
4.7653287 ,Left ,0  ,+3 ,+26 ,+35 ,+3 ,+15 ,+2 ,-2
4.7653312 ,Left ,+1 ,-2 ,-12 ,-14 ,-7 ,-1 ,+6 ,+1
4.766196 ,Left ,+4 ,+8 ,+29 ,+52 ,+10 ,+4 ,-5 ,-3
4.7661984 ,Left ,-1 ,-6 ,-13 ,-22 ,-7 ,-3 ,0  ,-8
4.7887203 ,Left ,-1 ,-5 ,-7 ,+37 ,-1 ,+1 ,+4 ,+14
4.7887232 ,Left ,-7 ,-3 ,-18 ,-45 ,+1 ,-3 ,-4 ,-1
4.7895255 ,Left ,+1 ,+1 ,+16 ,+24 ,-7 ,-3 ,-1 ,+5
4.7895284 ,Left ,-3 ,+3 ,+7 ,-21 ,+4 ,+12 ,+13 ,+4
4.8109716 ,Left ,0  ,-4 ,+4 ,+63 ,+7 ,+1 ,+38 ,-7
4.8109935 ,Left ,-5 ,-5 ,-19 ,-60 ,-11 ,+8 ,0  ,-11
4.8117708 ,Left ,+5 ,+7 ,+19 ,+6 ,+6 ,+27 ,+74 ,+20
4.8117864 ,Left ,-3 ,+1 ,+2 ,+8 ,-2 ,-17 ,-42 ,-4
4.8253797 ,Left ,-4 ,-1 ,-1 ,-23 ,-12 ,+2 ,-16 ,-2
4.825385 ,Left ,+6 ,-3 ,-5 ,+4 ,+32 ,+9 ,-14 ,+9
4.8261189 ,Left ,-4 ,+2 ,+14 ,+11 ,+26 ,+24 ,+52 ,-9
4.8261213 ,Left ,-5 ,-2 ,+1 ,+6 ,-16 ,-41 ,-46 ,-5
4.8487727 ,Left ,-3 ,-3 ,-5 ,-16 ,-3 ,-12 ,-12 ,-3
4.8487756 ,Left ,+2 ,-3 ,-13 ,-59 ,-24 ,-20 ,-9 ,-8
4.8496078 ,Left ,-3 ,+3 ,+9 ,-4 ,+7 ,-8 ,-32 ,-2
4.8496107 ,Left ,+4 ,-3 ,-1 ,-2 ,-2 ,+4 ,+21 ,+5
4.871022 ,Left ,-4 ,-5 ,-9 ,-42 ,+35 ,+2 ,-18 ,-8
4.8710247 ,Left ,-5 ,-11 ,-3 ,-12 ,-31 ,-11 ,-5 ,+3
4.8717795 ,Left ,+8 ,+14 ,-6 ,+40 ,-7 ,-17 ,-18 ,-1
4.8717821 ,Left ,-4 ,-6 ,+2 ,+19 ,-3 ,+15 ,+10 ,+3
4.8854903 ,Left ,+3 ,+5 ,+38 ,+20 ,+9 ,+1 ,+1 ,-2
4.8854932 ,Left ,-4 ,-6 ,-38 ,-49 ,+6 ,+3 ,+11 ,-1
4.8862922 ,Left ,-1 ,+2 ,+44 ,+4 ,-13 ,-5 ,-19 ,0 
4.8862959 ,Left ,0  ,-8 ,-49 ,-9 ,+4 ,+7 ,+15 ,-3
4.9086978 ,Left ,-1 ,-2 ,-8 ,-14 ,-24 ,-1 ,-5 ,+1
4.9087011 ,Left ,+3 ,+5 ,+27 ,+53 ,+3 ,-6 ,-1 ,-1
4.9095259 ,Left ,-3 ,-4 ,-18 ,-16 ,+8 ,-3 ,-21 ,-6
4.9095287 ,Left ,0  ,-1 ,0  ,-31 ,+1 ,+3 ,+7 ,+2
4.931042 ,Left ,-1 ,0  ,+14 ,+18 ,+13 ,0  ,+1 ,0 
4.9310448 ,Left ,+1 ,+4 ,+12 ,+3 ,-7 ,+7 ,-6 ,+2
4.9320014 ,Left ,-2 ,-2 ,+10 ,+48 ,-17 ,+8 ,0  ,+1
4.9320049 ,Left ,-8 ,-6 ,-19 ,-97 ,+6 ,-27 ,+6 ,-9
4.945312 ,Left ,0  ,+1 ,-4 ,+26 ,-7 ,+4 ,-3 ,+1
4.9453156 ,Left ,+2 ,+2 ,+14 ,+22 ,+23 ,-25 ,+8 ,+2
4.9460719 ,Left ,-6 ,-8 ,-11 ,-20 ,-15 ,+13 ,+17 ,-4
4.9460763 ,Left ,+2 ,+4 ,+21 ,+46 ,+11 ,+30 ,-3 ,0 
4.9687785 ,Left ,-1 ,0  ,-3 ,+9 ,-3 ,+16 ,-1 ,+8
4.9687823 ,Left ,+5 ,-1 ,-15 ,-32 ,+4 ,-19 ,-36 ,-3
4.9695951 ,Left ,-2 ,-4 ,0  ,+2 ,+10 ,-5 ,+13 ,+2
4.9695989 ,Left ,0  ,+4 ,+8 ,+15 ,-14 ,+18 ,+38 ,-4
4.9909905 ,Left ,-3 ,-3 ,-11 ,0  ,+20 ,+30 ,+2 ,-8
4.9909939 ,Left ,+3 ,+3 ,0  ,+16 ,+20 ,+16 ,+10 ,+1
4.9917708 ,Left ,-2 ,-6 ,-14 ,-33 ,-32 ,-15 ,+7 ,-17
4.9917734 ,Left ,-4 ,+1 ,+10 ,+9 ,-3 ,-37 ,-22 ,0 
5.005593 ,Left ,0  ,+1 ,-3 ,0  ,-11 ,+11 ,+35 ,+1
5.0055958 ,Left ,-3 ,-5 ,-3 ,+3 ,-1 ,+6 ,-12 ,-13
5.006303 ,Left ,+4 ,+3 ,+3 ,-6 ,+14 ,+2 ,-13 ,+3
5.0063062 ,Left ,0  ,-2 ,+2 ,+10 ,0  ,+13 ,+4 ,+5
5.0283689 ,Left ,+1 ,0  ,+2 ,+25 ,-45 ,-10 ,+3 ,+3
5.0283715 ,Left ,-10 ,-4 ,-13 ,-19 ,+16 ,-26 ,-18 ,-8
5.0292257 ,Left ,+1 ,-2 ,-5 ,-31 ,+15 ,0  ,-14 ,-2
5.0292526 ,Left ,+1 ,+3 ,+11 ,+68 ,-6 ,-3 ,0  ,+3
5.0586094 ,Left ,0  ,-3 ,-11 ,-32 ,+1 ,-15 ,-18 ,0 
5.0586122 ,Left ,-2 ,-2 ,-5 ,-6 ,-40 ,+9 ,+14 ,+3
5.059353 ,Left ,-2 ,-7 ,-1 ,+34 ,+7 ,-5 ,-14 ,+1
5.0593553 ,Left ,+5 ,+13 ,+12 ,-3 ,+6 ,0  ,+2 ,+2
5.0653329 ,Left ,-2 ,-6 ,0  ,-20 ,+8 ,-10 ,-9 ,-5
5.0653352 ,Left ,+2 ,+9 ,+2 ,+22 ,+1 ,+10 ,+10 ,+3
5.0661615 ,Left ,-3 ,-10 ,-33 ,-63 ,-2 ,-5 ,-7 ,-1
5.0661639 ,Left ,-4 ,-1 ,+49 ,+31 ,-9 ,0  ,-8 ,-1
5.0886809 ,Left ,-2 ,-10 ,-72 ,-14 ,-7 ,-7 ,-7 ,-4
5.0886836 ,Left ,-1 ,-2 ,-2 ,-29 ,-12 ,-1 ,+8 ,+2
5.0901176 ,Left ,-1 ,+6 ,+39 ,+65 ,+4 ,+4 ,-20 ,-2
5.0901273 ,Left ,+2 ,-4 ,-11 ,-37 ,-1 ,+9 ,-2 ,-1
5.1110436 ,Left ,0  ,+3 ,+12 ,-4 ,+3 ,-15 ,-11 ,+3
5.1110463 ,Left ,-3 ,-4 ,+15 ,+52 ,-3 ,-30 ,-35 ,-9
5.1125665 ,Left ,+1 ,+2 ,-22 ,-42 ,-1 ,-8 ,-7 ,-1
5.1125891 ,Left ,+1 ,-2 ,-12 ,-5 ,+3 ,+5 ,+4 ,0 
5.1245426 ,Left ,-1 ,+3 ,+35 ,+24 ,+4 ,-4 ,-8 ,-2
5.1246349 ,Left ,-3 ,-7 ,-25 ,-26 ,-9 ,+4 ,+5 ,+4
5.1341407 ,Left ,-1 ,-1 ,+9 ,+15 ,-3 ,-4 ,-2 ,-2
5.1341525 ,Left ,-2 ,-2 ,-2 ,-7 ,-5 ,-1 ,-8 ,0 
5.1492038 ,Left ,-2 ,-1 ,-9 ,-5 ,-5 ,-13 ,0  ,-1
5.1492146 ,Left ,-1 ,0  ,+2 ,+9 ,+3 ,+9 ,+10 ,+2
5.1505316 ,Left ,-8 ,+1 ,+2 ,-2 ,+1 ,-1 ,-4 ,-3
5.1505427 ,Left ,+2 ,-2 ,-16 ,-7 ,+4 ,+3 ,+8 ,-3
5.1710672 ,Left ,+3 ,+3 ,+4 ,+9 ,+3 ,+3 ,+2 ,+15
5.1710715 ,Left ,-3 ,+1 ,+7 ,-6 ,+1 ,+5 ,+10 ,-4
5.1726619 ,Left ,-1 ,-2 ,0  ,-9 ,-4 ,+1 ,+1 ,+2
5.1726657 ,Left ,-1 ,-3 ,-13 ,-12 ,-6 ,-5 ,-7 ,-5
5.1846998 ,Left ,-1 ,-2 ,+7 ,+13 ,-3 ,+1 ,+1 ,-5
5.1847152 ,Left ,0  ,+2 ,+4 ,-18 ,-4 ,-2 ,+5 ,+6
5.1935807 ,Left ,-2 ,-3 ,-10 ,+17 ,-3 ,-3 ,-4 ,-5
5.1936033 ,Left ,-4 ,0  ,-3 ,-10 ,+3 ,-1 ,+4 ,+4
5.2086335 ,Left ,+3 ,0  ,+7 ,-2 ,-2 ,+1 ,+1 ,-5
5.2086783 ,Left ,-1 ,-7 ,-10 ,-3 ,-1 ,+6 ,+7 ,0 
5.2100584 ,Left ,-2 ,0  ,+3 ,0  ,+5 ,0  ,-1 ,-1
5.2100607 ,Left ,0  ,-1 ,-3 ,-4 ,-4 ,+3 ,+2 ,+1
5.2311513 ,Left ,-4 ,0  ,+5 ,+7 ,+7 ,+10 ,-14 ,0 
5.2311546 ,Left ,-1 ,-3 ,0  ,+1 ,-16 ,-12 ,+5 ,-4
5.2326496 ,Left ,0  ,+1 ,+1 ,+4 ,+1 ,-1 ,-1 ,0 
5.2326522 ,Left ,-1 ,-4 ,-15 ,-32 ,-1 ,0  ,-1 ,-1
5.244851 ,Left ,+1 ,+1 ,+5 ,+1 ,-3 ,+4 ,-2 ,-4
5.2448537 ,Left ,+1 ,+2 ,+10 ,+23 ,+5 ,+14 ,+2 ,+3
5.2537601 ,Left ,0  ,-5 ,-4 ,-13 ,-1 ,-2 ,-1 ,0 
5.2537628 ,Left ,+1 ,-2 ,-16 ,-10 ,-3 ,+3 ,-3 ,+2
5.2684756 ,Left ,-4 ,-1 ,+4 ,-13 ,+13 ,-10 ,+5 ,-7
5.2684783 ,Left ,-1 ,+2 ,+6 ,+25 ,-17 ,+2 ,-1 ,-1
5.2700336 ,Left ,0  ,+2 ,+20 ,-12 ,+3 ,-3 ,+1 ,0 
5.2701201 ,Left ,+1 ,-2 ,-16 ,+38 ,+10 ,-9 ,-6 ,-2
5.2912 ,Left ,-4 ,-3 ,-22 ,-19 ,-9 ,-10 ,-5 ,-2
5.2912029 ,Left ,+4 ,+2 ,+5 ,-5 ,+4 ,-6 ,+4 ,+1
5.2925245 ,Left ,-1 ,0  ,0  ,+3 ,+5 ,+19 ,-3 ,0 
5.2925269 ,Left ,0  ,-2 ,+16 ,+11 ,-13 ,-5 ,+1 ,-1
5.3136035 ,Left ,-2 ,0  ,0  ,+5 ,-6 ,-28 ,-7 ,-3
5.3136069 ,Left ,-1 ,+1 ,-2 ,-12 ,+12 ,+9 ,0  ,+2
5.3211317 ,Left ,-3 ,-3 ,-14 ,-25 ,-19 ,-36 ,-7 ,-1
5.3211409 ,Left ,0  ,+3 ,+3 ,-14 ,+3 ,+8 ,-6 ,-2
5.3278068 ,Left ,-1 ,-3 ,+3 ,+35 ,+4 ,+2 ,+12 ,-13
5.3278103 ,Left ,-1 ,-4 ,-9 ,+18 ,+12 ,+7 ,-6 ,+10
5.3362783 ,Left ,-1 ,-1 ,-1 ,+3 ,-29 ,+2 ,-5 ,-2
5.3362815 ,Left ,-1 ,0  ,+2 ,+23 ,0  ,-15 ,-41 ,-4
5.35127 ,Left ,0  ,0  ,-1 ,-59 ,-50 ,-1 ,+36 ,+5
5.3512735 ,Left ,-5 ,-3 ,0  ,-3 ,+3 ,+10 ,+38 ,-10
5.3527104 ,Left ,+12 ,+1 ,-2 ,+1 ,-7 ,+10 ,+39 ,+23
5.3527137 ,Left ,-1 ,-2 ,-4 ,-12 ,+15 ,-57 ,-59 ,-12
5.3740586 ,Left ,-5 ,-2 ,+4 ,+23 ,-8 ,+50 ,+39 ,+7
5.3740626 ,Left ,-1 ,-2 ,-7 ,-24 ,+4 ,-1 ,-25 ,-5
5.3755988 ,Left ,-6 ,+5 ,+2 ,+33 ,+1 ,0  ,+28 ,-4
5.3756019 ,Left ,-10 ,-4 ,0  ,-26 ,-30 ,+13 ,+12 ,+3
5.3886359 ,Left ,+18 ,+1 ,-4 ,-13 ,+58 ,-20 ,+6 ,+7
5.3886389 ,Left ,-9 ,+1 ,+3 ,+10 ,-35 ,0  ,-4 ,-6
5.3902383 ,Left ,0  ,-1 ,-8 ,+18 ,+26 ,+10 ,-16 ,-4
5.3902413 ,Left ,-6 ,-4 ,+4 ,+13 ,-19 ,+9 ,+19 ,-8
5.4115981 ,Left ,-4 ,+4 ,+2 ,+1 ,+28 ,-3 ,-29 ,-4
5.4117474 ,Left ,+4 ,-2 ,-9 ,-21 ,-10 ,+8 ,+3 ,+5
5.412972 ,Left ,-9 ,-10 ,0  ,-23 ,+1 ,-11 ,-18 ,-9
5.4130171 ,Left ,+6 ,+13 ,+22 ,+30 ,+6 ,+6 ,+23 ,+5
5.4252073 ,Left ,+2 ,+4 ,-21 ,-50 ,-19 ,+2 ,-2 ,+6
5.425219 ,Left ,0  ,-3 ,+2 ,+56 ,+14 ,-6 ,-10 ,+1
5.4341874 ,Left ,+1 ,+9 ,+18 ,+47 ,-3 ,-2 ,-11 ,-4
5.434199 ,Left ,-4 ,-18 ,-31 ,-10 ,+5 ,0  ,+10 ,-1
5.4480886 ,Left ,+1 ,+4 ,+31 ,+18 ,-4 ,+2 ,-13 ,-1
5.4481704 ,Left ,-3 ,-7 ,-38 ,-45 ,+9 ,-1 ,+1 ,-4
5.4547476 ,Left ,-3 ,-14 ,-54 ,-85 ,0  ,-6 ,-10 ,-4
5.454799 ,Left ,-1 ,+1 ,+21 ,+3 ,+3 ,+15 ,+14 ,+3
5.4713138 ,Left ,-8 ,-5 ,-15 ,+14 ,-10 ,-10 ,-14 ,-7
5.4713171 ,Left ,+3 ,+3 ,+27 ,+17 ,+4 ,-3 ,+3 ,0 
5.472696 ,Left ,+1 ,+1 ,+17 ,+33 ,+13 ,+10 ,+5 ,0 
5.4726991 ,Left ,+3 ,-1 ,-10 ,-20 ,-9 ,-29 ,-4 ,-2
5.4846107 ,Left ,-3 ,+1 ,+14 ,+9 ,+14 ,+1 ,-7 ,-4
5.4846133 ,Left ,+1 ,+3 ,+12 ,-3 ,-10 ,-4 ,0  ,+1
5.4937632 ,Left ,+2 ,+3 ,+8 ,+3 ,+10 ,0  ,-3 ,0 
5.4937661 ,Left ,-1 ,+3 ,-1 ,+7 ,0  ,+10 ,+8 ,-1
5.5079003 ,Left ,-2 ,0  ,-10 ,+13 ,-6 ,-1 ,-9 ,-1
5.5079031 ,Left ,-2 ,-4 ,-1 ,-13 ,+5 ,-9 ,+13 ,-1
5.5146793 ,Left ,+1 ,+1 ,-4 ,+13 ,+7 ,0  ,-5 ,-1
5.5146815 ,Left ,-1 ,-4 ,-6 ,-13 ,-3 ,+6 ,+7 ,+1
5.5309408 ,Left ,-1 ,-2 ,+5 ,+13 ,-4 ,+1 ,-5 ,-2
5.5309496 ,Left ,+2 ,-2 ,-5 ,+13 ,+4 ,+1 ,-13 ,-14
5.5325028 ,Left ,0  ,+1 ,+2 ,-30 ,-13 ,-4 ,+4 ,+13
5.5325053 ,Left ,-1 ,+2 ,+7 ,+9 ,+7 ,+8 ,+6 ,-1
5.5446242 ,Left ,-3 ,-2 ,-4 ,-24 ,-5 ,-3 ,-3 ,0 
5.5446268 ,Left ,-1 ,+4 ,+5 ,+19 ,-5 ,0  ,-11 ,-11
5.5535478 ,Left ,-1 ,-2 ,-1 ,-1 ,-10 ,-5 ,+3 ,+8
5.5535503 ,Left ,-1 ,0  ,+2 ,-6 ,+4 ,-1 ,-3 ,0 
5.5687147 ,Left ,0  ,-5 ,-8 ,-6 ,-5 ,+2 ,-2 ,-4
5.5687182 ,Left ,-9 ,-1 ,-1 ,+13 ,0  ,-3 ,-4 ,+4
5.570141 ,Left ,+7 ,+1 ,+2 ,-2 ,-1 ,-2 ,-6 ,-5
5.5701439 ,Left ,-1 ,+1 ,-1 ,+15 ,+5 ,-16 ,-8 ,+5
5.5911704 ,Left ,-15 ,-1 ,-2 ,-14 ,-11 ,-14 ,-8 ,-9
5.5911735 ,Left ,+17 ,-3 ,+3 ,+14 ,+2 ,-5 ,+6 ,+11
5.5925528 ,Left ,-3 ,+1 ,+1 ,0  ,-2 ,-10 ,-18 ,-2
5.5925556 ,Left ,-1 ,+1 ,-6 ,-13 ,+3 ,+13 ,+3 ,-1
5.6136475 ,Left ,+7 ,0  ,+11 ,+38 ,-2 ,-11 ,+7 ,+7
5.6136505 ,Left ,-7 ,-4 ,-26 ,-26 ,-2 ,-11 ,-72 ,-13
5.6151587 ,Left ,0  ,-2 ,-1 ,-3 ,0  ,+13 ,+8 ,+9
5.6151616 ,Left ,-1 ,-2 ,+1 ,-12 ,-2 ,-4 ,+62 ,+2
5.6280729 ,Left ,-2 ,-2 ,+5 ,+6 ,-1 ,+36 ,-46 ,-13
5.6280759 ,Left ,-2 ,-1 ,+1 ,-3 ,+5 ,-3 ,+31 ,+12
5.6346801 ,Left ,-9 ,0  ,+1 ,+14 ,+3 ,+7 ,+32 ,-11
5.634683 ,Left ,+6 ,-4 ,-5 ,-5 ,-2 ,+12 ,+1 ,+3
5.6510626 ,Left ,+10 ,+5 ,0  ,+9 ,-5 ,+2 ,+39 ,+12
5.6510655 ,Left ,-3 ,-3 ,-3 ,-20 ,-26 ,-2 ,-2 ,-6
5.6526077 ,Left ,-2 ,+4 ,-1 ,-40 ,-9 ,+2 ,-7 ,-4
5.6526102 ,Left ,-6 ,-2 ,+1 ,+21 ,+27 ,+4 ,-15 ,-3
5.6735567 ,Left ,-8 ,-9 ,-8 ,+31 ,-25 ,-22 ,-4 ,-10
5.6735595 ,Left ,+6 ,-9 ,-14 ,-20 ,+2 ,+4 ,+5 ,+8
5.6750511 ,Left ,-6 ,+6 ,-6 ,-17 ,+11 ,+2 ,+4 ,-1
5.6750537 ,Left ,0  ,+4 ,+10 ,-33 ,-38 ,-16 ,-19 ,-7
5.6883851 ,Left ,+6 ,+10 ,+2 ,-34 ,+28 ,-2 ,-10 ,+2
5.6885336 ,Left ,-11 ,-11 ,+10 ,+61 ,-5 ,0  ,+14 ,-2
5.6949203 ,Left ,+4 ,+4 ,-8 ,-19 ,+5 ,-1 ,-11 ,-4
5.6949918 ,Left ,-2 ,-12 ,-12 ,+3 ,+1 ,+5 ,-2 ,0 
5.7113481 ,Left ,-2 ,-4 ,-12 ,-36 ,-1 ,0  ,+2 ,-1
5.711352 ,Left ,+2 ,+11 ,+5 ,-28 ,+4 ,+4 ,+4 ,+3
5.7127489 ,Left ,0  ,-2 ,+33 ,+25 ,-6 ,-7 ,-1 ,-3
5.7127526 ,Left ,-7 ,-11 ,-41 ,+2 ,0  ,-3 ,-15 ,-6
5.7334959 ,Left ,-3 ,-2 ,+6 ,-3 ,-4 ,-2 ,+8 ,+3
5.7334989 ,Left ,0  ,-1 ,-11 ,-16 ,+9 ,+4 ,0  ,-2
5.7351116 ,Left ,-3 ,-5 ,-20 ,-3 ,-7 ,+13 ,-17 ,-4
5.7351144 ,Left ,0  ,+11 ,+52 ,+24 ,+2 ,-31 ,0  ,+1
5.7473708 ,Left ,-3 ,-7 ,-32 ,+16 ,-2 ,-9 ,+3 ,-4
5.7473735 ,Left ,-2 ,+2 ,+2 ,-37 ,-3 ,+28 ,+2 ,-2
5.756162 ,Left ,-2 ,-4 ,-3 ,+20 ,+3 ,+5 ,+3 ,-2
5.7561718 ,Left ,+2 ,+3 ,+9 ,-7 ,-6 ,+8 ,-4 ,0 
5.7711915 ,Left ,0  ,+3 ,+18 ,+10 ,-1 ,-5 ,0  ,-1
5.7711942 ,Left ,-2 ,+3 ,+6 ,-4 ,-1 ,-11 ,+1 ,-2
5.7726988 ,Left ,-1 ,-2 ,0  ,+19 ,-5 ,-10 ,-2 ,-3
5.7727015 ,Left ,+2 ,+1 ,-3 ,+27 ,+1 ,+12 ,+2 ,0 
5.7937716 ,Left ,-1 ,-4 ,-9 ,-21 ,+1 ,-7 ,-4 ,-1
5.7937761 ,Left ,-2 ,0  ,-4 ,-5 ,+3 ,0  ,+3 ,0 
5.7951779 ,Left ,-3 ,-7 ,-9 ,-11 ,0  ,-2 ,-5 ,-3
5.7951806 ,Left ,0  ,+4 ,-2 ,+1 ,-4 ,-2 ,+2 ,+1
5.8073638 ,Left ,-2 ,0  ,+2 ,+15 ,+7 ,+6 ,-2 ,0 
5.8073667 ,Left ,0  ,0  ,-8 ,-32 ,-11 ,-5 ,+1 ,-1
5.8160969 ,Left ,+1 ,-2 ,+5 ,+17 ,+1 ,-7 ,0  ,-1
5.816162 ,Left ,-3 ,-2 ,-2 ,-18 ,-2 ,+4 ,-2 ,-2
5.830576 ,Left ,-2 ,-1 ,-9 ,-22 ,-7 ,0  ,-3 ,0 
5.8305791 ,Left ,-2 ,-1 ,+6 ,+4 ,+5 ,-2 ,0  ,0 
5.8372567 ,Left ,+1 ,+4 ,+1 ,+19 ,-5 ,-10 ,-2 ,-1
5.8372595 ,Left ,+1 ,+5 ,+2 ,-24 ,+2 ,+7 ,0  ,+1
5.8538022 ,Left ,-2 ,-6 ,-4 ,+6 ,+5 ,+4 ,-3 ,-1
5.8538052 ,Left ,0  ,+1 ,+4 ,+31 ,+2 ,-7 ,-2 ,-1
5.8551982 ,Left ,-1 ,-4 ,-14 ,-35 ,-8 ,-2 ,-3 ,-2
5.8552012 ,Left ,-2 ,-5 ,-19 ,+1 ,-1 ,-1 ,-3 ,-3
5.8670703 ,Left ,-3 ,-2 ,+14 ,-5 ,-6 ,-2 ,-1 ,-1
5.8671003 ,Left ,+1 ,+3 ,-2 ,-2 ,-1 ,-3 ,0  ,+1
5.8762194 ,Left ,-1 ,0  ,+2 ,-2 ,+5 ,0  ,-1 ,0 
5.8762223 ,Left ,+2 ,+5 ,+9 ,+48 ,+2 ,+2 ,-1 ,0 
5.8909866 ,Left ,0  ,+1 ,+4 ,-5 ,-2 ,-2 ,0  ,0 
5.8909896 ,Left ,-5 ,-9 ,-19 ,-21 ,-8 ,-2 ,0  ,-4
5.8925916 ,Left ,0  ,-2 ,-3 ,-11 ,+1 ,-4 ,-4 ,-2
5.8925942 ,Left ,-2 ,-2 ,-10 ,-25 ,-6 ,0  ,0  ,-1
5.9135693 ,Left ,0  ,+1 ,-4 ,-7 ,+1 ,+3 ,0  ,0 
5.913572 ,Left ,+1 ,+1 ,+9 ,+24 ,+5 ,-3 ,+1 ,-2
5.9150466 ,Left ,-2 ,-2 ,0  ,+13 ,+2 ,-1 ,0  ,-1
5.915049 ,Left ,0  ,-6 ,-7 ,-1 ,-2 ,-2 ,-2 ,-2
5.9271754 ,Left ,0  ,0  ,+3 ,+15 ,-1 ,-2 ,-1 ,-2
5.9271781 ,Left ,-2 ,-4 ,-2 ,-15 ,-3 ,-1 ,0  ,-1
5.9360892 ,Left ,+1 ,-3 ,-2 ,+10 ,-1 ,-3 ,-2 ,0 
5.936092 ,Left ,-1 ,0  ,-1 ,-11 ,-1 ,0  ,+1 ,-2
5.9505981 ,Left ,+1 ,0  ,-2 ,+12 ,+9 ,0  ,+1 ,+1
5.9506013 ,Left ,0  ,0  ,+5 ,+13 ,-3 ,-3 ,-1 ,0 
5.9573626 ,Left ,-2 ,+1 ,+18 ,+17 ,-3 ,-4 ,0  ,-2
5.9573659 ,Left ,-4 ,-5 ,-27 ,-10 ,+2 ,+1 ,-3 ,-1
5.9735389 ,Left ,-1 ,-3 ,-1 ,-7 ,-4 ,-3 ,-1 ,-2
5.9735419 ,Left ,+1 ,+1 ,0  ,-4 ,+5 ,-1 ,-1 ,-1
5.9751197 ,Left ,-2 ,0  ,+2 ,-4 ,-3 ,-2 ,+1 ,-1
5.9751225 ,Left ,+1 ,-1 ,+10 ,+13 ,+6 ,+2 ,+1 ,-1
5.9873858 ,Left ,-2 ,+1 ,+4 ,+24 ,-19 ,-3 ,0  ,-1
5.9873891 ,Left ,-1 ,+1 ,-1 ,-23 ,+6 ,+1 ,+1 ,+2
5.9961448 ,Left ,+1 ,-5 ,-7 ,-7 ,-2 ,0  ,0  ,-1
5.9961478 ,Left ,-2 ,-3 ,-2 ,+4 ,+3 ,-2 ,-1 ,0 
6.0105635 ,Left ,0  ,+1 ,-5 ,-17 ,-3 ,+2 ,-1 ,+2
6.0105669 ,Left ,+1 ,0  ,+11 ,+54 ,+8 ,-1 ,-2 ,+1
6.0173981 ,Left ,-1 ,0  ,-4 ,-15 ,-5 ,-2 ,0  ,0 
6.0174023 ,Left ,-4 ,-5 ,+7 ,+2 ,-2 ,-2 ,-2 ,-1
6.0337086 ,Left ,-3 ,-5 ,-12 ,-13 ,-3 ,-1 ,-1 ,-3
6.0337119 ,Left ,-2 ,-6 ,-10 ,-11 ,-4 ,-3 ,-3 ,-3
6.0351512 ,Left ,+1 ,+3 ,-2 ,-6 ,+3 ,-1 ,-1 ,0 
6.0351544 ,Left ,+2 ,0  ,+6 ,-1 ,0  ,+1 ,0  ,0 
6.047362 ,Left ,0  ,+5 ,+7 ,-4 ,-1 ,-1 ,-2 ,-2
6.0473654 ,Left ,0  ,0  ,-2 ,+8 ,+2 ,0  ,-1 ,-1
6.0562637 ,Left ,-3 ,-3 ,-7 ,-30 ,-4 ,-1 ,-2 ,-3
6.0562672 ,Left ,0  ,+1 ,+2 ,+9 ,0  ,+4 ,+1 ,0 
6.0702411 ,Left ,+1 ,-1 ,-1 ,+13 ,+4 ,0  ,-2 ,0 
6.0702441 ,Left ,0  ,+3 ,-1 ,-13 ,-1 ,+2 ,+1 ,-3
6.0771415 ,Left ,0  ,-1 ,+4 ,+14 ,-1 ,0  ,0  ,0 
6.0771447 ,Left ,-2 ,+1 ,-6 ,-10 ,+1 ,-4 ,-1 ,-1
6.093647 ,Left ,-2 ,-1 ,-1 ,-11 ,+6 ,+1 ,+1 ,-1
6.0936506 ,Left ,-2 ,-1 ,-3 ,+7 ,-3 ,0  ,-2 ,-1
6.0952043 ,Left ,-3 ,-3 ,+2 ,+3 ,0  ,0  ,-1 ,+1
6.0952078 ,Left ,-3 ,-7 ,-6 ,+6 ,-6 ,-3 ,0  ,-5
6.1079586 ,Left ,+1 ,+4 ,+7 ,-5 ,-6 ,-3 ,0  ,-1
6.1079615 ,Left ,+1 ,+4 ,-9 ,-26 ,+7 ,-2 ,+1 ,0 
6.1147729 ,Left ,0  ,+1 ,+2 ,+25 ,+2 ,0  ,0  ,-2
6.1147772 ,Left ,+1 ,-2 ,+3 ,-21 ,-15 ,0  ,0  ,-1
6.1309404 ,Left ,-3 ,-1 ,+1 ,+13 ,+10 ,0  ,-1 ,-2
6.1310024 ,Left ,-3 ,-3 ,-1 ,+7 ,-9 ,-5 ,-2 ,-2
6.1325724 ,Left ,+2 ,0  ,-2 ,-1 ,-3 ,-4 ,-2 ,-1
6.1325749 ,Left ,0  ,-1 ,+1 ,-8 ,-1 ,-2 ,-1 ,-1
6.1535417 ,Left ,-2 ,-4 ,-3 ,+27 ,-6 ,-5 ,-3 ,-2
6.1535444 ,Left ,-1 ,+3 ,+1 ,-6 ,+2 ,+2 ,-1 ,+1
6.1549848 ,Left ,-6 ,-6 ,-9 ,-3 ,-3 ,-3 ,-2 ,-1
6.154991 ,Left ,-1 ,+4 ,+6 ,-2 ,+5 ,-2 ,-1 ,0 
6.167805 ,Left ,-2 ,-3 ,-5 ,-10 ,-1 ,+1 ,-1 ,-1
6.1678078 ,Left ,0  ,+2 ,+10 ,+16 ,+1 ,-2 ,-1 ,-1
6.1748853 ,Left ,0  ,-1 ,-10 ,-16 ,-4 ,-1 ,-2 ,0 
6.1748886 ,Left ,0  ,-2 ,0  ,+26 ,+5 ,-2 ,-3 ,-1
6.19117 ,Left ,+1 ,-2 ,-1 ,-21 ,0  ,+2 ,-1 ,+1
6.1911729 ,Left ,-3 ,-4 ,-4 ,-1 ,-3 ,+7 ,+1 ,-1
6.1925703 ,Left ,-3 ,-1 ,+2 ,+11 ,-2 ,-7 ,-2 ,-1
6.1925781 ,Left ,0  ,+5 ,+1 ,-10 ,-1 ,+4 ,0  ,+1
6.2137727 ,Left ,+1 ,-1 ,-10 ,-18 ,-12 ,0  ,+1 ,-1
6.2137757 ,Left ,+1 ,-3 ,+6 ,+8 ,-3 ,0  ,0  ,-1
6.2152544 ,Left ,-2 ,-3 ,+3 ,+3 ,+13 ,+2 ,-2 ,-4
6.2152574 ,Left ,-1 ,-6 ,-19 ,-29 ,-10 ,-3 ,-3 ,-2
6.2270556 ,Left ,-3 ,-3 ,0  ,+7 ,+3 ,+7 ,+1 ,-1
6.2271446 ,Left ,-1 ,+4 ,-1 ,-12 ,-6 ,-3 ,0  ,-1
6.2361535 ,Left ,+1 ,0  ,-2 ,-34 ,-13 ,-2 ,-1 ,0 
6.2361561 ,Left ,-5 ,-1 ,+2 ,+49 ,+15 ,-5 ,-3 ,-2
6.2511859 ,Left ,0  ,0  ,+11 ,0  ,+20 ,-3 ,-2 ,0 
6.2511898 ,Left ,0  ,-3 ,-4 ,+3 ,-10 ,-4 ,-2 ,0 
6.2526128 ,Left ,-3 ,-1 ,-12 ,-12 ,-8 ,0  ,0  ,-2
6.2526153 ,Left ,0  ,-2 ,+6 ,-6 ,+3 ,+3 ,+1 ,0 
6.2735763 ,Left ,-2 ,-2 ,-4 ,-5 ,+1 ,-3 ,-1 ,-1
6.2735935 ,Left ,-1 ,+2 ,+5 ,+3 ,+4 ,-5 ,-2 ,0 
6.2751079 ,Left ,+3 ,+2 ,+5 ,+40 ,+3 ,+1 ,+1 ,0 
6.2751958 ,Left ,-2 ,-2 ,-4 ,-12 ,+3 ,-1 ,-1 ,-2
6.287228 ,Left ,-2 ,-3 ,-4 ,+6 ,-7 ,-6 ,-2 ,-1
6.2872308 ,Left ,-2 ,-3 ,-3 ,-10 ,-15 ,-2 ,+1 ,-2
6.2961868 ,Left ,-2 ,-1 ,0  ,-1 ,-2 ,+1 ,+1 ,-2
6.2961894 ,Left ,0  ,-1 ,0  ,-2 ,+1 ,-2 ,-1 ,0 
6.3110931 ,Left ,+1 ,+2 ,-2 ,-4 ,-3 ,-1 ,-2 ,0 
6.3110959 ,Left ,0  ,-1 ,0  ,-14 ,+6 ,+5 ,-4 ,+2
6.3125218 ,Left ,-3 ,-7 ,-3 ,+20 ,0  ,-3 ,+7 ,-2
6.3125443 ,Left ,-2 ,-1 ,-1 ,-9 ,-6 ,-2 ,-4 ,-1
6.3338275 ,Left ,+1 ,+1 ,0  ,-2 ,+2 ,+6 ,0  ,0 
6.3338304 ,Left ,-2 ,-4 ,-6 ,-10 ,-7 ,-2 ,-2 ,0 
6.3351471 ,Left ,0  ,+1 ,+3 ,-2 ,+3 ,0  ,-4 ,+2
6.3351497 ,Left ,-1 ,-2 ,-3 ,-12 ,-2 ,+1 ,+1 ,0 
6.347217 ,Left ,-2 ,-2 ,-2 ,-1 ,-6 ,-3 ,0  ,-2
6.3472297 ,Left ,-1 ,+1 ,+5 ,+26 ,+4 ,-3 ,-2 ,-2
6.3561475 ,Left ,-5 ,-2 ,-3 ,-20 ,+1 ,0  ,-3 ,-1
6.3561504 ,Left ,-1 ,-2 ,-3 ,-15 ,-6 ,-3 ,-2 ,-3
6.3712636 ,Left ,0  ,-3 ,-4 ,-10 ,-35 ,+1 ,-3 ,+1
6.3712671 ,Left ,-1 ,0  ,+6 ,+9 ,+13 ,-1 ,-1 ,-2
6.3726915 ,Left ,-1 ,-5 ,-7 ,-10 ,+10 ,-3 ,-2 ,0 
6.3726946 ,Left ,0  ,+1 ,0  ,+20 ,+1 ,-1 ,+1 ,0 
6.3935163 ,Left ,-1 ,-2 ,-1 ,-19 ,+17 ,-5 ,-3 ,-1
6.3935194 ,Left ,-1 ,-1 ,-3 ,+1 ,-3 ,-3 ,0  ,-1
6.3950584 ,Left ,-1 ,+1 ,+4 ,+2 ,-11 ,-1 ,-2 ,0 
6.3950612 ,Left ,+1 ,-3 ,-5 ,+9 ,+4 ,+1 ,-2 ,-1
6.4072888 ,Left ,-2 ,-2 ,+1 ,-9 ,-5 ,-1 ,0  ,0 
6.4073148 ,Left ,+3 ,+3 ,+5 ,+6 ,+8 ,0  ,+1 ,+1
6.4162248 ,Left ,-2 ,-2 ,-4 ,-18 ,-9 ,-3 ,-4 ,-3
6.4162319 ,Left ,-1 ,+1 ,+4 ,-4 ,-22 ,-3 ,-1 ,+1
6.4318219 ,Left ,-2 ,-1 ,-10 ,+2 ,-17 ,-3 ,-1 ,-2
6.4318249 ,Left ,-2 ,-3 ,-7 ,-22 ,-3 ,-4 ,-1 ,-4
6.4331733 ,Left ,+2 ,+2 ,+5 ,+15 ,+9 ,+3 ,+1 ,0 
6.4331763 ,Left ,0  ,-2 ,-1 ,-8 ,-6 ,-1 ,0  ,-4
6.4537111 ,Left ,0  ,-1 ,-1 ,-5 ,0  ,-4 ,0  ,+1
6.4537144 ,Left ,-3 ,-1 ,-3 ,+2 ,+9 ,+2 ,-1 ,-1
6.4551758 ,Left ,0  ,0  ,-4 ,+1 ,-19 ,+5 ,+1 ,-1
6.4551793 ,Left ,-2 ,+1 ,+1 ,+13 ,+6 ,-20 ,-5 ,-2
6.4671527 ,Left ,-1 ,+2 ,0  ,-8 ,+10 ,+2 ,+1 ,+1
6.4671557 ,Left ,-1 ,-1 ,-4 ,0  ,-2 ,-4 ,-5 ,-1
6.4761214 ,Left ,0  ,-3 ,-1 ,-10 ,-3 ,+2 ,+1 ,+1
6.4761432 ,Left ,-1 ,+2 ,+3 ,+4 ,+3 ,+7 ,+1 ,+2
6.4907448 ,Left ,+1 ,0  ,+3 ,+26 ,+7 ,-2 ,-3 ,0 
6.4907508 ,Left ,-1 ,-5 ,-6 ,-29 ,-50 ,-13 ,-4 ,-3
6.4970808 ,Left ,-2 ,-1 ,+2 ,+5 ,-4 ,-1 ,0  ,-2
6.497121 ,Left ,+1 ,+1 ,-3 ,-3 ,+14 ,+5 ,0  ,+1
6.513405 ,Left ,-2 ,-3 ,+6 ,+12 ,+3 ,-3 ,-2 ,-3
6.5134383 ,Left ,-2 ,0  ,-2 ,-10 ,+10 ,+7 ,0  ,-1
6.5150073 ,Left ,+2 ,+1 ,-6 ,-16 ,+5 ,-1 ,-1 ,0 
6.5150125 ,Left ,-2 ,-3 ,+9 ,+11 ,-7 ,-3 ,-2 ,-1
6.5271493 ,Left ,+1 ,+2 ,-3 ,+13 ,+1 ,+6 ,-1 ,-3
6.5271795 ,Left ,-1 ,-4 ,-1 ,-12 ,-2 ,0  ,0  ,0 
6.5434682 ,Left ,+1 ,0  ,+2 ,+1 ,+4 ,-4 ,-4 ,-1
6.5434988 ,Left ,-3 ,-3 ,-5 ,-3 ,-8 ,0  ,+1 ,-1
6.5510097 ,Left ,+2 ,+1 ,+5 ,+1 ,+14 ,-2 ,-2 ,-2
6.5510514 ,Left ,0  ,-2 ,-1 ,-1 ,+5 ,+1 ,+1 ,-2
6.5524809 ,Left ,-1 ,+2 ,+3 ,+3 ,-11 ,-7 ,-4 ,-1
6.5525138 ,Left ,-1 ,+1 ,-4 ,-11 ,-4 ,+2 ,+1 ,-1
6.5734404 ,Left ,-3 ,-1 ,-6 ,-1 ,+1 ,+3 ,+2 ,-2
6.5734693 ,Left ,-1 ,-1 ,-6 ,-12 ,-8 ,+5 ,-4 ,-2
6.5750162 ,Left ,-1 ,-1 ,+5 ,+11 ,+2 ,-4 ,-1 ,-1
6.5750474 ,Left ,-4 ,-5 ,-8 ,-4 ,+6 ,+1 ,0  ,-2
6.5871868 ,Left ,+2 ,+1 ,-2 ,-14 ,-8 ,-4 ,-4 ,0 
6.5871916 ,Left ,0  ,0  ,+4 ,+15 ,+11 ,+8 ,+2 ,+1
6.596094 ,Left ,0  ,-2 ,-4 ,-27 ,-3 ,-2 ,-1 ,0 
6.5961244 ,Left ,+1 ,+1 ,+1 ,-14 ,-3 ,-3 ,0  ,0 
6.6114289 ,Left ,-4 ,-6 ,+3 ,+34 ,+4 ,-3 ,-3 ,-3
6.6114451 ,Left ,-2 ,-2 ,-14 ,-18 ,-5 ,-2 ,0  ,-3
6.6129776 ,Left ,-1 ,-2 ,+2 ,-2 ,+2 ,0  ,0  ,-1
6.612998 ,Left ,0  ,-2 ,-2 ,-3 ,+3 ,-2 ,-1 ,0 
6.6341012 ,Left ,-3 ,-4 ,-5 ,-5 ,-6 ,0  ,+1 ,-1
6.63411 ,Left ,+1 ,+1 ,+7 ,+22 ,+4 ,-2 ,+1 ,0 
6.6354192 ,Left ,-1 ,0  ,-1 ,-6 ,+3 ,-1 ,-1 ,-1
6.6354275 ,Left ,-3 ,-3 ,-1 ,+14 ,+1 ,+3 ,-1 ,-3
6.6476187 ,Left ,-3 ,0  ,-5 ,-12 ,+7 ,-1 ,-1 ,-1
6.6477165 ,Left ,-2 ,0  ,+6 ,+20 ,+7 ,-3 ,-2 ,+2
6.6561608 ,Left ,0  ,-1 ,-8 ,-13 ,+6 ,0  ,-1 ,+1
6.6561645 ,Left ,-1 ,-2 ,+2 ,-7 ,-7 ,0  ,-1 ,-1
6.6711612 ,Left ,+2 ,+1 ,-1 ,-13 ,+6 ,0  ,-1 ,-1
6.6711639 ,Left ,-2 ,-3 ,-2 ,+26 ,-7 ,+1 ,+2 ,0 
6.6726531 ,Left ,+1 ,-3 ,-7 ,-15 ,-6 ,+6 ,+1 ,0 
6.6726559 ,Left ,0  ,-2 ,+6 ,+16 ,+8 ,-19 ,-6 ,-3
6.6934632 ,Left ,-1 ,-2 ,-5 ,-4 ,-9 ,-1 ,-1 ,0 
6.693466 ,Left ,+1 ,+4 ,+9 ,+2 ,+6 ,0  ,+3 ,-1
6.6951186 ,Left ,-4 ,-6 ,-9 ,+17 ,+5 ,-1 ,+1 ,-1
6.6951213 ,Left ,0  ,+4 ,-5 ,-32 ,-11 ,+2 ,-1 ,0 
6.7073741 ,Left ,-2 ,-3 ,-3 ,-2 ,+14 ,0  ,-2 ,0 
6.707377 ,Left ,0  ,-2 ,0  ,+16 ,-5 ,-2 ,-1 ,+1
6.7160702 ,Left ,-3 ,-5 ,-2 ,+14 ,-2 ,-2 ,-1 ,-3
6.7160915 ,Left ,0  ,0  ,-1 ,-1 ,+1 ,+10 ,+1 ,0 
6.7309374 ,Left ,-1 ,0  ,-4 ,-4 ,+1 ,-28 ,-6 ,-1
6.7309401 ,Left ,0  ,+4 ,+15 ,+1 ,-1 ,+1 ,0  ,-2
6.7325653 ,Left ,+1 ,-1 ,-3 ,-7 ,+6 ,-2 ,0  ,-1
6.7325678 ,Left ,-1 ,-5 ,-9 ,-21 ,0  ,+5 ,+1 ,-1
6.7536249 ,Left ,+1 ,+2 ,+13 ,+8 ,-12 ,+1 ,0  ,-2
6.7536277 ,Left ,-2 ,-5 ,-12 ,-5 ,-1 ,-3 ,-3 ,-1
6.7551724 ,Left ,+1 ,+6 ,+15 ,+14 ,+5 ,-1 ,-2 ,-1
6.7551752 ,Left ,-2 ,-5 ,-11 ,-7 ,-3 ,-1 ,-1 ,0 
6.7764874 ,Left ,-1 ,-3 ,-5 ,+1 ,-8 ,+6 ,+3 ,0 
6.7764901 ,Left ,0  ,-1 ,0  ,-30 ,-4 ,-6 ,-1 ,-2
6.7779556 ,Left ,-2 ,-2 ,-2 ,-4 ,-1 ,+1 ,-1 ,-2
6.7779685 ,Left ,+1 ,+1 ,+2 ,+18 ,0  ,0  ,+1 ,-1
6.7912084 ,Left ,0  ,-2 ,+7 ,-13 ,-4 ,+1 ,+1 ,0 
6.7912113 ,Left ,-2 ,-5 ,-19 ,+5 ,+8 ,+2 ,-1 ,-2
6.7926289 ,Left ,-1 ,-2 ,0  ,+31 ,0  ,+2 ,-2 ,-2
6.7926314 ,Left ,0  ,+2 ,+5 ,+8 ,+2 ,+4 ,+1 ,+2
6.8137767 ,Left ,-2 ,-2 ,-8 ,-31 ,-13 ,-2 ,-1 ,-1
6.8137794 ,Left ,-1 ,+2 ,+11 ,+22 ,+5 ,+1 ,-1 ,0 
6.8151482 ,Left ,-2 ,-5 ,-13 ,-42 ,-6 ,-2 ,-1 ,-2
6.8151513 ,Left ,0  ,+3 ,+4 ,+25 ,+4 ,0  ,-1 ,-2
6.8362757 ,Left ,-1 ,0  ,0  ,+12 ,+1 ,+3 ,0  ,-1
6.8362785 ,Left ,-1 ,-2 ,-4 ,-8 ,-2 ,-2 ,0  ,0 
6.8376345 ,Left ,-1 ,0  ,+3 ,-40 ,+2 ,+2 ,0  ,0 
6.8376387 ,Left ,-3 ,-5 ,-7 ,+29 ,-5 ,-5 ,-4 ,-3
6.8495941 ,Left ,-1 ,+2 ,+3 ,+48 ,+4 ,+6 ,-4 ,0 
6.8495973 ,Left ,0  ,0  ,-6 ,-51 ,-10 ,-2 ,+2 ,-2
6.858643 ,Left ,-1 ,0  ,-4 ,+3 ,-2 ,-4 ,-8 ,-14
6.8587355 ,Left ,+3 ,+2 ,+4 ,-8 ,0  ,+4 ,+8 ,+18
6.8735335 ,Left ,-3 ,-5 ,-2 ,+5 ,-2 ,-6 ,0  ,-15
6.873536 ,Left ,+1 ,-3 ,-7 ,-20 ,-4 ,+6 ,-15 ,+19
6.8751156 ,Left ,-6 ,+1 ,+7 ,+23 ,-3 ,-6 ,-23 ,-20
6.8751182 ,Left ,-3 ,-1 ,0  ,-15 ,+13 ,+26 ,+46 ,+8
6.8960521 ,Left ,-2 ,0  ,-6 ,-11 ,-3 ,-31 ,-22 ,-2
6.8960553 ,Left ,+3 ,0  ,+3 ,-3 ,+3 ,-10 ,+35 ,0 
6.897654 ,Left ,-4 ,-1 ,-3 ,+4 ,-12 ,-8 ,-10 ,-3
6.8976598 ,Left ,0  ,-4 ,-3 ,-2 ,-3 ,-28 ,-40 ,-6
6.9106124 ,Left ,+3 ,-1 ,-2 ,-18 ,+3 ,+24 ,+4 ,+5
6.9106152 ,Left ,-26 ,-4 ,+1 ,+11 ,-8 ,+2 ,+12 ,-25
6.9246435 ,Left ,+43 ,+5 ,+6 ,+14 ,+11 ,+1 ,-11 ,+19
6.9246463 ,Left ,-9 ,-1 ,-4 ,-11 ,-1 ,-7 ,+9 ,+2
6.9333878 ,Left ,-1 ,-3 ,-3 ,-2 ,-15 ,-24 ,+23 ,+10
6.9334501 ,Left ,+1 ,+7 ,-1 ,-23 ,0  ,+2 ,-52 ,-6
6.9350928 ,Left ,-11 ,0  ,+2 ,+29 ,-7 ,+16 ,+22 ,+1
6.9350954 ,Left ,-1 ,-6 ,-4 ,-27 ,+20 ,-11 ,-20 ,-8
6.9561175 ,Left ,0  ,-1 ,+4 ,+21 ,+8 ,+9 ,-16 ,-5
6.9561272 ,Left ,-2 ,-14 ,-11 ,-30 ,-9 ,0  ,+10 ,+1
6.9575863 ,Left ,-4 ,+11 ,+17 ,+14 ,+22 ,-6 ,+15 ,+5
6.9575889 ,Left ,+4 ,+5 ,+8 ,+33 ,-37 ,+3 ,-6 ,-4
6.9697278 ,Left ,-9 ,-8 ,-28 ,-24 ,+1 ,+4 ,+7 ,-2
6.9697433 ,Left ,+3 ,+7 ,+47 ,+83 ,+11 ,0  ,+6 ,-1
6.9787203 ,Left ,-6 ,-15 ,-68 ,-86 ,-6 ,-4 ,-6 ,+5
6.978723 ,Left ,-6 ,-6 ,+7 ,+19 ,+18 ,-2 ,-4 ,-5
7.0012591 ,Left ,-1 ,+7 ,+36 ,+28 ,0  ,+8 ,+3 ,-3
7.0012618 ,Left ,+4 ,0  ,-17 ,-47 ,-8 ,-3 ,-8 ,+2
7.0026818 ,Left ,-4 ,-4 ,+6 ,+10 ,-14 ,-2 ,-3 ,0 
7.0026845 ,Left ,-2 ,-4 ,-17 ,-8 ,+1 ,+2 ,+5 ,-4
7.0160718 ,Left ,0  ,+3 ,+30 ,+16 ,-9 ,-1 ,+3 ,-2
7.0160746 ,Left ,+2 ,-6 ,-18 ,-35 ,-7 ,+1 ,-3 ,+1
7.0176125 ,Left ,-5 ,+3 ,+6 ,+21 ,+4 ,-2 ,+8 ,+2
7.0177266 ,Left ,-3 ,-4 ,-20 ,-29 ,-11 ,-4 ,+1 ,-4
7.0297335 ,Left ,+2 ,0  ,0  ,-2 ,+6 ,+2 ,-6 ,+1
7.0297435 ,Left ,0  ,+1 ,+20 ,+48 ,+5 ,-1 ,0  ,0 
7.0387495 ,Left ,-4 ,+2 ,+12 ,+8 ,-7 ,-3 ,+3 ,-2
7.0387522 ,Left ,+2 ,-2 ,-3 ,-10 ,-3 ,-3 ,-1 ,-2
7.0537753 ,Left ,+3 ,+1 ,-12 ,-37 ,-5 ,+3 ,-3 ,0 
7.0537781 ,Left ,0  ,0  ,-8 ,+21 ,+4 ,-4 ,0  ,-2
7.0551845 ,Left ,+4 ,-5 ,-9 ,+7 ,-4 ,-3 ,-1 ,-8
7.0551876 ,Left ,-1 ,+3 ,+9 ,-2 ,-6 ,+9 ,0  ,-2
7.0762608 ,Left ,-9 ,-3 ,-8 ,0  ,+2 ,-16 ,-6 ,-13
7.0762635 ,Left ,+11 ,-3 ,-14 ,-22 ,-4 ,0  ,+2 ,+7
7.077679 ,Left ,-9 ,0  ,+13 ,+13 ,+5 ,+9 ,+2 ,0 
7.0776817 ,Left ,+7 ,+1 ,+6 ,+5 ,-3 ,-33 ,-16 ,-2
7.0897517 ,Left ,-1 ,-2 ,-7 ,-10 ,-8 ,+10 ,+25 ,+4
7.0897544 ,Left ,-6 ,-5 ,-13 ,-5 ,0  ,-2 ,-10 ,-14
7.0985072 ,Left ,-3 ,-1 ,+6 ,+12 ,-4 ,-11 ,-7 ,0 
7.0985928 ,Left ,-1 ,+1 ,+4 ,-18 ,-2 ,+15 ,+5 ,0 
7.1138094 ,Left ,-1 ,0  ,-12 ,-8 ,-1 ,-11 ,-12 ,+1
7.1138182 ,Left ,-1 ,+1 ,+7 ,+19 ,-5 ,+22 ,+17 ,0 
7.1151574 ,Left ,+1 ,0  ,+1 ,-16 ,-2 ,+15 ,-3 ,+2
7.1151602 ,Left ,-1 ,+1 ,+4 ,+27 ,0  ,-14 ,-5 ,-1
7.1361285 ,Left ,+1 ,0  ,+1 ,+7 ,+5 ,-7 ,-19 ,+3
7.1361314 ,Left ,-4 ,-1 ,+4 ,+22 ,-5 ,+1 ,+25 ,+1
7.1376631 ,Left ,-2 ,-5 ,-21 ,-18 ,+3 ,0  ,0  ,-3
7.1376968 ,Left ,-5 ,-2 ,-2 ,+4 ,-4 ,+2 ,+3 ,-3
7.1505832 ,Left ,+11 ,-2 ,-1 ,+2 ,-1 ,+8 ,+7 ,+7
7.1505864 ,Left ,+1 ,+1 ,+5 ,+4 ,+6 ,-5 ,-15 ,-4
7.1571345 ,Left ,-4 ,0  ,+6 ,+5 ,+2 ,-3 ,+2 ,+9
7.1571376 ,Left ,-1 ,-2 ,0  ,-12 ,-5 ,+10 ,-11 ,-1
7.1737432 ,Left ,-4 ,-1 ,-6 ,-12 ,-2 ,+5 ,-4 ,-4
7.1737461 ,Left ,-1 ,0  ,-1 ,-2 ,+2 ,-4 ,+2 ,0 
7.1751083 ,Left ,-1 ,-1 ,-11 ,-70 ,-10 ,-20 ,+6 ,-4
7.1751109 ,Left ,+1 ,+2 ,+14 ,+79 ,-8 ,-3 ,+48 ,-2
7.1960322 ,Left ,-7 ,-6 ,-5 ,+10 ,-5 ,-7 ,-57 ,-17
7.1960347 ,Left ,+3 ,+6 ,+1 ,-8 ,-1 ,+7 ,+2 ,+16
7.1977204 ,Left ,-5 ,-2 ,+1 ,-32 ,-9 ,+4 ,-3 ,-2
7.197723 ,Left ,-2 ,-2 ,0  ,+22 ,-1 ,-33 ,+9 ,+2
7.2104542 ,Left ,-3 ,-4 ,-4 ,-24 ,-6 ,+3 ,+10 ,-4
7.2104569 ,Left ,-5 ,-5 ,-10 ,-1 ,-12 ,-18 ,-14 ,-5
7.2172378 ,Left ,+4 ,-1 ,-4 ,+2 ,+20 ,+7 ,+13 ,+3
7.2172407 ,Left ,-2 ,-5 ,+3 ,-14 ,+16 ,+18 ,-12 ,+1
7.2335911 ,Left ,+7 ,+19 ,+41 ,+18 ,-11 ,+1 ,+8 ,+3
7.2335942 ,Left ,-1 ,-1 ,-34 ,-1 ,+2 ,-3 ,-17 ,-4
7.235086 ,Left ,0  ,-3 ,+18 ,+16 ,-2 ,-1 ,+4 ,+3
7.2350883 ,Left ,+1 ,-2 ,-31 ,-98 ,-13 ,+6 ,-13 ,-6
7.2563458 ,Left ,0  ,+4 ,+21 ,+85 ,+5 ,-1 ,+6 ,+4
7.2563486 ,Left ,-3 ,-3 ,-4 ,-12 ,+5 ,-1 ,+9 ,-1
7.2576703 ,Left ,-4 ,-7 ,+15 ,+32 ,+1 ,-1 ,-13 ,-8
7.2576975 ,Left ,0  ,-1 ,-6 ,-58 ,-3 ,-2 ,-5 ,+1
7.2696318 ,Left ,-4 ,-1 ,+12 ,+22 ,-2 ,-1 ,+6 ,+4
7.2696346 ,Left ,-6 ,-12 ,-47 ,-44 ,+5 ,+1 ,-4 ,-2
7.2787174 ,Left ,+1 ,+1 ,-7 ,+34 ,+3 ,-2 ,-2 ,-1
7.2787204 ,Left ,-3 ,0  ,+30 ,+19 ,-6 ,+1 ,-7 ,-2
7.2935623 ,Left ,-3 ,-7 ,-30 ,-44 ,-8 ,-12 ,+7 ,0 
7.2935647 ,Left ,+2 ,+6 ,+40 ,+49 ,+11 ,0  ,-6 ,-3
7.2950635 ,Left ,-2 ,+1 ,+1 ,+15 ,-8 ,-5 ,-2 ,0 
7.2950658 ,Left ,+1 ,+3 ,-9 ,-56 ,-3 ,+18 ,-1 ,+1
7.3160713 ,Left ,0  ,-2 ,+4 ,+60 ,+15 ,+3 ,+7 ,-1
7.316074 ,Left ,-3 ,-4 ,-2 ,+16 ,-3 ,-4 ,+4 ,-2
7.3177038 ,Left ,+1 ,-1 ,-12 ,-20 ,-2 ,-5 ,-14 ,-6
7.3177066 ,Left ,+3 ,+4 ,+9 ,+30 ,+2 ,+4 ,+12 ,+7
7.3298708 ,Left ,-11 ,-7 ,-17 ,-12 ,+6 ,+15 ,0  ,-6
7.3298808 ,Left ,-1 ,0  ,+2 ,-45 ,0  ,-13 ,-1 ,+10
7.3387111 ,Left ,-9 ,-2 ,0  ,+31 ,-21 ,+35 ,-15 ,-34
7.3387142 ,Left ,+10 ,-1 ,+2 ,+42 ,+7 ,-5 ,+13 ,-2
7.3535732 ,Left ,-7 ,-5 ,-19 ,-49 ,+6 ,-9 ,+23 ,+29
7.3535763 ,Left ,+9 ,+4 ,+10 ,-9 ,-3 ,+6 ,-2 ,+13
7.3550847 ,Left ,-23 ,-5 ,+4 ,-7 ,-2 ,-9 ,-36 ,-40
7.3550873 ,Left ,+15 ,+1 ,-8 ,+1 ,-33 ,+29 ,-30 ,+33
7.3762909 ,Left ,+8 ,+1 ,-10 ,-35 ,+60 ,+9 ,+18 ,+12
7.3762938 ,Left ,-5 ,0  ,+10 ,-20 ,-67 ,-13 ,+21 ,-4
7.3776655 ,Left ,0  ,-3 ,+4 ,+47 ,+41 ,-33 ,+9 ,+9
7.3776686 ,Left ,-5 ,+1 ,-10 ,-18 ,-13 ,+9 ,-37 ,-16
7.3898891 ,Left ,+2 ,+2 ,+2 ,-26 ,-13 ,-32 ,+19 ,-9
7.3898918 ,Left ,+1 ,+1 ,+8 ,+51 ,+16 ,+7 ,+1 ,+2
7.3985771 ,Left ,+5 ,+1 ,-10 ,-38 ,+12 ,+11 ,+1 ,+5
7.3986453 ,Left ,-6 ,-3 ,-1 ,0  ,+5 ,-20 ,+15 ,-10
7.4136373 ,Left ,+2 ,-3 ,-6 ,-20 ,-17 ,0  ,-16 ,-1
7.4136585 ,Left ,-4 ,0  ,+16 ,+19 ,+13 ,-2 ,-17 ,-13
7.4151088 ,Left ,+6 ,+2 ,-12 ,-12 ,-17 ,+1 ,+16 ,+17
7.4151112 ,Left ,-8 ,-6 ,-33 ,-21 ,+14 ,-1 ,+7 ,-1
7.435596 ,Left ,+2 ,+6 ,+35 ,+60 ,-7 ,+8 ,-13 ,-4
7.4357788 ,Left ,-1 ,-3 ,-17 ,-41 ,-5 ,-2 ,-6 ,-7
7.4437721 ,Left ,+2 ,-6 ,+2 ,-32 ,+2 ,+1 ,+13 ,+12
7.4438792 ,Left ,-3 ,+3 ,+20 ,+68 ,+6 ,-7 ,0  ,-3
7.4497513 ,Left ,-1 ,-16 ,-64 ,-58 ,-6 ,+11 ,-12 ,-6
7.4497622 ,Left ,0  ,0  ,+2 ,-30 ,0  ,-1 ,-3 ,-7
7.4587068 ,Left ,+4 ,+8 ,+43 ,+34 ,-4 ,-8 ,+2 ,+9
7.4587104 ,Left ,+1 ,+5 ,-1 ,-13 ,+9 ,-4 ,+1 ,-4
7.4732448 ,Left ,-4 ,-8 ,-14 ,+10 ,-35 ,+2 ,-4 ,-6
7.473248 ,Left ,-5 ,-7 ,-17 ,+26 ,+19 ,+2 ,-5 ,0 
7.4796443 ,Left ,0  ,-3 ,-13 ,-23 ,-18 ,-1 ,+1 ,+5
7.4796479 ,Left ,-2 ,+4 ,+33 ,+41 ,-20 ,0  ,+1 ,-4
7.4960644 ,Left ,-1 ,+1 ,-3 ,-62 ,+1 ,-2 ,-1 ,-1
7.4960674 ,Left ,-2 ,-2 ,-17 ,-8 ,-3 ,-1 ,-1 ,0 
7.4976762 ,Left ,0  ,+4 ,+14 ,+46 ,-8 ,+4 ,-5 ,+1
7.4976791 ,Left ,-5 ,-2 ,-4 ,-46 ,+28 ,+13 ,+16 ,-2
7.5095533 ,Left ,+2 ,+3 ,+16 ,+34 ,+4 ,-23 ,-17 ,-1
7.509575 ,Left ,0  ,-2 ,-6 ,-31 ,-33 ,-10 ,-5 ,-3
7.5187053 ,Left ,+1 ,0  ,-11 ,-24 ,+5 ,+25 ,+9 ,+4
7.5187079 ,Left ,-5 ,0  ,+6 ,-2 ,+3 ,-5 ,-8 ,-7
7.5328653 ,Left ,-1 ,-1 ,-3 ,+12 ,+11 ,+9 ,+12 ,-6
7.5328678 ,Left ,+3 ,0  ,+7 ,-39 ,+11 ,+5 ,+3 ,+2
7.5397569 ,Left ,-2 ,+1 ,+9 ,+40 ,+1 ,-14 ,+22 ,-17
7.5397595 ,Left ,+4 ,-6 ,-19 ,-35 ,-3 ,-19 ,-18 ,+27
7.5560747 ,Left ,0  ,-1 ,+9 ,+4 ,-14 ,+20 ,+15 ,-9
7.5560781 ,Left ,-2 ,+2 ,+11 ,+43 ,-1 ,-18 ,-15 ,-3
7.5575304 ,Left ,0  ,0  ,-6 ,+21 ,+1 ,-3 ,+17 ,+2
7.5575725 ,Left ,-7 ,-4 ,-8 ,-18 ,+1 ,-1 ,+1 ,-14
7.5698577 ,Left ,-1 ,-1 ,+3 ,-2 ,-1 ,-4 ,-14 ,+1
7.5698612 ,Left ,-1 ,+1 ,+10 ,+20 ,+9 ,+8 ,+12 ,+4
7.5787429 ,Left ,+3 ,-2 ,-8 ,-10 ,+7 ,-1 ,-11 ,+7
7.5787462 ,Left ,-3 ,-2 ,-1 ,+14 ,-6 ,-5 ,+2 ,-7
7.5935736 ,Left ,-1 ,-1 ,+3 ,+15 ,-3 ,+1 ,-10 ,+2
7.5935768 ,Left ,-3 ,-4 ,-2 ,+2 ,+6 ,+2 ,-3 ,-4
7.5951182 ,Left ,+1 ,0  ,0  ,-11 ,-5 ,-9 ,-9 ,+2
7.5951212 ,Left ,-1 ,+1 ,0  ,-2 ,-6 ,-4 ,-10 ,-4
7.6160133 ,Left ,0  ,+1 ,0  ,+8 ,+1 ,-6 ,+3 ,0 
7.6160167 ,Left ,-5 ,-4 ,-13 ,-67 ,-6 ,0  ,+12 ,-11
7.6176387 ,Left ,+2 ,-5 ,-5 ,+3 ,-6 ,+22 ,-6 ,+14
7.6176425 ,Left ,-5 ,-2 ,+7 ,+52 ,+7 ,+5 ,+3 ,-4
7.6385813 ,Left ,+1 ,-3 ,-6 ,-31 ,+1 ,+2 ,+3 ,+3
7.63859 ,Left ,+2 ,+4 ,+9 ,+50 ,+2 ,+8 ,+13 ,+1
7.6401379 ,Left ,-8 ,-4 ,-10 ,-36 ,-18 ,-36 ,-34 ,-8
7.6402016 ,Left ,-4 ,-3 ,-9 ,+6 ,-3 ,+17 ,+49 ,+4
7.6536043 ,Left ,+6 ,-3 ,+2 ,-3 ,-8 ,-27 ,-76 ,-15
7.6536072 ,Left ,-1 ,+3 ,+3 ,-12 ,+27 ,-1 ,-3 ,+5
7.6551652 ,Left ,0  ,-2 ,-3 ,+6 ,-28 ,-13 ,+35 ,0 
7.6551684 ,Left ,+2 ,+1 ,+7 ,+27 ,-14 ,-29 ,-62 ,-3
7.6760764 ,Left ,-5 ,-1 ,-6 ,-27 ,+26 ,+33 ,+14 ,-1
7.6761027 ,Left ,0  ,-3 ,+2 ,+21 ,+10 ,0  ,-3 ,+2
7.67769 ,Left ,+1 ,+9 ,+15 ,-9 ,+10 ,-8 ,-25 ,-2
7.6776936 ,Left ,-1 ,0  ,+5 ,-37 ,+4 ,-1 ,+13 ,-4
7.6986483 ,Left ,-7 ,-10 ,-18 ,+10 ,-17 ,-4 ,+18 ,0 
7.6986514 ,Left ,-3 ,-2 ,-33 ,-23 ,-4 ,+10 ,-9 ,-2
7.700141 ,Left ,-3 ,-14 ,-15 ,+46 ,+15 ,+15 ,+14 ,-1
7.7001443 ,Left ,+10 ,+32 ,+82 ,+42 ,-9 ,-5 ,+2 ,-1
7.7132284 ,Left ,-4 ,-3 ,-22 ,-74 ,-1 ,+1 ,+10 ,+1
7.7132333 ,Left ,-3 ,-12 ,-26 ,+33 ,+8 ,+9 ,+1 ,0 
7.7196832 ,Left ,-5 ,-6 ,-12 ,-28 ,-3 ,-4 ,-14 ,-2
7.719686 ,Left ,0  ,-8 ,-30 ,-30 ,+12 ,+4 ,+5 ,-2
7.7361264 ,Left ,-1 ,+5 ,+26 ,+36 ,0  ,-7 ,-14 ,0 
7.7361292 ,Left ,+3 ,+4 ,+19 ,+10 ,-10 ,-8 ,0  ,0 
7.7376721 ,Left ,+2 ,+6 ,-2 ,+1 ,+4 ,+9 ,+1 ,+2
7.7376752 ,Left ,-2 ,-11 ,-30 ,-46 ,-2 ,-7 ,-6 ,-2
7.759035 ,Left ,0  ,+5 ,+24 ,+49 ,-3 ,+3 ,+14 ,+2
7.7592099 ,Left ,-2 ,-5 ,-2 ,-6 ,-7 ,0  ,-1 ,-3
7.7605849 ,Left ,+2 ,+7 ,+25 ,+7 ,+9 ,-1 ,-1 ,-1
7.7605963 ,Left ,-1 ,-6 ,-15 ,+18 ,+7 ,+1 ,0  ,+1
7.7811008 ,Left ,-6 ,-8 ,-19 ,-21 ,-9 ,-5 ,+6 ,-4
7.7811037 ,Left ,+1 ,+6 ,+24 ,+32 ,+5 ,-4 ,-4 ,+1
7.7827053 ,Left ,-1 ,0  ,-12 ,-59 ,-3 ,-2 ,-4 ,0 
7.7827088 ,Left ,-3 ,-6 ,-5 ,+7 ,0  ,-3 ,+1 ,-5
7.7960334 ,Left ,+1 ,-1 ,-5 ,+24 ,-7 ,-5 ,0  ,-2
7.7960363 ,Left ,-4 ,-2 ,+5 ,+4 ,-4 ,+7 ,-8 ,-10
7.7975612 ,Left ,0  ,0  ,-4 ,-21 ,-14 ,0  ,0  ,+6
7.7975636 ,Left ,-6 ,-6 ,-18 ,-22 ,-2 ,+3 ,+1 ,-4
7.8186662 ,Left ,+10 ,+2 ,+8 ,-13 ,+3 ,+1 ,+4 ,+1
7.8186692 ,Left ,+1 ,+3 ,+1 ,-2 ,-4 ,-3 ,0  ,0 
7.8200763 ,Left ,-2 ,-4 ,-5 ,+9 ,+6 ,-3 ,+1 ,-6
7.8200788 ,Left ,-1 ,-3 ,+5 ,-3 ,-3 ,+9 ,-2 ,+3
7.8331218 ,Left ,-4 ,-1 ,-4 ,-9 ,-3 ,-14 ,-2 ,+1
7.8331246 ,Left ,-2 ,0  ,+1 ,0  ,-1 ,+11 ,-8 ,-2
7.839842 ,Left ,-1 ,-2 ,-4 ,-1 ,+3 ,+4 ,+6 ,-3
7.8398448 ,Left ,0  ,-3 ,-7 ,-11 ,0  ,-6 ,-3 ,+1
7.8560443 ,Left ,-2 ,-1 ,+4 ,+11 ,+2 ,+8 ,+4 ,0 
7.8560471 ,Left ,-1 ,0  ,-3 ,-24 ,-6 ,-11 ,-2 ,+2
7.8576376 ,Left ,-1 ,+4 ,+2 ,+1 ,-1 ,-5 ,-7 ,-1
7.8576977 ,Left ,0  ,-2 ,-2 ,+11 ,+1 ,+2 ,0  ,+1
7.8787795 ,Left ,-4 ,-1 ,-3 ,0  ,-1 ,0  ,-1 ,-1
7.8787824 ,Left ,0  ,-4 ,+3 ,+19 ,-1 ,-8 ,+4 ,+1
7.8801866 ,Left ,-1 ,-4 ,-3 ,-30 ,-4 ,-2 ,-3 ,-1
7.8801899 ,Left ,+2 ,+3 ,+14 ,+15 ,-2 ,-2 ,0  ,-1
7.8921252 ,Left ,+2 ,0  ,-18 ,-4 ,-3 ,+1 ,-3 ,0 
7.8921282 ,Left ,-5 ,-5 ,+1 ,-7 ,+2 ,-6 ,-1 ,-2
7.9011456 ,Left ,-2 ,-2 ,+2 ,+18 ,+1 ,+1 ,+2 ,-2
7.9011483 ,Left ,-1 ,-3 ,-8 ,-17 ,-3 ,-1 ,-4 ,0 
7.9160991 ,Left ,-1 ,+5 ,+13 ,0  ,+3 ,0  ,+2 ,0 
7.9161028 ,Left ,-1 ,-2 ,-17 ,+5 ,-8 ,-1 ,0  ,-2
7.917686 ,Left ,-2 ,-3 ,-3 ,-22 ,+1 ,-1 ,+4 ,-3
7.9176891 ,Left ,-2 ,-6 ,-3 ,-3 ,+1 ,+2 ,-4 ,-2
7.9387329 ,Left ,-3 ,-4 ,+1 ,+6 ,-12 ,-16 ,-5 ,-2
7.9387356 ,Left ,+1 ,+5 ,+7 ,-4 ,-2 ,-4 ,-2 ,0 
7.9402113 ,Left ,0  ,+1 ,+9 ,+50 ,+13 ,+1 ,+2 ,+1
7.940214 ,Left ,-4 ,-4 ,-23 ,-44 ,-13 ,-5 ,0  ,-1
7.9521716 ,Left ,-1 ,-1 ,-1 ,-6 ,+3 ,+10 ,-3 ,-1
7.9521741 ,Left ,-1 ,-3 ,0  ,-22 ,-1 ,+8 ,+1 ,+1
7.9610753 ,Left ,+2 ,+3 ,+4 ,+7 ,+1 ,-31 ,-15 ,-1
7.9611591 ,Left ,-3 ,+2 ,+3 ,+13 ,+1 ,-2 ,+19 ,-1
7.9760569 ,Left ,-1 ,-2 ,-1 ,+2 ,+6 ,+2 ,-1 ,-1
7.9760598 ,Left ,0  ,+1 ,0  ,-21 ,-1 ,-2 ,-2 ,+1
7.9775646 ,Left ,+3 ,+2 ,+2 ,+15 ,+1 ,+9 ,0  ,+3
7.9775802 ,Left ,-4 ,-8 ,-15 ,+7 ,-6 ,-8 ,-8 ,-2
7.9987134 ,Left ,0  ,0  ,+5 ,+5 ,-2 ,-2 ,+1 ,0 
7.9987162 ,Left ,-2 ,-1 ,+4 ,+12 ,-2 ,0  ,0  ,-2
8.0001766 ,Left ,-1 ,-4 ,-11 ,-11 ,0  ,+3 ,+2 ,-2
8.0001794 ,Left ,0  ,+2 ,-2 ,+13 ,-3 ,-2 ,-5 ,-1
8.0121875 ,Left ,-2 ,-1 ,-6 ,-63 ,-5 ,+9 ,+5 ,0 
8.01219 ,Left ,-2 ,-1 ,+4 ,+35 ,+4 ,-9 ,-6 ,-3
8.0212259 ,Left ,+1 ,+2 ,+15 ,+12 ,0  ,-20 ,-2 ,0 
8.021229 ,Left ,0  ,-1 ,-2 ,-13 ,+5 ,0  ,-8 ,0 
8.0362611 ,Left ,0  ,+2 ,+7 ,+12 ,+1 ,+2 ,-1 ,-2
8.036264 ,Left ,-2 ,-4 ,-11 ,-16 ,-5 ,+2 ,+3 ,0 
8.0376829 ,Left ,-1 ,0  ,-9 ,-20 ,+1 ,+9 ,+4 ,+1
8.0376857 ,Left ,-1 ,+1 ,+11 ,+18 ,-3 ,+2 ,0  ,-2
8.0585178 ,Left ,-3 ,0  ,+2 ,+34 ,+10 ,-2 ,-2 ,0 
8.0585205 ,Left ,+2 ,0  ,+2 ,-17 ,-18 ,-6 ,0  ,0 
8.0600904 ,Left ,-1 ,-3 ,-6 ,+4 ,+8 ,+13 ,+3 ,-4
8.0600929 ,Left ,+1 ,-1 ,-5 ,-26 ,-5 ,-3 ,-8 ,-1
8.0724422 ,Left ,-1 ,-2 ,+6 ,+77 ,+6 ,-21 ,-4 ,-2
8.0724451 ,Left ,-1 ,-1 ,-10 ,-73 ,-9 ,-10 ,-4 ,-1
8.0811513 ,Left ,-1 ,-4 ,0  ,+35 ,-5 ,+6 ,-4 ,-2
8.0811544 ,Left ,-1 ,+1 ,+7 ,+12 ,+5 ,-1 ,+1 ,-1
8.0960623 ,Left ,-2 ,-1 ,-1 ,-17 ,-3 ,+7 ,+3 ,-1
8.0960654 ,Left ,-1 ,-1 ,0  ,+35 ,+14 ,+4 ,-1 ,+2
8.0976587 ,Left ,0  ,-4 ,-19 ,-21 ,-10 ,-10 ,-7 ,-2
8.0976971 ,Left ,-2 ,-2 ,+1 ,+3 ,-4 ,+7 ,+1 ,-1
8.1186902 ,Left ,-1 ,+1 ,+2 ,-24 ,-8 ,-1 ,-3 ,+1
8.1186931 ,Left ,0  ,0  ,-5 ,+40 ,+8 ,+7 ,+2 ,-1
8.1201754 ,Left ,-3 ,0  ,+9 ,0  ,-7 ,+5 ,0  ,-1
8.1201781 ,Left ,-2 ,-1 ,+1 ,+43 ,+1 ,-9 ,+2 ,0 
8.141173 ,Left ,-1 ,-2 ,0  ,-22 ,-1 ,+6 ,-19 ,-12
8.1411761 ,Left ,-3 ,+2 ,+1 ,-24 ,-3 ,-7 ,+12 ,+11
8.1426887 ,Left ,+1 ,-1 ,-6 ,+5 ,-4 ,+1 ,-22 ,-2
8.1426921 ,Left ,-4 ,-1 ,+2 ,+13 ,+2 ,-3 ,-1 ,+1
8.1561525 ,Left ,0  ,-2 ,-4 ,-14 ,-6 ,-23 ,-17 ,-1
8.1561554 ,Left ,-2 ,+1 ,-1 ,-6 ,-1 ,+10 ,+29 ,-15
8.1575855 ,Left ,-14 ,-6 ,-6 ,-41 ,-9 ,+8 ,-11 ,-31
8.1576579 ,Left ,+10 ,0  ,+8 ,+22 ,+4 ,-12 ,+22 ,+43
8.1784903 ,Left ,-8 ,-1 ,-5 ,-16 ,-2 ,-9 ,-35 ,-16
8.1785512 ,Left ,0  ,0  ,0  ,+10 ,-1 ,+20 ,+9 ,+6
8.1801203 ,Left ,+7 ,0  ,+1 ,+7 ,+6 ,-23 ,+21 ,+16
8.1801234 ,Left ,-5 ,+1 ,-3 ,-22 ,+26 ,+46 ,+48 ,-15
8.2012878 ,Left ,-1 ,-4 ,-6 ,+43 ,-7 ,+5 ,+30 ,+2
8.2012915 ,Left ,+2 ,+5 ,+8 ,+12 ,-9 ,+2 ,-16 ,+2
8.2027163 ,Left ,-5 ,-3 ,+6 ,+28 ,+58 ,+11 ,-12 ,-1
8.2027213 ,Left ,-1 ,-4 ,-11 ,-27 ,-37 ,-20 ,-31 ,-10
8.2159904 ,Left ,+5 ,0  ,+4 ,-6 ,-2 ,+23 ,+22 ,+10
8.2160203 ,Left ,-2 ,-4 ,+2 ,+10 ,+23 ,0  ,-12 ,-7
8.2175272 ,Left ,+4 ,+4 ,+13 ,+1 ,-15 ,+15 ,+9 ,+6
8.2175302 ,Left ,0  ,0  ,-11 ,-45 ,+3 ,+4 ,-5 ,-3
8.2387804 ,Left ,-4 ,-5 ,-19 ,+42 ,-6 ,-1 ,-6 ,-5
8.238784 ,Left ,+4 ,+11 ,+39 ,+6 ,-1 ,-15 ,-18 ,0 
8.2402411 ,Left ,0  ,-7 ,-16 ,-13 ,-16 ,-7 ,+15 ,+4
8.2402443 ,Left ,+5 ,+26 ,+59 ,+48 ,+12 ,-4 ,-12 ,+1
8.2523525 ,Left ,-4 ,-21 ,-66 ,-105 ,-17 ,-3 ,+1 ,-3
8.2523559 ,Left ,+4 ,0  ,-45 ,-5 ,+6 ,-4 ,+10 ,+3
8.2612068 ,Left ,+3 ,+15 ,+38 ,-4 ,-9 ,-4 ,0  ,+3
8.2612104 ,Left ,-9 ,-17 ,-71 ,-28 ,-11 ,-3 ,-11 ,-12
8.2752848 ,Left ,+2 ,+7 ,+51 ,+45 ,+15 ,+8 ,+7 ,+6
8.275288 ,Left ,-5 ,-16 ,-41 ,-37 ,-12 ,-5 ,-2 ,-2
8.2837407 ,Left ,-3 ,0  ,+1 ,+18 ,-8 ,-1 ,-4 ,-3
8.2837438 ,Left ,-1 ,-3 ,+6 ,-43 ,-5 ,-8 ,-11 ,-6
8.2986182 ,Left ,-1 ,+4 ,+11 ,-5 ,0  ,-6 ,+12 ,+3
8.2986215 ,Left ,0  ,-1 ,+1 ,+16 ,0  ,-2 ,-5 ,+1
8.3002546 ,Left ,-3 ,+1 ,+4 ,+13 ,-13 ,-2 ,-2 ,-1
8.3002579 ,Left ,-3 ,-4 ,+2 ,-17 ,+41 ,-3 ,+4 ,-1
8.3122327 ,Left ,-3 ,-2 ,-4 ,+22 ,+3 ,+3 ,+3 ,+4
8.3122359 ,Left ,+4 ,+3 ,+16 ,-8 ,+5 ,-2 ,-2 ,+2
8.3211767 ,Left ,-1 ,-1 ,-7 ,+1 ,-35 ,-1 ,0  ,+1
8.3211798 ,Left ,-4 ,-8 ,-11 ,-24 ,-3 ,-1 ,-4 ,-3
8.3355795 ,Left ,0  ,+2 ,+1 ,-3 ,+1 ,-3 ,-4 ,-1
8.3355829 ,Left ,-1 ,-2 ,+9 ,+2 ,+6 ,+4 ,+9 ,-2
8.3421667 ,Left ,-8 ,-5 ,-9 ,+3 ,+1 ,-15 ,-11 ,-11
8.3421718 ,Left ,+10 ,+3 ,-1 ,+11 ,-5 ,+5 ,+3 ,+21
8.3587185 ,Left ,-4 ,+3 ,+2 ,-33 ,-5 ,0  ,-3 ,-5
8.3587222 ,Left ,-2 ,-3 ,+12 ,+44 ,-7 ,-14 ,-3 ,-2
8.3602141 ,Left ,-3 ,-8 ,-25 ,-71 ,-1 ,+3 ,+1 ,+5
8.3602174 ,Left ,0  ,+5 ,+14 ,+30 ,+5 ,-2 ,-2 ,-11
8.3723781 ,Left ,-1 ,+1 ,+3 ,+6 ,+4 ,-9 ,-9 ,+2
8.3723815 ,Left ,+2 ,-2 ,+3 ,+13 ,0  ,+23 ,+18 ,-4
8.381116 ,Left ,-1 ,-1 ,-5 ,-15 ,+4 ,0  ,-9 ,-2
8.3811191 ,Left ,-3 ,-5 ,-2 ,+20 ,-9 ,-4 ,-12 ,-12
8.3953268 ,Left ,+5 ,+1 ,-1 ,-3 ,0  ,+12 ,+23 ,+12
8.3953596 ,Left ,-4 ,-3 ,-6 ,-14 ,-6 ,-29 ,-38 ,-7
8.4021261 ,Left ,0  ,+1 ,0  ,+7 ,+6 ,+21 ,+4 ,-8
8.4021286 ,Left ,-3 ,0  ,+6 ,+3 ,-10 ,-19 ,+9 ,+11
8.4184023 ,Left ,-1 ,+1 ,0  ,-2 ,+1 ,-15 ,+6 ,-13
8.4184237 ,Left ,-2 ,-4 ,+1 ,-1 ,+9 ,+12 ,+19 ,+6
8.4200754 ,Left ,-4 ,+4 ,+2 ,+2 ,-1 ,-9 ,+7 ,-1
8.4201097 ,Left ,-2 ,-1 ,+1 ,+3 ,-3 ,+23 ,-8 ,-16
8.4412415 ,Left ,0  ,+3 ,-4 ,-8 ,-3 ,-27 ,-4 ,+8
8.4412451 ,Left ,-3 ,0  ,0  ,-36 ,+6 ,-11 ,+7 ,+3
8.4426567 ,Left ,-3 ,-10 ,-3 ,+44 ,0  ,-15 ,-6 ,-3
8.4426593 ,Left ,+1 ,+5 ,+2 ,-8 ,-3 ,+12 ,+13 ,+2
8.4559695 ,Left ,0  ,-1 ,-2 ,-6 ,-6 ,-2 ,+4 ,-3
8.4559718 ,Left ,-3 ,-8 ,+5 ,-7 ,-3 ,+6 ,-5 ,-3
8.4575163 ,Left ,+1 ,0  ,-11 ,-20 ,-6 ,+3 ,-4 ,+1
8.4575837 ,Left ,-1 ,+1 ,+2 ,-7 ,-9 ,-12 ,-13 ,-4
8.478759 ,Left ,+2 ,-4 ,+9 ,+31 ,+15 ,+16 ,-8 ,+2
8.4787617 ,Left ,+2 ,+11 ,+13 ,+10 ,+8 ,-2 ,-5 ,-1
8.4801985 ,Left ,-3 ,-14 ,-25 ,-25 ,-12 ,+12 ,+4 ,-2
8.4802014 ,Left ,0  ,+5 ,+20 ,-22 ,-8 ,-38 ,-2 ,+1
8.4922472 ,Left ,+2 ,+3 ,+2 ,-29 ,+2 ,-2 ,-6 ,-4
8.4922499 ,Left ,-7 ,-13 ,-34 ,+1 ,-13 ,0  ,-8 ,-7
8.5011053 ,Left ,+4 ,+5 ,+37 ,+37 ,+16 ,0  ,+10 ,+7
8.501135 ,Left ,0  ,-3 ,-11 ,-34 ,-5 ,+10 ,-1 ,-1
8.5155469 ,Left ,-3 ,-3 ,+15 ,+57 ,-4 ,+1 ,-6 ,-4
8.5155496 ,Left ,0  ,-2 ,-47 ,-59 ,-12 ,-3 ,0  ,+1
8.5224465 ,Left ,-2 ,-13 ,-76 ,-55 ,-1 ,+5 ,-9 ,-1
8.5224502 ,Left ,-4 ,-3 ,+38 ,+61 ,0  ,-3 ,-6 ,-5
8.5384946 ,Left ,-2 ,-3 ,-21 ,-27 ,-3 ,+2 ,-3 ,-3
8.5385319 ,Left ,+1 ,+7 ,+48 ,+54 ,-11 ,+2 ,-7 ,+2
8.539968 ,Left ,-2 ,-8 ,-49 ,-67 ,+4 ,0  ,+23 ,+1
8.5399872 ,Left ,-2 ,0  ,+5 ,+25 ,-7 ,+9 ,-8 ,-1
8.5526649 ,Left ,+2 ,+4 ,+11 ,+25 ,+11 ,+20 ,+9 ,+3
8.5526675 ,Left ,-2 ,+1 ,+14 ,-16 ,-11 ,-9 ,-5 ,-1
8.5612351 ,Left ,+4 ,+7 ,+34 ,+21 ,+3 ,+5 ,0  ,+1
8.5612378 ,Left ,-2 ,-6 ,-24 ,-35 ,-6 ,-4 ,-4 ,-2
8.5755862 ,Left ,-1 ,-2 ,-12 ,-15 ,-9 ,-3 ,-2 ,-2
8.575589 ,Left ,-2 ,-3 ,+3 ,+25 ,+6 ,+2 ,+1 ,-5
8.5822989 ,Left ,+1 ,+2 ,+20 ,+12 ,0  ,-6 ,-8 ,-1
8.5823015 ,Left ,-2 ,-1 ,-18 ,+7 ,-8 ,+6 ,+7 ,+3
8.5984956 ,Left ,-3 ,0  ,-1 ,-14 ,+1 ,-5 ,-7 ,-2
8.598511 ,Left ,+1 ,-2 ,-4 ,-8 ,-10 ,-4 ,+1 ,-2
8.6001264 ,Left ,-2 ,-2 ,0  ,+12 ,+63 ,+2 ,0  ,0 
8.600129 ,Left ,-1 ,0  ,+4 ,+24 ,-25 ,-8 ,-4 ,-2
8.6212803 ,Left ,0  ,0  ,+1 ,-22 ,-1 ,+3 ,+4 ,-1
8.6212834 ,Left ,-3 ,0  ,-3 ,-6 ,-1 ,-2 ,-5 ,-2
8.622682 ,Left ,+2 ,+5 ,+10 ,-30 ,-13 ,-2 ,-1 ,0 
8.622685 ,Left ,+2 ,-3 ,-3 ,+59 ,+19 ,+2 ,+2 ,0 
8.6352316 ,Left ,+1 ,-2 ,-4 ,+33 ,-8 ,-4 ,-3 ,-3
8.6352538 ,Left ,-1 ,-2 ,-4 ,-3 ,+8 ,+3 ,+2 ,0 
8.6499201 ,Left ,0  ,+1 ,+11 ,+6 ,-15 ,-3 ,-4 ,-2
8.6499229 ,Left ,-2 ,-4 ,-4 ,-12 ,+12 ,0  ,0  ,-1
8.6578628 ,Left ,-2 ,-4 ,-9 ,-15 ,-10 ,-5 ,-4 ,-1
8.6578658 ,Left ,+1 ,+3 ,+13 ,+14 ,+3 ,+3 ,-1 ,0 
8.6663389 ,Left ,-3 ,-7 ,-11 ,+3 ,-11 ,-1 ,0  ,0 
8.666342 ,Left ,+1 ,+1 ,-5 ,-28 ,-10 ,-2 ,-1 ,-2
8.6810235 ,Left ,0  ,0  ,+4 ,+20 ,+22 ,-2 ,-1 ,-1
8.6810265 ,Left ,-3 ,-5 ,-7 ,-49 ,-14 ,+8 ,+1 ,-2
8.6825895 ,Left ,+1 ,+6 ,+17 ,+17 ,-4 ,-24 ,-6 ,0 
8.682592 ,Left ,-3 ,-5 ,-8 ,-13 ,+5 ,+2 ,0  ,-2
8.695389 ,Left ,-3 ,-5 ,+6 ,-4 ,-4 ,-3 ,-3 ,-3
8.6953916 ,Left ,+3 ,+1 ,-14 ,+9 ,+5 ,+2 ,+2 ,-1
8.7021385 ,Left ,+1 ,+3 ,+10 ,+12 ,-12 ,+3 ,+1 ,0 
8.7021411 ,Left ,0  ,+2 ,-8 ,-10 ,+5 ,0  ,-1 ,0 
8.7185264 ,Left ,-3 ,-2 ,+3 ,+10 ,-15 ,-2 ,0  ,-2
8.718529 ,Left ,-2 ,-5 ,+3 ,+9 ,+3 ,-5 ,-4 ,-2
8.7200834 ,Left ,0  ,0  ,+4 ,0  ,-4 ,+1 ,-1 ,-1
8.720086 ,Left ,0  ,-3 ,+2 ,+5 ,+9 ,0  ,0  ,-3
8.741184 ,Left ,-1 ,+2 ,-3 ,-16 ,+3 ,+4 ,0  ,0 
8.7411891 ,Left ,0  ,0  ,-4 ,-2 ,-16 ,-7 ,-2 ,-2
8.7425956 ,Left ,-1 ,+2 ,+5 ,+24 ,+14 ,+8 ,0  ,+1
8.7425985 ,Left ,-3 ,-8 ,-11 ,-58 ,-9 ,-26 ,-7 ,-3
8.7635235 ,Left ,+1 ,-2 ,-5 ,-12 ,-7 ,-2 ,-1 ,-1
8.7635265 ,Left ,-2 ,-2 ,-2 ,+12 ,+1 ,-4 ,-1 ,-3
8.7650946 ,Left ,+3 ,+4 ,+8 ,+7 ,-9 ,+3 ,-8 ,+1
8.7650974 ,Left ,-4 ,-2 ,-1 ,+4 ,-1 ,+1 ,+8 ,-2
8.7785692 ,Left ,-1 ,0  ,-1 ,-4 ,-6 ,-1 ,-2 ,+1
8.7785721 ,Left ,+1 ,+1 ,+6 ,+5 ,-5 ,-6 ,-2 ,-2
8.780121 ,Left ,-2 ,-6 ,-20 ,-25 ,-5 ,-3 ,-3 ,-2
8.78013 ,Left ,-1 ,+1 ,-1 ,+7 ,-2 ,+7 ,-6 ,-3
8.8012892 ,Left ,-2 ,0  ,-4 ,-8 ,-1 ,-2 ,-1 ,-1
8.8012927 ,Left ,-3 ,-1 ,+2 ,+10 ,+7 ,+4 ,+1 ,+2
8.8026797 ,Left ,-1 ,0  ,+4 ,+5 ,-13 ,-4 ,+4 ,-1
8.8026833 ,Left ,+1 ,-2 ,-4 ,+1 ,+11 ,+1 ,0  ,+2
8.8146621 ,Left ,-2 ,-3 ,+6 ,+27 ,+5 ,+1 ,0  ,-1
8.8146745 ,Left ,-1 ,0  ,-10 ,-67 ,0  ,-1 ,-2 ,0 
8.8237872 ,Left ,-3 ,-3 ,+2 ,+12 ,+6 ,0  ,+1 ,-2
8.8237913 ,Left ,0  ,0  ,+3 ,+15 ,+4 ,+1 ,-1 ,0 
8.8384957 ,Left ,-3 ,-5 ,-1 ,-4 ,0  ,0  ,-4 ,-2
8.8384992 ,Left ,-1 ,-3 ,+1 ,+16 ,+12 ,0  ,-1 ,0 
8.8402132 ,Left ,-1 ,0  ,-6 ,-45 ,+4 ,-1 ,+1 ,-2
8.8402167 ,Left ,0  ,+4 ,-2 ,0  ,-12 ,+2 ,-1 ,+1
8.8612962 ,Left ,+1 ,+6 ,+10 ,+46 ,+3 ,-3 ,+1 ,-1
8.8612994 ,Left ,-1 ,-2 ,-2 ,-10 ,+1 ,-2 ,-1 ,-1
8.8627118 ,Left ,-2 ,-3 ,0  ,-19 ,-3 ,-1 ,0  ,-2
8.8627149 ,Left ,-3 ,-4 ,-3 ,0  ,-5 ,+1 ,0  ,-1
8.8747698 ,Left ,+2 ,+3 ,-4 ,-17 ,-5 ,-1 ,-2 ,0 
8.8747732 ,Left ,0  ,+4 ,+3 ,+10 ,-11 ,+2 ,+2 ,+1
8.8836907 ,Left ,-2 ,-3 ,+7 ,+34 ,+21 ,+2 ,-3 ,-3
8.8836939 ,Left ,0  ,-3 ,+2 ,+9 ,+2 ,+7 ,+3 ,0 
8.8987154 ,Left ,-4 ,-6 ,-10 ,-19 ,+1 ,-2 ,-2 ,-2
8.8987188 ,Left ,0  ,-2 ,+3 ,+12 ,-3 ,+1 ,0  ,0 
8.9001382 ,Left ,-1 ,-1 ,-1 ,+3 ,-4 ,+2 ,+2 ,-1
8.9001422 ,Left ,+1 ,0  ,-1 ,-3 ,-1 ,-3 ,0  ,+1
8.921032 ,Left ,-1 ,-1 ,-4 ,-19 ,-1 ,+3 ,+2 ,0 
8.9210353 ,Left ,+1 ,0  ,-1 ,+2 ,-1 ,+5 ,-1 ,+1
8.9226254 ,Left ,+1 ,-1 ,+6 ,+23 ,+3 ,-6 ,-1 ,+1
8.9226284 ,Left ,-2 ,-4 ,-5 ,+4 ,+22 ,+3 ,0  ,-1
8.9356621 ,Left ,-2 ,-3 ,-3 ,-12 ,-27 ,-7 ,-3 ,-1
8.9356649 ,Left ,-2 ,+2 ,+1 ,+6 ,+30 ,-3 ,-2 ,-2
8.9424175 ,Left ,-1 ,0  ,+1 ,0  ,-13 ,-3 ,-3 ,-2
8.9424203 ,Left ,-2 ,0  ,+2 ,-7 ,+12 ,-1 ,-1 ,0 
8.9587387 ,Left ,-2 ,-4 ,-14 ,-23 ,-3 ,-5 ,-3 ,-4
8.9587418 ,Left ,0  ,0  ,+2 ,+20 ,-7 ,-5 ,-2 ,0 
8.9601787 ,Left ,-1 ,+1 ,-1 ,-6 ,-10 ,-2 ,-1 ,-2
8.9601814 ,Left ,-1 ,-1 ,+5 ,+4 ,-4 ,-2 ,-2 ,-1
8.9810802 ,Left ,-1 ,-2 ,-9 ,-9 ,+4 ,-1 ,-1 ,+1
8.981083 ,Left ,0  ,-1 ,0  ,-3 ,-5 ,+1 ,+1 ,-1
8.9827215 ,Left ,-1 ,-3 ,+1 ,+26 ,-17 ,-4 ,-1 ,-1
8.9827243 ,Left ,-3 ,-7 ,-18 ,-28 ,+19 ,+1 ,-3 ,-2
8.9948611 ,Left ,+1 ,+1 ,+7 ,+1 ,-19 ,-4 ,-1 ,-2
8.9948638 ,Left ,0  ,0  ,+3 ,+12 ,-1 ,-4 ,-2 ,0 
9.0036748 ,Left ,0  ,0  ,+3 ,+2 ,+3 ,0  ,+2 ,0 
9.0036774 ,Left ,0  ,+2 ,+8 ,+5 ,-9 ,+2 ,+1 ,0 
9.0184578 ,Left ,0  ,0  ,+6 ,+27 ,+7 ,+2 ,-1 ,+1
9.0184603 ,Left ,-3 ,-5 ,-24 ,-39 ,-6 ,-1 ,-1 ,-3
9.0201141 ,Left ,-3 ,-1 ,+3 ,+3 ,-5 ,0  ,-1 ,-2
9.0201166 ,Left ,-1 ,-3 ,-4 ,+11 ,-14 ,-2 ,-4 ,-2
9.0415787 ,Left ,0  ,+2 ,+1 ,-16 ,+5 ,+3 ,0  ,0 
9.0415814 ,Left ,-2 ,-2 ,+14 ,+50 ,-1 ,-3 ,0  ,-1
9.0430497 ,Left ,-1 ,-2 ,-8 ,-41 ,-3 ,-3 ,-1 ,-1
9.0431235 ,Left ,-1 ,-2 ,-4 ,-20 ,-5 ,+2 ,+1 ,-3
9.0635968 ,Left ,-2 ,-1 ,+3 ,-10 ,+1 ,-1 ,0  ,0 
9.0635993 ,Left ,+3 ,+7 ,+2 ,+4 ,+12 ,-3 ,-2 ,0 
9.065196 ,Left ,-2 ,-4 ,+1 ,+5 ,-3 ,-1 ,-1 ,-1
9.0651988 ,Left ,-2 ,-2 ,-10 ,-11 ,-8 ,-4 ,-1 ,-1
9.0787254 ,Left ,-3 ,-7 ,-4 ,-14 ,+1 ,-2 ,-1 ,-1
9.0787281 ,Left ,-2 ,+1 ,+2 ,+4 ,-2 ,-1 ,0  ,-2
9.0801649 ,Left ,-3 ,-2 ,-1 ,+13 ,-3 ,-2 ,-3 ,+1
9.0801677 ,Left ,0  ,+3 ,+8 ,+11 ,-8 ,-2 ,0  ,0 
9.1012501 ,Left ,-2 ,-6 ,+1 ,+13 ,+7 ,0  ,0  ,-2
9.1012529 ,Left ,-1 ,-1 ,+2 ,+3 ,0  ,+1 ,+1 ,+1
9.1027183 ,Left ,-1 ,+3 ,-8 ,-52 ,-2 ,+8 ,-6 ,+1
9.102721 ,Left ,-4 ,-3 ,+1 ,+35 ,-7 ,+20 ,+17 ,-2
9.1236124 ,Left ,-1 ,-1 ,-8 ,-35 ,-8 ,-13 ,-2 ,-1
9.1236152 ,Left ,-1 ,-2 ,+5 ,+7 ,+1 ,+7 ,-2 ,-9
9.1250736 ,Left ,+1 ,-1 ,-7 ,-3 ,-3 ,-29 ,-16 ,+9
9.1250761 ,Left ,0  ,+1 ,+2 ,-11 ,-4 ,+31 ,+14 ,-6
9.1387224 ,Left ,0  ,+4 ,+5 ,+14 ,+3 ,+4 ,-7 ,-2
9.1387251 ,Left ,-3 ,-4 ,-9 ,+28 ,-10 ,-1 ,-8 ,+1
9.1401832 ,Left ,-1 ,0  ,+1 ,+6 ,+4 ,-14 ,+26 ,-7
9.1401864 ,Left ,-2 ,-2 ,0  ,-16 ,+2 ,-1 ,+3 ,-9
9.1613488 ,Left ,0  ,0  ,-5 ,-2 ,-5 ,-5 ,+55 ,+9
9.1613516 ,Left ,-8 ,-5 ,0  ,-3 ,+2 ,-5 ,-36 ,-19
9.1627539 ,Left ,-3 ,0  ,+3 ,+14 ,-30 ,+11 ,+2 ,+13
9.1627566 ,Left ,+14 ,+1 ,+5 ,+28 ,+26 ,-31 ,-16 ,+2
9.1745812 ,Left ,-5 ,-1 ,-4 ,+1 ,+11 ,+6 ,-10 ,-17
9.1745842 ,Left ,-3 ,-1 ,-4 ,-27 ,-10 ,+4 ,+18 ,+20
9.1837607 ,Left ,-6 ,-2 ,-2 ,-10 ,+2 ,-4 ,-5 ,-15
9.1837639 ,Left ,+11 ,+1 ,0  ,-5 ,-7 ,+11 ,+16 ,+10
9.2062647 ,Left ,-2 ,-1 ,+1 ,+21 ,+4 ,-1 ,-15 ,0 
9.2062678 ,Left ,-3 ,-8 ,-12 ,-14 ,+1 ,-17 ,+9 ,-6
9.2077404 ,Left ,+1 ,+2 ,+3 ,+28 ,+19 ,+4 ,-18 ,-1
9.207744 ,Left ,-7 ,0  ,-3 ,-60 ,-32 ,-11 ,-2 ,+3
9.2210815 ,Left ,-1 ,-3 ,0  ,+34 ,+18 ,0  ,-5 ,0 
9.2210851 ,Left ,-3 ,-3 ,-4 ,-1 ,-3 ,+2 ,-6 ,-1
9.2226618 ,Left ,-1 ,-8 ,-2 ,+18 ,-12 ,+5 ,+14 ,-3
9.2226651 ,Left ,-1 ,+4 ,+7 ,+41 ,+2 ,-1 ,-17 ,-3
9.2346989 ,Left ,0  ,+4 ,-11 ,-70 ,+4 ,+3 ,-5 ,+4
9.234702 ,Left ,0  ,-8 ,-41 ,-54 ,-5 ,-4 ,+6 ,-4
9.2436655 ,Left ,+2 ,+4 ,+23 ,-19 ,+9 ,+3 ,-1 ,+3
9.2436685 ,Left ,-6 ,-5 ,-3 ,-5 ,+14 ,-10 ,-2 ,0 
9.2585857 ,Left ,-3 ,-8 ,-9 ,+19 ,-32 ,-3 ,-14 ,-3
9.2585885 ,Left ,+3 ,+2 ,+40 ,+44 ,+2 ,-1 ,+7 ,+4
9.2603036 ,Left ,-1 ,-10 ,-72 ,-70 ,+23 ,+4 ,+2 ,-3
9.2603063 ,Left ,-4 ,+2 ,+11 ,+40 ,-2 ,-5 ,-10 ,-1
9.2813177 ,Left ,+1 ,-2 ,-12 ,-33 ,+4 ,0  ,+6 ,-1
9.2813208 ,Left ,+1 ,0  ,+1 ,-17 ,-8 ,+5 ,-3 ,+1
9.2826438 ,Left ,0  ,+3 ,+13 ,+25 ,+1 ,+1 ,+1 ,0 
9.2826468 ,Left ,-3 ,+6 ,+36 ,+35 ,+2 ,+7 ,-4 ,-4
9.2946593 ,Left ,0  ,-7 ,-53 ,-50 ,-5 ,-20 ,-5 ,+2
9.2946621 ,Left ,+1 ,+4 ,+5 ,-6 ,-6 ,-5 ,-1 ,+2
9.3035743 ,Left ,0  ,+3 ,+21 ,+35 ,-8 ,+6 ,-3 ,-4
9.303595 ,Left ,-5 ,-4 ,-21 ,-57 ,-6 ,-13 ,-4 ,+2
9.3186403 ,Left ,+5 ,+2 ,+29 ,+50 ,+4 ,+13 ,+15 ,+3
9.3186432 ,Left ,-4 ,0  ,+4 ,+1 ,0  ,+3 ,+1 ,+1
9.3201766 ,Left ,+7 ,-2 ,-12 ,-28 ,-2 ,-2 ,-1 ,+4
9.3201794 ,Left ,-4 ,-1 ,0  ,+12 ,+1 ,-3 ,+2 ,-3
9.3412162 ,Left ,-1 ,+1 ,+11 ,+34 ,+3 ,+7 ,-5 ,0 
9.3412195 ,Left ,-1 ,-1 ,-7 ,-11 ,-5 ,-7 ,0  ,+2
9.3426916 ,Left ,0  ,-1 ,0  ,-10 ,-1 ,0  ,0  ,-14
9.3426945 ,Left ,-2 ,-5 ,-3 ,+33 ,-3 ,0  ,+2 ,+14
9.3549479 ,Left ,-2 ,+3 ,+12 ,+8 ,-3 ,-2 ,-6 ,-6
9.3550251 ,Left ,+3 ,0  ,-8 ,-17 ,-1 ,-1 ,+3 ,-3
9.3637206 ,Left ,-7 ,-3 ,+2 ,+4 ,-6 ,-3 ,-4 ,-3
9.3637235 ,Left ,-2 ,0  ,-3 ,-24 ,-6 ,-5 ,-2 ,-4
9.3785972 ,Left ,-2 ,-2 ,0  ,+19 ,+1 ,-2 ,-3 ,0 
9.3786 ,Left ,+1 ,+2 ,+7 ,+6 ,+1 ,0  ,0  ,+2
9.380119 ,Left ,-2 ,-2 ,+9 ,+39 ,+4 ,+4 ,+1 ,-2
9.3801215 ,Left ,-3 ,-7 ,-28 ,-52 ,-8 ,-25 ,-8 ,-4
9.4012939 ,Left ,0  ,+2 ,+12 ,+9 ,-4 ,+3 ,0  ,+5
9.4012969 ,Left ,0  ,+1 ,+19 ,+42 ,0  ,-5 ,+3 ,-3
9.4027035 ,Left ,-6 ,-5 ,-30 ,-27 ,-4 ,+6 ,-11 ,-1
9.4027066 ,Left ,+5 ,-1 ,+4 ,+23 ,+2 ,+19 ,+11 ,+1
9.4147109 ,Left ,+1 ,+1 ,+6 ,+1 ,-5 ,-4 ,-1 ,-2
9.4147138 ,Left ,-2 ,+1 ,+12 ,+10 ,0  ,-3 ,+2 ,-1
9.4237184 ,Left ,0  ,0  ,-10 ,-8 ,+3 ,-9 ,-3 ,+1
9.4237213 ,Left ,-1 ,-1 ,+5 ,+18 ,+2 ,+1 ,+1 ,-2
9.4385445 ,Left ,0  ,-1 ,-14 ,-26 ,-3 ,+8 ,0  ,+1
9.4385472 ,Left ,-2 ,-1 ,-5 ,-1 ,0  ,+2 ,+2 ,-4
9.4400576 ,Left ,+1 ,+1 ,+11 ,+18 ,-2 ,-4 ,-7 ,+2
9.4400601 ,Left ,-1 ,0  ,+4 ,+28 ,+5 ,-1 ,-10 ,-4
9.4610994 ,Left ,0  ,-1 ,-2 ,-64 ,-3 ,-14 ,-5 ,-11
9.4611032 ,Left ,+4 ,-1 ,-7 ,+10 ,-2 ,+21 ,+11 ,+24
9.4625069 ,Left ,-4 ,0  ,+7 ,+6 ,+14 ,-9 ,+12 ,-10
9.4625301 ,Left ,-1 ,0  ,-4 ,-7 ,-10 ,+24 ,-10 ,-3
9.4748203 ,Left ,-3 ,0  ,+8 ,+44 ,-6 ,+21 ,-3 ,-4
9.4748232 ,Left ,-1 ,-5 ,-9 ,-60 ,-12 ,-68 ,-31 ,-22
9.4838925 ,Left ,+6 ,0  ,+7 ,+46 ,+10 ,+36 ,-18 ,+1
9.4838951 ,Left ,-4 ,-2 ,-13 ,-26 ,-21 ,-12 ,-28 ,+4
9.4989827 ,Left ,+1 ,-3 ,-1 ,-7 ,-28 ,-9 ,+50 ,+14
9.4989856 ,Left ,-4 ,-1 ,-6 ,-7 ,+6 ,+20 ,-13 ,-4
9.5005241 ,Left ,+1 ,+4 ,+6 ,-13 ,-18 ,+3 ,+17 ,+3
9.5005266 ,Left ,-3 ,-6 ,-12 ,-74 ,+19 ,-17 ,-4 ,-14
9.5213341 ,Left ,-3 ,-2 ,+7 ,+48 ,-14 ,-2 ,-17 ,-5
9.5213372 ,Left ,-4 ,-9 ,-13 ,-43 ,+29 ,+2 ,-1 ,-2
9.5227394 ,Left ,-1 ,-5 ,0  ,+61 ,-3 ,-18 ,+2 ,+1
9.5227423 ,Left ,+1 ,+4 ,+7 ,-11 ,-5 ,+9 ,+6 ,+4
9.543537 ,Left ,0  ,-2 ,+5 ,+46 ,+17 ,-5 ,-10 ,0 
9.5435398 ,Left ,+6 ,+6 ,+34 ,+45 ,-1 ,+15 ,+14 ,+1
9.5450751 ,Left ,-7 ,-16 ,-68 ,-90 ,-2 ,-10 ,-12 ,-3
9.5450886 ,Left ,-3 ,-5 ,+13 ,-41 ,-15 ,-8 ,+10 ,+3
9.5579689 ,Left ,+1 ,+5 ,-11 ,-38 ,+5 ,-1 ,-3 ,-1
9.5579721 ,Left ,-5 ,-9 ,+17 ,+27 ,-7 ,-6 ,-5 ,-5
9.5649107 ,Left ,-1 ,-6 ,-51 ,-35 ,-1 ,+1 ,+5 ,+3
9.5649134 ,Left ,+3 ,+6 ,+32 ,+46 ,-2 ,-6 ,+1 ,0 
9.5813124 ,Left ,-3 ,-12 ,-66 ,-67 ,-2 ,-5 ,-10 ,-4
9.5813154 ,Left ,-1 ,+8 ,+40 ,+36 ,-3 ,+7 ,0  ,+1
9.5826832 ,Left ,-2 ,-1 ,0  ,-23 ,-3 ,-22 ,0  ,+2
9.582686 ,Left ,+2 ,+5 ,+33 ,+28 ,-2 ,+3 ,+3 ,-4
9.6036269 ,Left ,-4 ,-9 ,-37 ,-30 ,+10 ,+5 ,+10 ,-5
9.6036383 ,Left ,0  ,+3 ,+13 ,+43 ,+4 ,-3 ,+2 ,+2
9.6050799 ,Left ,-1 ,+3 ,+16 ,-39 ,-20 ,+17 ,0  ,-2
9.6050825 ,Left ,-4 ,-7 ,-23 ,+24 ,+4 ,-9 ,+14 ,-3
9.6178313 ,Left ,0  ,+4 ,+31 ,+23 ,-8 ,+3 ,-11 ,-1
9.6178995 ,Left ,0  ,-2 ,-22 ,-12 ,-11 ,-1 ,+9 ,+1
9.6246104 ,Left ,+1 ,+3 ,+27 ,+24 ,+22 ,-7 ,-1 ,+1
9.6246134 ,Left ,+2 ,-3 ,-25 ,-29 ,+2 ,+4 ,-1 ,+1
9.6412411 ,Left ,-6 ,+2 ,+17 ,-19 ,-3 ,-2 ,-10 ,-14
9.641244 ,Left ,-2 ,-4 ,-19 ,+3 ,-6 ,+1 ,+8 ,+11
9.6427369 ,Left ,-4 ,+2 ,+25 ,+43 ,+7 ,+1 ,-1 ,-6
9.6427394 ,Left ,-5 ,-3 ,-17 ,-30 ,+1 ,-7 ,-22 ,-9
9.6636168 ,Left ,0  ,0  ,+5 ,-4 ,-18 ,-30 ,-8 ,+8
9.6636195 ,Left ,+2 ,-6 ,-24 ,-37 ,-23 ,+31 ,+2 ,-14
9.6654194 ,Left ,-1 ,+6 ,+18 ,-4 ,+11 ,-31 ,+36 ,-2
9.6654221 ,Left ,+2 ,+1 ,-2 ,+29 ,-30 ,-5 ,-62 ,+9
9.6773723 ,Left ,-4 ,-1 ,+15 ,+28 ,+2 ,+1 ,+5 ,-5
9.6773751 ,Left ,-5 ,-3 ,-15 ,-32 ,+9 ,-8 ,-83 ,-22
9.686311 ,Left ,+3 ,+1 ,+11 ,+23 ,-7 ,+14 ,+16 ,+24
9.6863136 ,Left ,+1 ,+1 ,-8 ,-1 ,+10 ,+13 ,+13 ,-4
9.7011228 ,Left ,+1 ,0  ,+7 ,+16 ,+15 ,-2 ,-2 ,+3
9.7011257 ,Left ,0  ,+1 ,-2 ,-3 ,-4 ,+6 ,+23 ,+5
9.7027109 ,Left ,-2 ,-2 ,+1 ,-7 ,0  ,-8 ,-23 ,-7
9.7027134 ,Left ,-6 ,-4 ,-4 ,+17 ,+3 ,-8 ,+11 ,-4
9.7235279 ,Left ,+3 ,+4 ,+1 ,-64 ,+8 ,+7 ,-3 ,+6
9.7235859 ,Left ,-3 ,-4 ,-8 ,+35 ,0  ,-3 ,+21 ,+1
9.7251073 ,Left ,-2 ,0  ,+11 ,+24 ,-12 ,+2 ,-9 ,-1
9.7251099 ,Left ,-2 ,-2 ,+3 ,-2 ,+13 ,+2 ,+21 ,+3
9.7382495 ,Left ,+3 ,-6 ,+6 ,+21 ,-14 ,-5 ,0  ,-1
9.7382539 ,Left ,+3 ,+10 ,-65 ,-38 ,+2 ,+3 ,+1 ,+6
9.7446438 ,Left ,+2 ,+8 ,+55 ,+42 ,-1 ,-2 ,-6 ,-1
9.7446735 ,Left ,-3 ,-14 ,-54 ,-47 ,-2 ,-7 ,-2 ,-3
9.7609732 ,Left ,+1 ,0  ,+36 ,+33 ,+7 ,+11 ,0  ,+1
9.7609994 ,Left ,-2 ,-10 ,-26 ,+9 ,+14 ,-13 ,+4 ,-3
9.7625356 ,Left ,+1 ,-4 ,-19 ,-17 ,+7 ,+5 ,-6 ,0 
9.7625379 ,Left ,+3 ,+11 ,+47 ,+49 ,-2 ,+2 ,+11 ,0 
9.7837363 ,Left ,-1 ,-2 ,-17 ,-18 ,+13 ,+3 ,-1 ,+2
9.7837392 ,Left ,-1 ,+2 ,+17 ,-21 ,+8 ,+3 ,+2 ,+5
9.7851831 ,Left ,-2 ,-1 ,+6 ,+12 ,+18 ,-5 ,+14 ,-3
9.7851862 ,Left ,-4 ,-7 ,-13 ,-34 ,-7 ,-16 ,-9 ,-5
9.7977938 ,Left ,-1 ,+1 ,+1 ,+2 ,-13 ,-2 ,-3 ,-1
9.7977962 ,Left ,+1 ,+6 ,+24 ,-22 ,+14 ,0  ,+9 ,+2
9.8046532 ,Left ,-3 ,-1 ,-12 ,+1 ,-15 ,0  ,-13 ,-2
9.8046559 ,Left ,+2 ,-1 ,-8 ,+3 ,-4 ,0  ,+36 ,+3
9.8217765 ,Left ,-4 ,0  ,+2 ,+4 ,-12 ,-16 ,-47 ,-6
9.8217814 ,Left ,-4 ,-8 ,+4 ,+23 ,+9 ,-6 ,+30 ,-11
9.8232699 ,Left ,0  ,-1 ,-10 ,-34 ,-9 ,+3 ,-4 ,+12
9.8232726 ,Left ,-5 ,0  ,-2 ,+46 ,-3 ,-2 ,+19 ,+4
9.8438534 ,Left ,+1 ,-1 ,-15 ,-40 ,-6 ,-7 ,0  ,-8
9.8438563 ,Left ,+4 ,0  ,+7 ,-5 ,-16 ,+25 ,+13 ,+10
9.8452229 ,Left ,-9 ,-2 ,-11 ,-4 ,-5 ,-43 ,-13 ,-5
9.8452888 ,Left ,+8 ,+3 ,+6 ,-5 ,+9 ,+20 ,-10 ,-7
9.8578505 ,Left ,+2 ,-3 ,-4 ,-15 ,+6 ,+10 ,+62 ,+35
9.8578531 ,Left ,-3 ,-6 ,-2 ,+20 ,-13 ,-20 ,-19 ,-12
9.8646672 ,Left ,+3 ,+3 ,+4 ,-4 ,-2 ,+7 ,+4 ,-2
9.8646696 ,Left ,+3 ,-2 ,-2 ,-11 ,+8 ,+6 ,-14 ,-3
9.8810826 ,Left ,-7 ,-1 ,+5 ,+24 ,+1 ,-10 ,-7 ,-22
9.8810853 ,Left ,+3 ,0  ,-2 ,-14 ,-10 ,-3 ,-18 ,+14
9.8826159 ,Left ,+1 ,-3 ,-8 ,-2 ,-3 ,+9 ,+6 ,-4
9.8826383 ,Left ,-5 ,-3 ,+3 ,+15 ,+1 ,+6 ,+5 ,-10
9.9039857 ,Left ,+5 ,+3 ,-4 ,-22 ,-54 ,-2 ,-11 ,+2
9.9039892 ,Left ,-12 ,-8 ,-5 ,-16 ,-5 ,-5 ,-5 ,-10
9.9050939 ,Left ,+8 ,+2 ,+7 ,+11 ,+6 ,+23 ,+6 ,+3
9.9050965 ,Left ,-2 ,+4 ,+1 ,-17 ,-4 ,+1 ,-21 ,0 
9.9180951 ,Left ,-3 ,-1 ,+7 ,+42 ,+8 ,0  ,-3 ,-3
9.9180985 ,Left ,-3 ,-3 ,-8 ,-64 ,-16 ,-3 ,+2 ,+3
9.9245373 ,Left ,-4 ,-6 ,-3 ,-3 ,-18 ,-11 ,-8 ,-7
9.9246024 ,Left ,+2 ,-4 ,0  ,-4 ,+10 ,0  ,0  ,0 
9.9412073 ,Left ,+3 ,+5 ,+3 ,+17 ,+19 ,+8 ,-1 ,+2
9.9412103 ,Left ,-1 ,-5 ,-9 ,+11 ,+11 ,+2 ,0  ,-2
9.9426347 ,Left ,0  ,+2 ,-1 ,-23 ,+18 ,+7 ,-7 ,-5
9.9426372 ,Left ,-1 ,-2 ,+1 ,-5 ,-2 ,-10 ,-4 ,-1
9.9634521 ,Left ,-3 ,-2 ,+3 ,+12 ,+16 ,+4 ,+3 ,-4
9.9634548 ,Left ,+2 ,+3 ,+7 ,-2 ,-6 ,-6 ,-1 ,+1
9.9651053 ,Left ,-2 ,-4 ,-18 ,+3 ,-10 ,-3 ,-5 ,-4
9.9651078 ,Left ,-6 ,-3 ,+12 ,+23 ,-5 ,-3 ,+3 ,+3
9.9772373 ,Left ,-1 ,0  ,+9 ,0  ,+6 ,0  ,-2 ,-4
9.9772404 ,Left ,-2 ,+8 ,+18 ,0  ,-2 ,-3 ,+2 ,-1
9.9862377 ,Left ,-4 ,-20 ,-88 ,-27 ,+4 ,+6 ,0  ,+1
9.9862406 ,Left ,-1 ,+3 ,+8 ,-30 ,-6 ,-2 ,-2 ,+1
10.0012391 ,Left ,-1 ,-3 ,-1 ,+16 ,+6 ,+1 ,-4 ,-2
10.0012426 ,Left ,+3 ,+7 ,+17 ,+18 ,-5 ,-4 ,-4 ,-2
10.0026794 ,Left ,-1 ,+6 ,+30 ,+12 ,-2 ,+1 ,+2 ,0 
10.002682 ,Left ,0  ,-1 ,-13 ,-2 ,0  ,+2 ,-7 ,0 
10.0237475 ,Left ,-1 ,0  ,-11 ,-12 ,0  ,-21 ,-6 ,-2
10.0237504 ,Left ,-4 ,-3 ,+7 ,+35 ,+1 ,+45 ,+6 ,-4
10.0252375 ,Left ,-1 ,0  ,+8 ,-28 ,-5 ,-8 ,-3 ,-3
10.0252403 ,Left ,-1 ,-2 ,-8 ,+10 ,0  ,+5 ,+2 ,-8
10.0370428 ,Left ,+2 ,0  ,+8 ,+18 ,+2 ,-1 ,-6 ,+14
10.037111 ,Left ,+3 ,-7 ,-16 ,-25 ,-6 ,-6 ,+25 ,-5
10.0462646 ,Left ,-1 ,+3 ,+13 ,+20 ,+4 ,+17 ,-11 ,-2
10.0462672 ,Left ,-2 ,-3 ,-5 ,-24 ,-3 ,-9 ,+1 ,+2
10.0612467 ,Left ,-4 ,+2 ,-1 ,-3 ,+5 ,+10 ,+8 ,-7
10.0612496 ,Left ,+3 ,-5 ,-6 ,-1 ,-2 ,-16 ,-11 ,-2
10.0626986 ,Left ,-2 ,+1 ,+4 ,-5 ,-8 ,-2 ,+4 ,+1
10.0627018 ,Left ,+5 ,+1 ,+3 ,+9 ,0  ,-14 ,0  ,+2
10.0835797 ,Left ,-5 ,-5 ,-7 ,-9 ,-1 ,+5 ,-1 ,-4
10.0835828 ,Left ,-2 ,+1 ,-4 ,-19 ,0  ,-9 ,-3 ,+5
10.0850842 ,Left ,-2 ,+2 ,+17 ,+36 ,-2 ,-5 ,-1 ,-4
10.0850869 ,Left ,-3 ,-1 ,-5 ,+4 ,-2 ,+7 ,-4 ,0 
10.1060832 ,Left ,0  ,-2 ,0  ,+20 ,+3 ,-2 ,-4 ,-3
10.1060863 ,Left ,-1 ,-1 ,-6 ,-47 ,+2 ,+7 ,-10 ,-2
10.1075072 ,Left ,0  ,-1 ,+3 ,+5 ,-4 ,+1 ,+1 ,-3
10.1075104 ,Left ,-3 ,0  ,-1 ,+6 ,+4 ,-12 ,-3 ,0 
10.1208736 ,Left ,+1 ,+1 ,+6 ,+15 ,-6 ,+13 ,+6 ,-2
10.1210106 ,Left ,-2 ,-2 ,-17 ,-10 ,+9 ,-22 ,-4 ,+1
10.127398 ,Left ,0  ,+2 ,+12 ,+5 ,-1 ,-9 ,-1 ,+1
10.1275623 ,Left ,0  ,-1 ,-12 ,-15 ,+6 ,+6 ,-1 ,+1
10.1437451 ,Left ,0  ,-1 ,+4 ,+20 ,-4 ,-3 ,+2 ,-2
10.1437493 ,Left ,-1 ,+1 ,+4 ,+15 ,+4 ,+1 ,-5 ,0 
10.1452214 ,Left ,-3 ,-9 ,+1 ,-36 ,-7 ,-4 ,+2 ,-2
10.1452254 ,Left ,+4 ,+12 ,+4 ,+7 ,+2 ,-2 ,0  ,+2
10.157416 ,Left ,-1 ,-1 ,-13 ,-35 ,+17 ,+1 ,-2 ,+1
10.1574197 ,Left ,-2 ,0  ,+12 ,+27 ,-10 ,-4 ,+1 ,-1
10.1661236 ,Left ,+2 ,0  ,-15 ,-34 ,+3 ,-1 ,-2 ,+1
10.1661262 ,Left ,-3 ,-6 ,+11 ,+34 ,-8 ,+8 ,+1 ,-5
10.1804859 ,Left ,-2 ,-2 ,-7 ,-16 ,+1 ,+2 ,0  ,-4
10.1804889 ,Left ,-1 ,-2 ,-4 ,-21 ,-7 ,-6 ,-2 ,+2
10.1873733 ,Left ,0  ,+1 ,+6 ,+50 ,+4 ,+2 ,-1 ,-1
10.1873766 ,Left ,-3 ,-1 ,-3 ,-30 ,-7 ,-3 ,-2 ,0 
10.203736 ,Left ,+3 ,-1 ,-3 ,-17 ,-7 ,-4 ,+1 ,+5
10.2037387 ,Left ,-2 ,-1 ,0  ,+10 ,+4 ,-1 ,-6 ,-1
10.2051811 ,Left ,0  ,+5 ,+4 ,-26 ,-6 ,+7 ,+14 ,-2
10.2051851 ,Left ,-5 ,-6 ,-11 ,+8 ,+1 ,-3 ,-4 ,-4
10.2262627 ,Left ,+4 ,0  ,+3 ,+33 ,-1 ,+8 ,+1 ,+4
10.2262655 ,Left ,-1 ,+1 ,-1 ,-22 ,-5 ,-12 ,+23 ,+1
10.2276489 ,Left ,-2 ,+1 ,+9 ,+25 ,+4 ,+2 ,-32 ,-5
10.2276516 ,Left ,-2 ,0  ,-2 ,-4 ,+4 ,-3 ,+11 ,+3
10.2404832 ,Left ,0  ,-6 ,-3 ,-14 ,-14 ,-19 ,+14 ,-7
10.2404864 ,Left ,-1 ,0  ,0  ,+5 ,-4 ,+15 ,-18 ,0 
10.2471445 ,Left ,+2 ,+1 ,-5 ,-28 ,-1 ,-10 ,+13 ,+2
10.2471495 ,Left ,-2 ,-2 ,+4 ,+36 ,+7 ,+15 ,+7 ,-7
10.2637829 ,Left ,-8 ,+2 ,0  ,-13 ,+18 ,-33 ,-46 ,-14
10.2637857 ,Left ,+5 ,-3 ,-5 ,+35 ,-15 ,+15 ,-38 ,+1
10.2651816 ,Left ,-7 ,-9 ,-11 ,-26 ,-11 ,-7 ,+41 ,-5
10.2651845 ,Left ,+1 ,-1 ,0  ,-1 ,+31 ,-11 ,-8 ,-6
10.2773929 ,Left ,+7 ,+1 ,-5 ,-34 ,-33 ,+3 ,+5 ,+6
10.277396 ,Left ,-8 ,-2 ,-1 ,+6 ,+1 ,-16 ,+19 ,-9
10.2862481 ,Left ,+4 ,+4 ,-2 ,-26 ,+12 ,+9 ,-2 ,+2
10.2862514 ,Left ,+5 ,+1 ,+6 ,+38 ,-58 ,-2 ,+12 ,+9
10.3003779 ,Left ,-9 ,-5 ,-1 ,-4 ,+28 ,+6 ,+8 ,-8
10.3003812 ,Left ,-1 ,+1 ,-2 ,+1 ,+1 ,+1 ,+9 ,0 
10.3073551 ,Left ,0  ,-4 ,-2 ,+28 ,-33 ,-2 ,-18 ,-1
10.3073596 ,Left ,-3 ,-6 ,-23 ,-93 ,+9 ,-9 ,+1 ,-2
10.3311362 ,Left ,-5 ,-12 ,+3 ,+65 ,+6 ,+8 ,-1 ,-3
10.3311437 ,Left ,+7 ,+16 ,+34 ,+1 ,-7 ,-8 ,-6 ,+3
10.3326261 ,Left ,-3 ,-4 ,-12 ,+41 ,+21 ,+2 ,0  ,+1
10.3326288 ,Left ,-4 ,-9 ,+13 ,-40 ,-8 ,0  ,-13 ,-4
10.3460349 ,Left ,+1 ,+16 ,+31 ,+37 ,-3 ,+1 ,-1 ,+2
10.3460377 ,Left ,-8 ,-17 ,-11 ,-3 ,+12 ,+1 ,+5 ,-1
10.3475646 ,Left ,-2 ,-2 ,-26 ,-28 ,-3 ,-5 ,-3 ,-3
10.3475673 ,Left ,-1 ,-4 ,+13 ,+19 ,+6 ,+4 ,0  ,-1
10.3606773 ,Left ,-3 ,-5 ,-10 ,-23 ,-12 ,+1 ,-5 ,-1
10.3606838 ,Left ,0  ,+3 ,+40 ,+38 ,+4 ,-7 ,+2 ,-2
10.3674147 ,Left ,+2 ,-1 ,-38 ,-50 ,-2 ,+8 ,-6 ,+1
10.3674181 ,Left ,-1 ,-1 ,+4 ,+20 ,-7 ,-31 ,-13 ,-3
10.3838703 ,Left ,-1 ,0  ,-11 ,-13 ,+5 ,+23 ,-7 ,-1
10.3838733 ,Left ,+1 ,+4 ,+15 ,+17 ,-2 ,-9 ,+12 ,+2
10.3852336 ,Left ,-4 ,-1 ,+17 ,+29 ,+4 ,+7 ,-8 ,-1
10.3852366 ,Left ,+1 ,+5 ,+5 ,+18 ,+12 ,+8 ,+5 ,+2
10.4062373 ,Left ,-1 ,+1 ,-1 ,-12 ,-10 ,0  ,+6 ,0 
10.4062404 ,Left ,+1 ,-3 ,-26 ,-16 ,-12 ,+1 ,+2 ,0 
10.4077263 ,Left ,+1 ,+1 ,+10 ,-14 ,+26 ,+1 ,-2 ,0 
10.4077294 ,Left ,+1 ,0  ,-6 ,+33 ,+3 ,+2 ,+1 ,+1
10.4197079 ,Left ,-1 ,-1 ,0  ,-15 ,-6 ,-2 ,+5 ,+2
10.4197109 ,Left ,-3 ,-7 ,-25 ,+1 ,+4 ,+4 ,-5 ,-3
10.428644 ,Left ,-2 ,-1 ,+10 ,-8 ,-15 ,-11 ,0  ,-3
10.4286469 ,Left ,-2 ,+2 ,-1 ,+2 ,-5 ,+3 ,-2 ,-2
10.4436983 ,Left ,-3 ,-7 ,-16 ,-26 ,+4 ,-5 ,+2 ,0 
10.4437013 ,Left ,-2 ,0  ,+2 ,+30 ,+6 ,-1 ,-2 ,-1
10.4451537 ,Left ,+4 ,+4 ,+16 ,+66 ,+6 ,-1 ,-3 ,+2
10.4451566 ,Left ,0  ,-3 ,-14 ,-46 ,-8 ,0  ,-4 ,-1
10.4661417 ,Left ,-1 ,-1 ,-6 ,-5 ,-5 ,-1 ,0  ,-3
10.4661466 ,Left ,0  ,-5 ,-7 ,-9 ,+6 ,-1 ,-3 ,-10
10.4677526 ,Left ,-1 ,+3 ,+6 ,-20 ,-4 ,-2 ,-1 ,-1
10.4677553 ,Left ,-2 ,-4 ,-3 ,+22 ,-1 ,-1 ,0  ,0 
10.4806292 ,Left ,+2 ,-1 ,+4 ,+4 ,+6 ,-2 ,+2 ,0 
10.4806321 ,Left ,+2 ,+4 ,-1 ,-19 ,0  ,0  ,-3 ,0 
10.4872834 ,Left ,-1 ,-1 ,+6 ,-1 ,-2 ,-3 ,-2 ,-3
10.4872869 ,Left ,-2 ,-2 ,-14 ,-34 ,-6 ,0  ,-1 ,0 
10.5035137 ,Left ,-4 ,-1 ,+1 ,-8 ,0  ,0  ,0  ,0 
10.5035176 ,Left ,-2 ,-4 ,-4 ,-16 ,-1 ,-1 ,-5 ,+1
10.5051876 ,Left ,-1 ,-3 ,0  ,+3 ,-12 ,+10 ,0  ,+1
10.5051914 ,Left ,0  ,+1 ,-4 ,-3 ,+1 ,-25 ,-2 ,-1
10.5263225 ,Left ,0  ,+1 ,+13 ,+17 ,-1 ,-11 ,-16 ,-3
10.5263262 ,Left ,-3 ,-4 ,-25 ,-3 ,-3 ,+8 ,+3 ,0 
10.5277368 ,Left ,+4 ,+1 ,+4 ,-29 ,-6 ,-21 ,-10 ,-4
10.5277402 ,Left ,-1 ,+3 ,+16 ,+20 ,-4 ,+13 ,-16 ,+2
10.5397715 ,Left ,+2 ,-5 ,-11 ,-5 ,+8 ,-7 ,+42 ,+7
10.5397749 ,Left ,+2 ,0  ,+8 ,+11 ,+7 ,+7 ,-9 ,+5
10.5487808 ,Left ,-5 ,-3 ,-4 ,-12 ,-3 ,-9 ,+15 ,+1
10.5487839 ,Left ,-6 ,-2 ,-2 ,+2 ,-25 ,+6 ,+27 ,-16
10.5635436 ,Left ,+5 ,+1 ,-6 ,-21 ,+22 ,+27 ,-17 ,+15
10.5635467 ,Left ,-3 ,-3 ,-5 ,-9 ,+21 ,+23 ,+1 ,-17
10.5651794 ,Left ,+9 ,-1 ,0  ,+33 ,-1 ,+6 ,+2 ,+17
10.5651828 ,Left ,-6 ,-1 ,-3 ,-44 ,+6 ,+3 ,-7 ,-15
10.5861098 ,Left ,+8 ,0  ,-7 ,+5 ,-37 ,+7 ,+38 ,+15
10.5861129 ,Left ,-12 ,-6 ,-5 ,-7 ,-13 ,-23 ,-1 ,-12
10.5876296 ,Left ,-4 ,-5 ,-2 ,-17 ,+3 ,+8 ,0  ,-4
10.5876823 ,Left ,+3 ,+6 ,+4 ,+19 ,+5 ,+3 ,+4 ,+6
10.6004501 ,Left ,-5 ,0  ,-3 ,-24 ,+3 ,-3 ,-18 ,-9
10.600462 ,Left ,0  ,-2 ,-11 ,-15 ,-22 ,-22 ,-3 ,+1
10.609275 ,Left ,-5 ,-5 ,0  ,+3 ,-7 ,-10 ,+3 ,-8
10.6094388 ,Left ,-1 ,-6 ,-3 ,+36 ,+11 ,-4 ,-16 ,+6
10.6245151 ,Left ,-3 ,-1 ,+16 ,-10 ,-5 ,-8 ,-9 ,-9
10.6246259 ,Left ,+9 ,+14 ,-4 ,-1 ,+4 ,+11 ,+11 ,+8
10.6259123 ,Left ,-6 ,-5 ,-5 ,+4 ,-3 ,-3 ,-14 ,-4
10.6260389 ,Left ,+1 ,-2 ,+7 ,-35 ,+1 ,-6 ,-2 ,+5
10.646151 ,Left ,-5 ,-5 ,-11 ,+35 ,+1 ,+4 ,0  ,-8
10.6461559 ,Left ,0  ,+11 ,+49 ,-9 ,-8 ,-7 ,0  ,0 
10.6476923 ,Left ,-2 ,-13 ,-64 ,-39 ,-2 ,-2 ,-6 ,-2
10.6476961 ,Left ,+4 ,+8 ,+32 ,+29 ,+3 ,+9 ,+6 ,+1
10.6596721 ,Left ,-8 ,-16 ,-58 ,-46 ,-3 ,-7 ,-4 ,-8
10.6596755 ,Left ,+3 ,+7 ,+49 ,+40 ,+4 ,+3 ,-1 ,+5
10.6687682 ,Left ,-1 ,-1 ,-15 ,-15 ,+3 ,-14 ,-7 ,-5
10.6688089 ,Left ,-1 ,-5 ,-14 ,-27 ,-5 ,+10 ,+3 ,+1
10.6836637 ,Left ,-2 ,+6 ,+32 ,+71 ,+9 ,+15 ,-10 ,-6
10.6836664 ,Left ,-3 ,-11 ,-54 ,-63 ,-8 ,-15 ,-17 ,0 
10.6851067 ,Left ,+1 ,+5 ,+29 ,+10 ,+9 ,+13 ,+4 ,+2
10.685109 ,Left ,+2 ,+2 ,-10 ,+5 ,-18 ,-4 ,+18 ,+3
10.7061448 ,Left ,0  ,+3 ,+20 ,+35 ,+12 ,-6 ,-7 ,0 
10.7061476 ,Left ,-1 ,-3 ,-3 ,+7 ,-4 ,0  ,+5 ,0 
10.707539 ,Left ,0  ,+2 ,+18 ,+24 ,-12 ,-5 ,+3 ,-2
10.7075567 ,Left ,0  ,-4 ,-24 ,-29 ,+1 ,-5 ,-11 ,0 
10.728699 ,Left ,-3 ,0  ,+4 ,-4 ,-16 ,-6 ,+1 ,-2
10.7287019 ,Left ,-1 ,-4 ,-12 ,-25 ,+7 ,+5 ,+4 ,0 
10.7301953 ,Left ,-3 ,-1 ,-6 ,+46 ,-2 ,-12 ,-5 ,-2
10.7301983 ,Left ,-2 ,+1 ,+6 ,+22 ,+10 ,+2 ,-1 ,0 
10.7428942 ,Left ,-1 ,+3 ,-6 ,-28 ,-18 ,-7 ,0  ,0 
10.7428969 ,Left ,-2 ,-6 ,-9 ,+11 ,+5 ,+1 ,+1 ,0 
10.7498826 ,Left ,0  ,+2 ,+12 ,-10 ,-6 ,+4 ,-2 ,-1
10.7498858 ,Left ,+1 ,0  ,+2 ,+8 ,+1 ,0  ,0  ,-1
10.7658569 ,Left ,-3 ,-3 ,-8 ,-18 ,+5 ,-6 ,0  ,-2
10.7658594 ,Left ,0  ,-3 ,-8 ,+17 ,-1 ,-2 ,-2 ,0 
10.7721686 ,Left ,-2 ,+3 ,+8 ,-22 ,0  ,+1 ,+1 ,-1
10.7721716 ,Left ,-1 ,-5 ,-9 ,-16 ,+1 ,0  ,-2 ,-3
10.7797191 ,Left ,+3 ,+4 ,+9 ,+9 ,-3 ,-7 ,-1 ,0 
10.779722 ,Left ,-1 ,-5 ,-8 ,+18 ,-3 ,-1 ,0  ,-1
10.788604 ,Left ,-1 ,+4 ,+10 ,+1 ,-4 ,+2 ,+1 ,-1
10.788684 ,Left ,-1 ,+2 ,+2 ,-1 ,+13 ,-1 ,-2 ,-1
10.8112407 ,Left ,0  ,+2 ,-5 ,-28 ,-37 ,-4 ,-3 ,-3
10.8112449 ,Left ,-3 ,-4 ,-2 ,+14 ,+3 ,-1 ,0  ,-1
10.8127849 ,Left ,-2 ,-4 ,+8 ,+26 ,+11 ,0  ,0  ,-1
10.8127891 ,Left ,0  ,-5 ,-17 ,-41 ,+1 ,-2 ,-1 ,0 
10.8260769 ,Left ,-1 ,+1 ,+6 ,+29 ,-12 ,-4 ,-1 ,0 
10.8260808 ,Left ,-3 ,0  ,+5 ,+15 ,-7 ,0  ,-2 ,-1
10.8324814 ,Left ,-2 ,-6 ,-14 ,-16 ,-13 ,0  ,-1 ,0 
10.8324854 ,Left ,-4 ,-4 ,+3 ,+11 ,+18 ,-1 ,-4 ,-3
10.8396637 ,Left ,0  ,-2 ,-8 ,-4 ,+12 ,0  ,0  ,-3
10.8396673 ,Left ,+2 ,+4 ,+6 ,-22 ,-7 ,0  ,0  ,+2
10.8486883 ,Left ,+1 ,+3 ,+4 ,+28 ,+8 ,0  ,-1 ,+1
10.8486914 ,Left ,-1 ,-1 ,-2 ,+2 ,-4 ,+3 ,-1 ,-2
10.8631685 ,Left ,-2 ,-1 ,+1 ,-4 ,-26 ,-8 ,-4 ,-1
10.8631717 ,Left ,-2 ,-3 ,-5 ,+3 ,+12 ,+1 ,0  ,-2
10.8696267 ,Left ,0  ,+2 ,-3 ,-4 ,-3 ,-1 ,0  ,-1
10.8696296 ,Left ,-2 ,-4 ,-5 ,-1 ,-11 ,-3 ,-2 ,-1
10.8862645 ,Left ,+2 ,-1 ,-1 ,-11 ,+22 ,+6 ,-1 ,0 
10.8863233 ,Left ,-5 ,-3 ,+1 ,+5 ,-8 ,-2 ,0  ,-1
10.8877166 ,Left ,0  ,+4 ,+11 ,+11 ,-1 ,-4 ,-1 ,0 
10.8877192 ,Left ,0  ,0  ,-10 ,+5 ,-6 ,+3 ,-1 ,-1
10.9086574 ,Left ,-4 ,-7 ,-12 ,-15 ,+6 ,0  ,-2 ,-3
10.9086602 ,Left ,+1 ,+1 ,-2 ,-17 ,-3 ,-1 ,-2 ,-1
10.9101015 ,Left ,0  ,0  ,+4 ,+4 ,+28 ,+2 ,0  ,-1
10.9101693 ,Left ,-2 ,-1 ,+5 ,+13 ,+14 ,+2 ,-1 ,-1
10.9227751 ,Left ,-2 ,-2 ,-5 ,-26 ,-44 ,-8 ,-2 ,-2
10.9227976 ,Left ,-1 ,-3 ,-2 ,+17 ,+17 ,-5 ,-1 ,-1
10.9298694 ,Left ,-2 ,-4 ,-5 ,-29 ,-12 ,+1 ,-2 ,-2
10.9298724 ,Left ,-1 ,+1 ,+8 ,+11 ,-7 ,-1 ,-1 ,+2
10.946071 ,Left ,0  ,+2 ,-2 ,+1 ,+23 ,+2 ,0  ,0 
10.9461172 ,Left ,-1 ,+1 ,-3 ,-4 ,-7 ,+2 ,0  ,0 
10.9474483 ,Left ,+1 ,0  ,+2 ,-15 ,-12 ,0  ,+2 ,+1
10.9474787 ,Left ,0  ,0  ,-3 ,-8 ,-3 ,-1 ,-4 ,-3
10.9597387 ,Left ,-3 ,-3 ,+4 ,+29 ,+19 ,+9 ,+2 ,0 
10.9597414 ,Left ,-2 ,-4 ,-3 ,-19 ,-8 ,-10 ,-4 ,-3
10.9687654 ,Left ,-1 ,-1 ,-1 ,+23 ,-7 ,0  ,-4 ,-1
10.9687681 ,Left ,+3 ,+4 ,+1 ,+7 ,+10 ,-1 ,+2 ,+1
10.9835625 ,Left ,0  ,+2 ,+2 ,-6 ,+7 ,+6 ,0  ,0 
10.9836479 ,Left ,+2 ,+1 ,0  ,-2 ,+12 ,+3 ,+1 ,+1
10.9851426 ,Left ,-3 ,-6 ,-18 ,-14 ,-45 ,0  ,0  ,-1
10.9851453 ,Left ,-3 ,-4 ,+10 ,+15 ,-7 ,-17 ,-4 ,-2
11.0060964 ,Left ,0  ,0  ,-1 ,-7 ,-3 ,-1 ,0  ,-1
11.0060992 ,Left ,-1 ,0  ,-1 ,+6 ,+14 ,0  ,-2 ,0 
11.0077215 ,Left ,-1 ,-3 ,-6 ,-1 ,+5 ,+3 ,0  ,-1
11.0077266 ,Left ,-2 ,+2 ,+5 ,-10 ,-14 ,0  ,-1 ,+1
11.0197887 ,Left ,-3 ,-10 ,-2 ,+22 ,+9 ,-3 ,-3 ,-1
11.0197915 ,Left ,+2 ,+6 ,-1 ,-13 ,-10 ,+1 ,+1 ,+1
11.0292628 ,Left ,0  ,0  ,-1 ,-8 ,+7 ,-1 ,0  ,-2
11.0292654 ,Left ,0  ,-2 ,-1 ,-6 ,+5 ,0  ,-2 ,-3
11.0437889 ,Left ,+1 ,+8 ,+15 ,+26 ,+6 ,-7 ,-1 ,-1
11.0437922 ,Left ,-4 ,-7 ,-1 ,-9 ,+3 ,+3 ,0  ,0 
11.0451568 ,Left ,0  ,-2 ,-9 ,-26 ,-1 ,-6 ,-2 ,0 
11.04516 ,Left ,-2 ,-4 ,-6 ,-6 ,+11 ,+1 ,-2 ,-2
11.0662579 ,Left ,-3 ,-3 ,-6 ,-37 ,-28 ,-3 ,-1 ,-1
11.0662609 ,Left ,0  ,-1 ,+4 ,+43 ,+8 ,-1 ,-3 ,-2
11.0676338 ,Left ,-2 ,-2 ,+2 ,-3 ,+10 ,-2 ,-1 ,-2
11.0676363 ,Left ,-1 ,-3 ,-8 ,-18 ,-3 ,+3 ,0  ,0 
11.0796468 ,Left ,+1 ,0  ,0  ,+6 ,+13 ,+1 ,0  ,-2
11.0796495 ,Left ,-1 ,0  ,-1 ,-8 ,-9 ,-3 ,-2 ,-2
11.088751 ,Left ,-3 ,-1 ,+3 ,+6 ,+2 ,-4 ,-4 ,-2
11.0887538 ,Left ,+2 ,+2 ,-9 ,-10 ,-14 ,+6 ,+12 ,+1
11.1038247 ,Left ,-4 ,-1 ,+3 ,+12 ,+7 ,+6 ,-3 ,-1
11.1038275 ,Left ,-1 ,-1 ,-1 ,-10 ,-16 ,-4 ,-1 ,-1
11.1051879 ,Left ,0  ,-3 ,-1 ,+13 ,+19 ,+11 ,+6 ,-1
11.1051907 ,Left ,-2 ,-4 ,-2 ,-1 ,-22 ,-25 ,-15 ,-2
11.12595 ,Left ,+2 ,+7 ,-8 ,-44 ,-8 ,+3 ,+3 ,+4
11.12603 ,Left ,-4 ,-7 ,-6 ,+17 ,-7 ,0  ,0  ,-2
11.1276126 ,Left ,0  ,-2 ,-1 ,-15 ,+1 ,-3 ,-4 ,-1
11.1277097 ,Left ,+2 ,+2 ,+7 ,+17 ,+18 ,+10 ,+1 ,0 
11.1486888 ,Left ,0  ,-1 ,-4 ,-13 ,-20 ,-6 ,0  ,-1
11.1486921 ,Left ,+1 ,-1 ,-5 ,-7 ,-4 ,-1 ,-5 ,-1
11.1501833 ,Left ,-1 ,-1 ,-2 ,-42 ,+4 ,-2 ,+1 ,0 
11.1501868 ,Left ,-1 ,0  ,+7 ,+58 ,-18 ,-1 ,-2 ,0 
11.1628793 ,Left ,-1 ,-3 ,-3 ,-16 ,+11 ,-2 ,-1 ,-3
11.1628822 ,Left ,0  ,-3 ,-5 ,-10 ,+1 ,-1 ,+1 ,-1
11.1698923 ,Left ,+1 ,+1 ,+1 ,+14 ,-6 ,0  ,-1 ,-1
11.169895 ,Left ,0  ,0  ,+2 ,0  ,+5 ,-1 ,+1 ,+2
11.1860861 ,Left ,-1 ,-1 ,-1 ,+12 ,+23 ,+1 ,-2 ,0 
11.186089 ,Left ,0  ,+2 ,0  ,-8 ,-16 ,+2 ,+1 ,0 
11.187722 ,Left ,-2 ,-5 ,-2 ,-10 ,+5 ,-2 ,-3 ,0 
11.1877246 ,Left ,-1 ,+2 ,+6 ,+19 ,+3 ,0  ,-3 ,-2
11.1997516 ,Left ,+3 ,-1 ,+2 ,+28 ,-3 ,-2 ,0  ,0 
11.1997541 ,Left ,-1 ,-2 ,-12 ,-28 ,-2 ,0  ,-1 ,-2
11.2085696 ,Left ,0  ,+3 ,+6 ,+10 ,-2 ,-3 ,-1 ,-2
11.2085976 ,Left ,-1 ,-2 ,-3 ,-15 ,+6 ,+3 ,+2 ,+1
11.2237972 ,Left ,-3 ,-1 ,-1 ,+8 ,+9 ,0  ,-2 ,-2
11.2238001 ,Left ,-3 ,-5 ,-1 ,-14 ,-9 ,-2 ,0  ,-2
11.2252213 ,Left ,+2 ,+3 ,-1 ,+6 ,-3 ,-4 ,-2 ,-1
11.2252239 ,Left ,-1 ,-2 ,-10 ,-16 ,-5 ,+2 ,-1 ,-4
11.2461132 ,Left ,-2 ,-3 ,+5 ,+9 ,-11 ,-3 ,-1 ,-2
11.2461161 ,Left ,0  ,+4 ,+2 ,+11 ,+41 ,+1 ,-2 ,+1
11.2476986 ,Left ,-1 ,-1 ,-1 ,-7 ,-4 ,0  ,0  ,0 
11.2477013 ,Left ,-1 ,-3 ,-3 ,+5 ,-3 ,-1 ,-1 ,-2
11.268769 ,Left ,-2 ,-2 ,-1 ,+15 ,+10 ,-1 ,-1 ,-3
11.2687718 ,Left ,-1 ,-1 ,-5 ,-8 ,-4 ,-3 ,0  ,0 
11.2702425 ,Left ,-1 ,+1 ,+9 ,+1 ,-4 ,-2 ,-2 ,+1
11.2702452 ,Left ,-2 ,0  ,-6 ,+6 ,+1 ,+7 ,+1 ,0 
11.2835506 ,Left ,-2 ,-8 ,-8 ,-19 ,+1 ,-24 ,-6 ,0 
11.2835534 ,Left ,+2 ,+4 ,-5 ,-1 ,-11 ,+1 ,0  ,-1
11.2851232 ,Left ,-3 ,-3 ,+6 ,+26 ,+3 ,-3 ,-1 ,-3
11.2851274 ,Left ,-2 ,-3 ,-11 ,-82 ,-16 ,-4 ,-1 ,-1
11.3061387 ,Left ,-3 ,+1 ,+7 ,+18 ,+1 ,+6 ,+2 ,-1
11.3061421 ,Left ,-1 ,-4 ,-4 ,+14 ,-8 ,-2 ,-1 ,-2
11.307635 ,Left ,0  ,+2 ,+4 ,-2 ,-9 ,-4 ,0  ,-2
11.3077004 ,Left ,-2 ,0  ,0  ,-7 ,+17 ,+3 ,-1 ,0 
11.3290019 ,Left ,0  ,-3 ,-6 ,-38 ,-26 ,-1 ,0  ,0 
11.3290051 ,Left ,-2 ,-6 ,+4 ,+24 ,+21 ,-3 ,-2 ,0 
11.330594 ,Left ,-3 ,-1 ,-11 ,-19 ,-7 ,+4 ,+1 ,-1
11.3305971 ,Left ,+1 ,+1 ,+15 ,+37 ,-3 ,-3 ,-2 ,-2
11.3438657 ,Left ,-1 ,+1 ,-8 ,0  ,+8 ,+2 ,0  ,-2
11.3438693 ,Left ,0  ,+3 ,+13 ,-19 ,0  ,+1 ,+1 ,-2
11.3452703 ,Left ,-1 ,-6 ,-18 ,-11 ,0  ,-3 ,-2 ,-1
11.3452765 ,Left ,-1 ,-1 ,-1 ,-16 ,-7 ,-5 ,-2 ,-1
11.3660555 ,Left ,-3 ,-1 ,+6 ,+34 ,+1 ,+2 ,-2 ,-1
11.3660595 ,Left ,-1 ,+1 ,-7 ,-7 ,-5 ,+2 ,+1 ,-1
11.3676115 ,Left ,-1 ,+1 ,+6 ,+20 ,-10 ,+5 ,0  ,-1
11.3676141 ,Left ,-1 ,-5 ,-3 ,+4 ,-4 ,-4 ,-1 ,-1
11.3799233 ,Left ,+2 ,+2 ,0  ,+4 ,+5 ,+9 ,-5 ,-1
11.379926 ,Left ,-2 ,+2 ,-1 ,-29 ,-8 ,-3 ,+1 ,-3
11.3887724 ,Left ,0  ,-1 ,+3 ,+22 ,+2 ,+6 ,+1 ,0 
11.3887751 ,Left ,-4 ,-4 ,-6 ,+13 ,+7 ,+2 ,+4 ,-5
11.4036972 ,Left ,+2 ,-2 ,-2 ,-16 ,-1 ,-15 ,-4 ,+3
11.4037003 ,Left ,-3 ,-1 ,+3 ,+6 ,-7 ,+11 ,-10 ,-1
11.4052373 ,Left ,+1 ,-2 ,-8 ,-27 ,-5 ,-8 ,+9 ,-6
11.4052403 ,Left ,-8 ,-1 ,0  ,+12 ,-3 ,-18 ,0  ,+4
11.4262915 ,Left ,+7 ,0  ,-1 ,-12 ,+2 ,-3 ,+22 ,-4
11.4262953 ,Left ,-2 ,-3 ,-2 ,-9 ,+1 ,+5 ,+30 ,+5
11.4277189 ,Left ,+1 ,0  ,+1 ,-1 ,-1 ,-19 ,-56 ,+1
11.4277222 ,Left ,-4 ,0  ,0  ,+10 ,-3 ,-6 ,+28 ,-4
11.4485027 ,Left ,-10 ,-6 ,-6 ,-1 ,-4 ,+16 ,-48 ,-11
11.4485061 ,Left ,-4 ,0  ,+1 ,-6 ,+13 ,+27 ,+3 ,-11
11.4500962 ,Left ,+14 ,-3 ,0  ,-8 ,-30 ,-30 ,+26 ,+27
11.4500993 ,Left ,+1 ,+5 ,+1 ,-5 ,-1 ,+26 ,-4 ,-4
11.4631773 ,Left ,-8 ,-1 ,0  ,+10 ,-1 ,-20 ,-18 ,-11
11.4631804 ,Left ,+3 ,-1 ,-2 ,+1 ,-11 ,0  ,+3 ,+10
11.4699152 ,Left ,-2 ,+4 ,+4 ,+1 ,+14 ,+21 ,-3 ,-8
11.4699184 ,Left ,+2 ,-3 ,-7 ,+8 ,-17 ,-9 ,-15 ,+2
11.4861612 ,Left ,-2 ,-1 ,-4 ,-5 ,-14 ,+3 ,+18 ,+1
11.4861645 ,Left ,-5 ,-7 ,-8 ,-1 ,+18 ,-7 ,-19 ,-10
11.4877302 ,Left ,+2 ,0  ,+4 ,-26 ,-6 ,-6 ,+12 ,0 
11.4877332 ,Left ,+3 ,+5 ,+10 ,+58 ,+10 ,-8 ,-4 ,+4
11.5085068 ,Left ,-1 ,+5 ,-1 ,-88 ,-3 ,+8 ,+3 ,-2
11.5085097 ,Left ,+5 ,+8 ,+19 ,+39 ,-12 ,-14 ,-4 ,+6
11.5101058 ,Left ,-9 ,-16 ,-42 ,+32 ,+10 ,0  ,-7 ,-5
11.5101102 ,Left ,0  ,+1 ,+2 ,-61 ,-9 ,+4 ,0  ,-2
11.5235272 ,Left ,-2 ,-7 ,-15 ,+16 ,+10 ,-1 ,-1 ,+3
11.5235299 ,Left ,+1 ,+4 ,+8 ,+17 ,-5 ,-10 ,-9 ,-1
11.5251348 ,Left ,-3 ,+2 ,-11 ,-15 ,+12 ,+11 ,+9 ,-2
11.5251373 ,Left ,+1 ,+4 ,+18 ,+35 ,+7 ,+2 ,-8 ,-2
11.5460662 ,Left ,+3 ,+7 ,+30 ,+28 ,-4 ,-6 ,+11 ,+7
11.5460691 ,Left ,-3 ,-19 ,-68 ,-67 ,-7 ,-7 ,+2 ,+2
11.5476559 ,Left ,-3 ,+4 ,+20 ,+23 ,+3 ,+2 ,-3 ,-9
11.5476588 ,Left ,-2 ,-8 ,-8 ,-17 ,+2 ,-1 ,-3 ,+3
11.5686667 ,Left ,+1 ,+6 ,+20 ,+16 ,+4 ,0  ,0  ,+1
11.56867 ,Left ,-2 ,+2 ,+35 ,+43 ,-2 ,-1 ,+1 ,-1
11.5702097 ,Left ,-2 ,+2 ,-5 ,-37 ,+1 ,+1 ,-2 ,-1
11.5702128 ,Left ,0  ,-3 ,-21 ,-28 ,-4 ,-2 ,-2 ,-2
11.5824521 ,Left ,-1 ,-2 ,0  ,+13 ,+3 ,+1 ,+6 ,+1
11.5824553 ,Left ,-2 ,+2 ,+9 ,+29 ,-3 ,-2 ,-4 ,-3
11.6068291 ,Left ,-4 ,-5 ,-10 ,+19 ,-3 ,-2 ,+2 ,-3
11.6068323 ,Left ,0  ,-2 ,+2 ,-48 ,-7 ,-3 ,-2 ,-1
11.6076231 ,Left ,+2 ,+1 ,-6 ,+4 ,+1 ,0  ,-2 ,-11
11.6076263 ,Left ,+1 ,-1 ,-7 ,-16 ,-4 ,-3 ,+1 ,+12
11.6095568 ,Left ,-1 ,+3 ,+11 ,+8 ,+5 ,+5 ,-6 ,0 
11.6095597 ,Left ,-5 ,-5 ,0  ,+4 ,0  ,-3 ,+6 ,-4
11.6285793 ,Left ,+2 ,-5 ,-10 ,+2 ,+1 ,+13 ,+4 ,+2
11.6285881 ,Left ,0  ,-4 ,-4 ,-3 ,-3 ,-15 ,-10 ,-7
11.6301585 ,Left ,-2 ,0  ,+11 ,-4 ,+2 ,-1 ,-2 ,-1
11.6301613 ,Left ,-4 ,-3 ,-2 ,0  ,0  ,+5 ,-2 ,+4
11.6421802 ,Left ,-1 ,-3 ,-12 ,-5 ,-1 ,-8 ,+3 ,+2
11.6421905 ,Left ,0  ,-1 ,+11 ,-8 ,-5 ,+6 ,+3 ,+1
11.651187 ,Left ,-1 ,+2 ,0  ,+2 ,-2 ,-3 ,+1 ,-5
11.6511899 ,Left ,-1 ,+2 ,-1 ,+2 ,0  ,-8 ,-5 ,-3
11.6660154 ,Left ,-1 ,+1 ,-1 ,+4 ,0  ,+4 ,+4 ,+3
11.6660191 ,Left ,-2 ,-3 ,+2 ,+5 ,-3 ,-5 ,-2 ,-2
11.667745 ,Left ,0  ,0  ,+3 ,-8 ,+3 ,0  ,-4 ,-3
11.6677481 ,Left ,-1 ,-4 ,-7 ,+12 ,+6 ,+1 ,-2 ,-1
11.688785 ,Left ,-1 ,+2 ,+8 ,0  ,-3 ,-5 ,-3 ,+1
11.6887888 ,Left ,-1 ,-3 ,-15 ,-6 ,0  ,-1 ,-1 ,-4
11.6902693 ,Left ,-1 ,-1 ,+9 ,-11 ,-3 ,-3 ,0  ,-3
11.6902729 ,Left ,+2 ,+5 ,+13 ,+27 ,+1 ,-1 ,0  ,-1
11.702941 ,Left ,-1 ,-2 ,+2 ,-3 ,+3 ,0  ,-4 ,0 
11.7029455 ,Left ,-2 ,-3 ,+4 ,+16 ,-12 ,+6 ,0  ,-3
11.7172885 ,Left ,-1 ,-5 ,-21 ,-1 ,-1 ,-21 ,-6 ,-2
11.7172925 ,Left ,+2 ,+3 ,+13 ,+22 ,0  ,+3 ,-2 ,-2
11.7263203 ,Left ,-2 ,-6 ,-16 ,-28 ,+1 ,-4 ,-1 ,+1
11.7263241 ,Left ,+1 ,+1 ,+10 ,+4 ,-6 ,+5 ,+1 ,0 
11.7277264 ,Left ,+2 ,+3 ,-3 ,-24 ,+3 ,+7 ,+2 ,+1
11.7277298 ,Left ,0  ,0  ,+6 ,+9 ,-11 ,-5 ,-3 ,0 
11.7486272 ,Left ,-3 ,-4 ,-1 ,+5 ,-2 ,-4 ,-2 ,0 
11.7486304 ,Left ,-2 ,+1 ,-5 ,-24 ,-1 ,+1 ,-6 ,0 
11.7501952 ,Left ,-4 ,-3 ,+1 ,-8 ,-10 ,+12 ,+3 ,-10
11.7501983 ,Left ,-5 ,-1 ,-7 ,-7 ,+4 ,-32 ,-5 ,+13
11.7631468 ,Left ,+9 ,-2 ,-7 ,-12 ,-11 ,-28 ,-9 ,-15
11.7631502 ,Left ,-2 ,0  ,-4 ,-21 ,+5 ,+31 ,+7 ,+7
11.7695808 ,Left ,+2 ,0  ,+8 ,+46 ,+2 ,-11 ,-7 ,+1
11.7695849 ,Left ,-7 ,-7 ,-12 ,-33 ,-3 ,0  ,-13 ,-6
11.7862602 ,Left ,+6 ,0  ,+2 ,+19 ,+4 ,+6 ,+97 ,+5
11.7862631 ,Left ,-13 ,+2 ,-3 ,-25 ,-2 ,-3 ,-90 ,-26
11.7876736 ,Left ,+13 ,-1 ,+3 ,+9 ,+3 ,+18 ,-12 ,+18
11.7876766 ,Left ,+10 ,+3 ,0  ,-3 ,-6 ,-16 ,+16 ,-17
11.8162571 ,Left ,-5 ,-2 ,-6 ,-16 ,+1 ,-14 ,-38 ,+17
11.8162604 ,Left ,-2 ,-5 ,+4 ,+43 ,+10 ,+1 ,+33 ,-10
11.8177385 ,Left ,-10 ,+3 ,0  ,-13 ,-3 ,+13 ,+5 ,-5
11.8177414 ,Left ,0  ,+2 ,+5 ,+13 ,+8 ,+12 ,+5 ,+1
11.8229274 ,Left ,-1 ,0  ,-7 ,-27 ,-29 ,-2 ,-19 ,-3
11.8229299 ,Left ,+1 ,-3 ,-5 ,+4 ,+22 ,-8 ,+31 ,+8
11.8296696 ,Left ,0  ,-2 ,-7 ,-21 ,-7 ,-11 ,-12 ,+1
11.8296721 ,Left ,-3 ,-1 ,+1 ,+47 ,+8 ,+5 ,+3 ,-4
11.8462434 ,Left ,-5 ,-2 ,+8 ,-9 ,+2 ,+7 ,-7 ,-6
11.8462462 ,Left ,-1 ,-5 ,-2 ,-5 ,-1 ,-12 ,-12 ,+2
11.847741 ,Left ,0  ,-4 ,-3 ,+7 ,-6 ,-7 ,+17 ,0 
11.8477439 ,Left ,+6 ,+17 ,+17 ,-11 ,-9 ,+13 ,+4 ,+4
11.8687696 ,Left ,-8 ,-6 ,-6 ,+28 ,+12 ,+10 ,-13 ,-2
11.8687725 ,Left ,+8 ,+2 ,+6 ,+18 ,-9 ,-10 ,+6 ,+5
11.8702023 ,Left ,-7 ,-14 ,-17 ,+21 ,-1 ,-2 ,+2 ,-6
11.870205 ,Left ,-1 ,+2 ,+2 ,-56 ,-7 ,+4 ,-6 ,0 
11.8828902 ,Left ,-4 ,-4 ,-15 ,+6 ,+4 ,+3 ,-15 ,-2
11.8828929 ,Left ,+2 ,+4 ,+30 ,+43 ,-5 ,-4 ,+7 ,-1
11.8897286 ,Left ,-2 ,-5 ,-37 ,-39 ,+1 ,-1 ,+4 ,-1
11.8897312 ,Left ,-4 ,-13 ,-30 ,-29 ,-4 ,+1 ,-13 ,0 
11.9061345 ,Left ,+2 ,+5 ,+25 ,+32 ,-2 ,-2 ,+1 ,-1
11.9061374 ,Left ,+3 ,-1 ,-11 ,-11 ,+7 ,+14 ,+8 ,+1
11.9075529 ,Left ,-3 ,+6 ,+18 ,-4 ,0  ,-42 ,-12 ,-2
11.9076431 ,Left ,-2 ,-6 ,-3 ,+33 ,-6 ,+2 ,-1 ,-2
11.9287629 ,Left ,-1 ,-2 ,-7 ,-21 ,0  ,+3 ,-1 ,+1
11.9287657 ,Left ,-3 ,+1 ,+3 ,+21 ,-4 ,-14 ,+1 ,-2
11.9301549 ,Left ,-1 ,0  ,+4 ,+7 ,-5 ,+2 ,-7 ,-1
11.9301594 ,Left ,0  ,-4 ,-3 ,-50 ,-9 ,-7 ,+2 ,-5
11.9421326 ,Left ,-2 ,+2 ,+6 ,+14 ,+2 ,0  ,-7 ,-4
11.9421354 ,Left ,-3 ,0  ,-12 ,-19 ,+2 ,+5 ,-11 ,-7
11.9511461 ,Left ,+3 ,0  ,+8 ,+12 ,0  ,+9 ,0  ,+13
11.9511486 ,Left ,-7 ,-6 ,-9 ,+3 ,+6 ,-1 ,+11 ,-2
11.9663055 ,Left ,+3 ,+2 ,-2 ,-15 ,-1 ,+17 ,+5 ,-5
11.9663084 ,Left ,-1 ,-1 ,+1 ,-10 ,+10 ,-2 ,-8 ,-11
11.9677501 ,Left ,-6 ,+1 ,0  ,-11 ,-4 ,+10 ,+15 ,+5
11.9677529 ,Left ,-1 ,-6 ,-5 ,-11 ,-14 ,-30 ,-2 ,0 
11.9960677 ,Left ,+3 ,0  ,-1 ,+1 ,+10 ,+2 ,-67 ,-2
11.9960704 ,Left ,0  ,-2 ,-5 ,-12 ,-4 ,-1 ,+50 ,+9
11.9976057 ,Left ,-1 ,+3 ,+15 ,+40 ,+28 ,+17 ,+10 ,-9
11.997608 ,Left ,+1 ,-3 ,-7 ,-8 ,-38 ,-38 ,-54 ,+13
12.0021842 ,Left ,-4 ,0  ,-3 ,-21 ,+13 ,-21 ,+16 ,-3
12.0021865 ,Left ,-1 ,+2 ,+7 ,+38 ,-14 ,-2 ,+8 ,+1
12.0112484 ,Left ,0  ,+3 ,+5 ,+5 ,+3 ,-6 ,-8 ,-3
12.0112509 ,Left ,+3 ,-3 ,-1 ,+10 ,+19 ,+14 ,0  ,-2
12.0262168 ,Left ,-2 ,-6 ,-7 ,-31 ,+4 ,-1 ,+19 ,-1
12.0262201 ,Left ,-1 ,0  ,-5 ,-3 ,-39 ,-33 ,-41 ,-3
12.0276599 ,Left ,-1 ,-4 ,+3 ,+63 ,-7 ,+3 ,+5 ,0 
12.0276629 ,Left ,+1 ,+2 ,-2 ,-11 ,+9 ,+18 ,-2 ,-5
12.0486668 ,Left ,-3 ,-3 ,-10 ,-19 ,-9 ,+1 ,+6 ,+1
12.0486721 ,Left ,-1 ,+1 ,+6 ,-13 ,+11 ,+6 ,+11 ,+4
12.0500962 ,Left ,+1 ,-1 ,+19 ,-5 ,-5 ,+4 ,-9 ,-4
12.0501886 ,Left ,-6 ,-8 ,-50 ,-16 ,+16 ,+8 ,+6 ,-6
12.0629525 ,Left ,+1 ,-7 ,+16 ,+41 ,-6 ,-1 ,+6 ,+1
12.0629724 ,Left ,+8 ,+20 ,+22 ,-32 ,+1 ,-5 ,-9 ,+5
12.0716115 ,Left ,-1 ,-1 ,0  ,+9 ,+1 ,-7 ,-3 ,-5
12.071771 ,Left ,-6 ,-11 ,-7 ,-7 ,+4 ,+9 ,+5 ,-4
12.0861355 ,Left ,-1 ,0  ,+8 ,-2 ,-8 ,+2 ,+6 ,-1
12.0861403 ,Left ,0  ,-10 ,-38 ,-69 ,-6 ,+2 ,-7 ,-1
12.0877378 ,Left ,0  ,-2 ,-3 ,+16 ,+9 ,0  ,0  ,+1
12.0877417 ,Left ,0  ,0  ,+5 ,-2 ,+9 ,+5 ,+11 ,+2
12.1086762 ,Left ,0  ,-2 ,-2 ,+12 ,-12 ,+1 ,-5 ,-1
12.1086792 ,Left ,-2 ,-1 ,+21 ,+23 ,-3 ,-3 ,-2 ,0 
12.1101298 ,Left ,-2 ,+3 ,-3 ,-24 ,-3 ,0  ,+1 ,-1
12.1101325 ,Left ,+2 ,0  ,+4 ,+1 ,-3 ,+1 ,+2 ,-3
12.1221415 ,Left ,+2 ,+5 ,+8 ,+59 ,+22 ,+2 ,+1 ,+1
12.1222056 ,Left ,-1 ,-2 ,+2 ,+3 ,+3 ,+6 ,+4 ,+2
12.1313028 ,Left ,-4 ,-5 ,-17 ,-51 ,-6 ,+2 ,-12 ,-4
12.1313055 ,Left ,-1 ,+5 ,+22 ,+52 ,-2 ,+8 ,-5 ,-1
12.1461393 ,Left ,-4 ,+2 ,+1 ,-3 ,-16 ,-1 ,+19 ,0 
12.1461421 ,Left ,-2 ,-4 ,-11 ,-3 ,+9 ,+14 ,+3 ,0 
12.1475902 ,Left ,-1 ,-7 ,-10 ,+17 ,0  ,-43 ,-5 ,-2
12.1476222 ,Left ,0  ,+2 ,+4 ,-1 ,-27 ,+10 ,+15 ,-1
12.1687648 ,Left ,+1 ,+2 ,-7 ,-5 ,+2 ,+1 ,-6 ,0 
12.1687676 ,Left ,+1 ,-5 ,-8 ,-2 ,+4 ,+6 ,+1 ,0 
12.1702343 ,Left ,+1 ,+2 ,-1 ,-23 ,+2 ,-8 ,+5 ,-2
12.1702371 ,Left ,0  ,-1 ,+7 ,+16 ,+9 ,+13 ,-11 ,+1
12.1822027 ,Left ,-2 ,-1 ,-9 ,-13 ,-5 ,-11 ,0  ,-13
12.1822052 ,Left ,+2 ,-3 ,+4 ,+28 ,-4 ,-7 ,-2 ,+14
12.1911609 ,Left ,0  ,0  ,+2 ,-35 ,-10 ,+7 ,-5 ,-4
12.1911633 ,Left ,0  ,0  ,-1 ,-27 ,-2 ,-9 ,+5 ,+3
12.2061629 ,Left ,-5 ,-2 ,-4 ,-2 ,-6 ,+6 ,-4 ,-3
12.2061655 ,Left ,-3 ,-3 ,-8 ,-6 ,+2 ,-7 ,-6 ,-7
12.20755 ,Left ,0  ,+3 ,+1 ,-7 ,-2 ,+7 ,+3 ,0 
12.2076176 ,Left ,-2 ,-3 ,+11 ,+49 ,+2 ,+3 ,+2 ,-1
12.2287847 ,Left ,-1 ,-3 ,-2 ,0  ,+4 ,-1 ,-3 ,+4
12.2287875 ,Left ,-3 ,-3 ,-5 ,-20 ,-9 ,-6 ,-4 ,-5
12.2302023 ,Left ,-2 ,0  ,+7 ,-2 ,0  ,+8 ,+4 ,+3
12.2302185 ,Left ,0  ,+3 ,+7 ,+8 ,+3 ,-4 ,-2 ,-3
12.2422523 ,Left ,-2 ,-4 ,-23 ,-46 ,-9 ,-3 ,-3 ,+2
12.2422551 ,Left ,-1 ,-6 ,0  ,+23 ,+13 ,0  ,-1 ,-3
12.2512336 ,Left ,+2 ,+9 ,+9 ,-16 ,-1 ,+7 ,-6 ,-1
12.2512361 ,Left ,-4 ,-1 ,+1 ,+1 ,-30 ,-11 ,+5 ,-1
12.2736513 ,Left ,-3 ,-2 ,+1 ,+23 ,+1 ,+2 ,-3 ,+1
12.2736542 ,Left ,-2 ,-4 ,-8 ,-33 ,-2 ,-1 ,+1 ,-2
12.2751136 ,Left ,-2 ,-2 ,0  ,+14 ,-5 ,-5 ,-1 ,-3
12.2751353 ,Left ,+1 ,+2 ,-2 ,-1 ,+22 ,+7 ,+9 ,+3
12.288728 ,Left ,+2 ,+1 ,0  ,-6 ,-7 ,-23 ,-24 ,+4
12.2887308 ,Left ,-5 ,-2 ,+3 ,+32 ,-18 ,+1 ,+6 ,-24
12.2901778 ,Left ,-3 ,-1 ,-1 ,+10 ,+2 ,+6 ,+19 ,+13
12.2901804 ,Left ,+10 ,+5 ,0  ,-8 ,-1 ,-9 ,-21 ,-5
12.3022196 ,Left ,-9 ,-7 ,-7 ,-1 ,+31 ,+60 ,-21 ,+7
12.302222 ,Left ,+4 ,+1 ,-1 ,+9 ,+20 ,-12 ,-22 ,-15
12.311243 ,Left ,-6 ,-5 ,-11 ,-27 ,-5 ,+1 ,+28 ,-7
12.3112459 ,Left ,+8 ,+3 ,+3 ,+22 ,+13 ,+27 ,+14 ,+28
12.3260383 ,Left ,-1 ,0  ,+5 ,+1 ,+4 ,-18 ,+28 ,+5
12.326041 ,Left ,-7 ,+1 ,-7 ,-58 ,-4 ,-21 ,+8 ,-2
12.3277368 ,Left ,+2 ,-2 ,-2 ,+44 ,0  ,+3 ,-7 ,-9
12.3277394 ,Left ,-6 ,-2 ,-4 ,-45 ,-2 ,-14 ,-3 ,+1
12.3486355 ,Left ,+5 ,+4 ,+9 ,+8 ,+4 ,+10 ,+7 ,-6
12.3486384 ,Left ,-2 ,-2 ,0  ,+11 ,-6 ,+7 ,+9 ,+10
12.3500952 ,Left ,-6 ,-9 ,-19 ,-45 ,-18 ,-10 ,-9 ,-6
12.3500974 ,Left ,-1 ,-4 ,-10 ,-21 ,+1 ,-7 ,-3 ,-7
12.3620997 ,Left ,+1 ,+10 ,+24 ,+7 ,-13 ,-8 ,+2 ,+2
12.3621784 ,Left ,-3 ,-13 ,-12 ,+19 ,+6 ,+5 ,+4 ,-3
12.371214 ,Left ,+3 ,+10 ,+2 ,-17 ,-15 ,-3 ,-18 ,+1
12.3712175 ,Left ,-2 ,-3 ,+12 ,+15 ,+8 ,+2 ,-11 ,-6
12.3847423 ,Left ,+4 ,+3 ,-17 ,-19 ,-10 ,-7 ,+4 ,-3
12.3847452 ,Left ,-3 ,-8 ,-48 ,-54 ,-3 ,+4 ,-8 ,+5
12.393721 ,Left ,+5 ,+7 ,+49 ,+89 ,+10 ,+8 ,-5 ,+2
12.3937237 ,Left ,-4 ,-4 ,-1 ,-46 ,-10 ,-4 ,+4 ,-3
12.408595 ,Left ,-1 ,+6 ,+38 ,+34 ,-5 ,-8 ,+1 ,-4
12.4085983 ,Left ,-3 ,-8 ,-37 ,-13 ,-7 ,+3 ,-2 ,+2
12.4101195 ,Left ,-3 ,-19 ,-53 ,-46 ,-11 ,-1 ,-16 ,-1
12.4102111 ,Left ,-2 ,+6 ,+31 ,+16 ,+3 ,-3 ,+19 ,-6
12.4388369 ,Left ,-1 ,+1 ,+22 ,+25 ,-5 ,-8 ,-6 ,-2
12.4388397 ,Left ,+1 ,+3 ,+3 ,+6 ,-4 ,+3 ,-15 ,+1
12.4402305 ,Left ,0  ,+4 ,+24 ,+20 ,-3 ,+6 ,+22 ,0 
12.4402333 ,Left ,-4 ,-9 ,-34 ,+12 ,-4 ,-4 ,-10 ,-2
12.4446504 ,Left ,+1 ,-4 ,-14 ,0  ,-4 ,+1 ,+2 ,-1
12.4446527 ,Left ,+1 ,+5 ,+15 ,-3 ,-2 ,+1 ,+5 ,+3
12.4535987 ,Left ,-1 ,0  ,+9 ,+18 ,+29 ,-2 ,-3 ,0 
12.4536011 ,Left ,+1 ,0  ,-2 ,-4 ,-37 ,-4 ,-1 ,-2
12.4687921 ,Left ,-4 ,-6 ,-22 ,-27 ,0  ,-4 ,0  ,-2
12.4687952 ,Left ,+1 ,+5 ,+22 ,+31 ,+2 ,-1 ,0  ,-2
12.470195 ,Left ,0  ,-1 ,-8 ,-29 ,+5 ,+1 ,-5 ,+1
12.4701977 ,Left ,-4 ,-5 ,-5 ,+11 ,+4 ,-1 ,-4 ,-3
12.4910046 ,Left ,-1 ,-3 ,-18 ,-23 ,-4 ,-2 ,-3 ,-3
12.4910078 ,Left ,0  ,+3 ,+16 ,+33 ,-2 ,0  ,-13 ,-6
12.4925935 ,Left ,+1 ,-2 ,-5 ,-5 ,-3 ,-12 ,+11 ,+11
12.4925962 ,Left ,-2 ,-2 ,-9 ,-14 ,+7 ,-6 ,-6 ,-3
12.5048481 ,Left ,-2 ,-3 ,-4 ,+4 ,-7 ,-4 ,0  ,-3
12.504851 ,Left ,-1 ,+3 ,+13 ,+1 ,+3 ,-1 ,0  ,-3
12.5137783 ,Left ,+1 ,-3 ,-6 ,-6 ,-4 ,-4 ,-5 ,-4
12.5137811 ,Left ,-1 ,-2 ,+2 ,+6 ,+4 ,0  ,-2 ,-2
12.5299062 ,Left ,+2 ,0  ,0  ,-4 ,+5 ,+3 ,+1 ,0 
12.5299089 ,Left ,+2 ,+4 ,+9 ,+1 ,+3 ,+1 ,+6 ,+2
12.5318085 ,Left ,-6 ,-15 ,-21 ,-31 ,-17 ,-4 ,-11 ,-6
12.5318108 ,Left ,0  ,+3 ,+6 ,+11 ,+6 ,0  ,+1 ,+1
12.551395 ,Left ,-4 ,-5 ,-7 ,-5 ,-5 ,+2 ,-2 ,-3
12.5513978 ,Left ,+1 ,+1 ,+4 ,-4 ,+1 ,+8 ,+5 ,+4
12.5527518 ,Left ,+3 ,+3 ,+2 ,+12 ,+3 ,-4 ,-2 ,+1
12.5527545 ,Left ,-2 ,-4 ,-7 ,-4 ,+4 ,+2 ,0  ,-4
12.5653907 ,Left ,-2 ,-3 ,+4 ,+11 ,-9 ,-6 ,-1 ,-2
12.5654255 ,Left ,-1 ,-1 ,-12 ,-18 ,+1 ,+5 ,+2 ,+2
12.5722837 ,Left ,+1 ,+5 ,+9 ,-13 ,-2 ,+7 ,-1 ,0 
12.5722865 ,Left ,-3 ,-2 ,+1 ,+24 ,+3 ,-6 ,-6 ,-1
12.5886219 ,Left ,-1 ,-10 ,-24 ,-37 ,-7 ,-2 ,+12 ,-1
12.5886247 ,Left ,-1 ,-3 ,+7 ,+6 ,-6 ,-6 ,-5 ,-1
12.5901098 ,Left ,-1 ,0  ,+2 ,+8 ,+1 ,0  ,-4 ,-1
12.5901123 ,Left ,-1 ,-3 ,-8 ,-16 ,-1 ,-2 ,+3 ,-1
12.6110202 ,Left ,-2 ,+4 ,+10 ,+12 ,+1 ,-1 ,-4 ,+1
12.6110228 ,Left ,-2 ,-2 ,0  ,+5 ,-4 ,+3 ,+3 ,-1
12.6126104 ,Left ,0  ,-1 ,-4 ,+1 ,+3 ,-8 ,0  ,-3
12.612613 ,Left ,-2 ,-1 ,-1 ,-27 ,+1 ,+8 ,-5 ,-2
12.6248243 ,Left ,-2 ,-3 ,-7 ,+11 ,0  ,-6 ,-5 ,0 
12.6248282 ,Left ,0  ,+2 ,+1 ,-3 ,-2 ,-3 ,-2 ,0 
12.6344221 ,Left ,-2 ,+1 ,-1 ,+12 ,+4 ,+8 ,-1 ,-1
12.634425 ,Left ,+1 ,+1 ,0  ,-4 ,+2 ,-2 ,+2 ,0 
12.6477984 ,Left ,-1 ,-1 ,0  ,-7 ,0  ,-2 ,-3 ,-1
12.647801 ,Left ,-1 ,-3 ,-4 ,-3 ,-2 ,0  ,0  ,-2
12.6486117 ,Left ,-1 ,+1 ,+3 ,+1 ,-2 ,0  ,-1 ,-2
12.6486708 ,Left ,-3 ,-2 ,-3 ,+5 ,0  ,-1 ,-3 ,-1
12.6705043 ,Left ,-1 ,-3 ,-2 ,+14 ,+2 ,0  ,-1 ,-1
12.6705071 ,Left ,-1 ,+2 ,+3 ,-25 ,-6 ,-6 ,-3 ,0 
12.671276 ,Left ,-2 ,0  ,0  ,+3 ,-2 ,-1 ,-3 ,0 
12.6712803 ,Left ,+1 ,+2 ,+3 ,0  ,-2 ,-2 ,+1 ,0 
12.693495 ,Left ,-1 ,-1 ,-7 ,-9 ,-1 ,0  ,-3 ,-1
12.6934978 ,Left ,-2 ,-1 ,+6 ,+18 ,+3 ,+3 ,+1 ,-1
12.6942759 ,Left ,-2 ,-3 ,+5 ,+14 ,-1 ,-7 ,-5 ,-2
12.6942784 ,Left ,+2 ,+5 ,-6 ,-11 ,-4 ,+2 ,0  ,-1
12.7160261 ,Left ,+2 ,-1 ,+5 ,0  ,-2 ,+2 ,0  ,-1
12.7160288 ,Left ,-1 ,+2 ,-4 ,+10 ,+6 ,-5 ,-1 ,-1
12.7168439 ,Left ,0  ,-1 ,-1 ,-9 ,-8 ,+4 ,+2 ,0 
12.7168463 ,Left ,-3 ,-7 ,-2 ,+26 ,-6 ,-1 ,-2 ,0 
12.7303286 ,Left ,-3 ,-1 ,+2 ,-1 ,+2 ,0  ,-2 ,-1
12.7303313 ,Left ,-1 ,-3 ,-6 ,-24 ,-6 ,-2 ,+8 ,+1
12.7311504 ,Left ,-1 ,0  ,+6 ,+42 ,+7 ,+1 ,-4 ,-2
12.7311529 ,Left ,-1 ,-4 ,-8 ,-47 ,-3 ,-6 ,-2 ,-1
12.7537911 ,Left ,0  ,+2 ,-3 ,-3 ,-7 ,-1 ,0  ,+2
12.7537943 ,Left ,0  ,-3 ,0  ,+5 ,-2 ,-2 ,-1 ,+1
12.7545467 ,Left ,-1 ,-1 ,0  ,+6 ,+2 ,+5 ,-2 ,-2
12.7545505 ,Left ,-1 ,+1 ,+3 ,+19 ,+2 ,+6 ,+3 ,0 
12.7678752 ,Left ,-1 ,-2 ,-4 ,-16 ,-1 ,-1 ,-5 ,-1
12.7678781 ,Left ,+1 ,+1 ,+3 ,-3 ,+1 ,-1 ,-1 ,-1
12.7686513 ,Left ,0  ,+1 ,-6 ,-11 ,+1 ,-2 ,0  ,-2
12.7686541 ,Left ,0  ,-1 ,-2 ,-3 ,-2 ,+5 ,-1 ,-2
12.7904023 ,Left ,-1 ,-3 ,-1 ,+11 ,0  ,+4 ,0  ,-3
12.7904052 ,Left ,-2 ,-1 ,+5 ,-2 ,-1 ,-8 ,-3 ,0 
12.791101 ,Left ,-2 ,0  ,-2 ,+5 ,-1 ,+4 ,+4 ,-2
12.7911041 ,Left ,0  ,-1 ,+1 ,+21 ,+3 ,-3 ,-3 ,0 
12.8136862 ,Left ,0  ,0  ,+5 ,+13 ,+2 ,-2 ,-1 ,-1
12.8136892 ,Left ,-1 ,-6 ,-12 ,-6 ,-6 ,+12 ,-4 ,-3
12.814605 ,Left ,+1 ,-3 ,-8 ,-20 ,+3 ,-13 ,-6 ,0 
12.8146082 ,Left ,-2 ,+2 ,+2 ,-15 ,+7 ,0  ,+1 ,0 
12.8283172 ,Left ,-1 ,+3 ,+6 ,+47 ,+1 ,-6 ,0  ,+1
12.8283202 ,Left ,0  ,-1 ,-16 ,-14 ,-3 ,+2 ,-2 ,-1
12.8291015 ,Left ,-2 ,+1 ,+4 ,+3 ,-1 ,+2 ,0  ,-1
12.8291043 ,Left ,-2 ,-1 ,0  ,-14 ,-3 ,-5 ,-3 ,-1
12.8504407 ,Left ,+1 ,0  ,-3 ,-11 ,-3 ,+2 ,-10 ,+1
12.8504438 ,Left ,+1 ,0  ,+4 ,+10 ,0  ,-8 ,+8 ,-2
12.851111 ,Left ,-3 ,-4 ,-7 ,-12 ,-3 ,+3 ,-1 ,-1
12.8511145 ,Left ,-1 ,-1 ,+4 ,+4 ,-2 ,-5 ,0  ,0 
12.8738482 ,Left ,-1 ,+1 ,-5 ,-16 ,-1 ,0  ,-3 ,-2
12.8738512 ,Left ,+1 ,+3 ,+8 ,+34 ,+1 ,-3 ,-2 ,+1
12.8744131 ,Left ,-1 ,-1 ,-14 ,-44 ,-2 ,-3 ,0  ,0 
12.874416 ,Left ,-1 ,-2 ,+6 ,+32 ,0  ,+2 ,-1 ,0 
12.8881249 ,Left ,-3 ,-4 ,-1 ,-2 ,-2 ,+4 ,+5 ,-1
12.8881279 ,Left ,-4 ,-1 ,+3 ,+6 ,0  ,-17 ,-8 ,-2
12.888694 ,Left ,0  ,+1 ,+9 ,+10 ,+1 ,+4 ,+2 ,0 
12.8886968 ,Left ,0  ,-1 ,-7 ,-18 ,+3 ,0  ,-1 ,0 
12.9105043 ,Left ,-3 ,-1 ,-11 ,-43 ,-18 ,-8 ,-2 ,-2
12.9105078 ,Left ,-2 ,-5 ,-4 ,+6 ,0  ,+1 ,0  ,0 
12.9113791 ,Left ,0  ,0  ,0  ,+2 ,-3 ,0  ,-8 ,-1
12.9113824 ,Left ,0  ,+3 ,+4 ,-5 ,+1 ,-3 ,0  ,-1
12.9335256 ,Left ,0  ,0  ,-2 ,-1 ,+5 ,+3 ,+2 ,-1
12.9335286 ,Left ,-1 ,-1 ,0  ,-10 ,-19 ,+1 ,0  ,-1
12.9343657 ,Left ,0  ,-2 ,-3 ,-13 ,+14 ,+3 ,+2 ,-2
12.9343685 ,Left ,-3 ,-4 ,0  ,+6 ,-8 ,-5 ,-1 ,-3
12.9478769 ,Left ,0  ,+1 ,0  ,+10 ,+2 ,0  ,0  ,-1
12.9478802 ,Left ,0  ,0  ,-3 ,-6 ,-1 ,+1 ,-2 ,+2
12.9485855 ,Left ,0  ,-2 ,+1 ,+4 ,-3 ,-5 ,-2 ,-2
12.9486147 ,Left ,-1 ,0  ,-1 ,0  ,-2 ,+2 ,-1 ,-1
12.9785514 ,Left ,-2 ,-3 ,-1 ,+5 ,+5 ,-1 ,-1 ,0 
12.9785551 ,Left ,0  ,-1 ,+1 ,-9 ,+3 ,-5 ,-2 ,-1
12.9793397 ,Left ,0  ,-2 ,0  ,+3 ,-3 ,+5 ,+1 ,+1
12.9793488 ,Left ,-3 ,-1 ,-4 ,-8 ,0  ,-1 ,+5 ,-2
12.994222 ,Left ,-2 ,-5 ,-2 ,-20 ,-4 ,-4 ,-5 ,-3
12.9942245 ,Left ,0  ,0  ,0  ,-8 ,+1 ,+1 ,-3 ,-1
12.9950157 ,Left ,-1 ,-2 ,-6 ,+8 ,-4 ,-3 ,0  ,-3
12.9950181 ,Left ,0  ,+2 ,-1 ,+4 ,-4 ,-1 ,-3 ,-2
13.0078371 ,Left ,+1 ,0  ,+7 ,0  ,+3 ,-1 ,+2 ,+1
13.0078396 ,Left ,-2 ,-2 ,-3 ,+6 ,-2 ,0  ,-1 ,-2
13.008661 ,Left ,-4 ,-3 ,-2 ,-9 ,+3 ,-3 ,-3 ,-1
13.0086636 ,Left ,-1 ,-3 ,-2 ,+4 ,-6 ,-3 ,-2 ,-2
13.0303478 ,Left ,0  ,0  ,+3 ,-6 ,+3 ,+3 ,+1 ,0 
13.0303509 ,Left ,-1 ,+4 ,+6 ,+26 ,+1 ,+2 ,-1 ,0 
13.0311513 ,Left ,-1 ,-1 ,-5 ,0  ,-1 ,-1 ,0  ,+1
13.0311538 ,Left ,-1 ,+1 ,-1 ,-13 ,+1 ,0  ,0  ,+1
13.0537901 ,Left ,-2 ,-3 ,+3 ,+13 ,+1 ,-5 ,0  ,-2
13.0537931 ,Left ,+1 ,-4 ,0  ,-12 ,-6 ,-1 ,-1 ,-1
13.0545327 ,Left ,0  ,-2 ,+1 ,0  ,-3 ,-3 ,+1 ,-1
13.0545357 ,Left ,0  ,-2 ,-3 ,0  ,-1 ,-1 ,-1 ,-1
13.0679073 ,Left ,-2 ,+3 ,-3 ,-9 ,-4 ,-2 ,-2 ,-1
13.0679105 ,Left ,-3 ,0  ,-3 ,-7 ,+5 ,0  ,-2 ,-1
13.0688717 ,Left ,+1 ,+4 ,+3 ,0  ,-1 ,+20 ,+6 ,+1
13.0688749 ,Left ,-2 ,-4 ,-6 ,+34 ,0  ,-47 ,-11 ,-1
13.0905336 ,Left ,-1 ,-1 ,-5 ,-50 ,-11 ,-2 ,0  ,-1
13.0905371 ,Left ,-1 ,-2 ,-5 ,+5 ,+3 ,0  ,-1 ,-1
13.0912002 ,Left ,-3 ,0  ,+5 ,+13 ,-1 ,+2 ,0  ,0 
13.0912032 ,Left ,0  ,0  ,-2 ,-6 ,-3 ,+13 ,+1 ,-1
13.1149983 ,Left ,0  ,+1 ,+1 ,+15 ,+6 ,-1 ,-1 ,0 
13.1150699 ,Left ,+1 ,-2 ,-7 ,-10 ,-2 ,-5 ,-3 ,-2
13.1157905 ,Left ,-2 ,-3 ,-2 ,-14 ,+2 ,-5 ,-2 ,-2
13.1157937 ,Left ,-2 ,-4 ,-1 ,-8 ,-7 ,+6 ,0  ,+1
13.1279894 ,Left ,0  ,+2 ,-5 ,-7 ,-2 ,-4 ,-11 ,+1
13.1279938 ,Left ,-3 ,-1 ,+2 ,-5 ,+1 ,+4 ,+17 ,-2
13.1288314 ,Left ,-2 ,-1 ,+5 ,+29 ,0  ,-6 ,-3 ,0 
13.1288347 ,Left ,-1 ,-2 ,-4 ,-32 ,-5 ,+3 ,0  ,-2
13.150582 ,Left ,-3 ,-4 ,+1 ,+12 ,+1 ,+1 ,+1 ,-2
13.1505847 ,Left ,0  ,-2 ,-2 ,-6 ,-4 ,-4 ,-4 ,-1
13.1513552 ,Left ,+1 ,-2 ,-6 ,-11 ,-3 ,-5 ,-1 ,-1
13.1513584 ,Left ,+2 ,+5 ,+2 ,+8 ,-3 ,+4 ,+1 ,0 
13.1649142 ,Left ,+1 ,+4 ,+2 ,-12 ,-2 ,-1 ,+2 ,-2
13.1649174 ,Left ,-4 ,-6 ,0  ,+6 ,+11 ,-3 ,-5 ,-1
13.1729521 ,Left ,-1 ,+1 ,+1 ,-2 ,-6 ,-5 ,-2 ,-1
13.1729548 ,Left ,+1 ,-4 ,-3 ,0  ,+3 ,+7 ,-2 ,-1
13.1878258 ,Left ,0  ,-4 ,-2 ,+9 ,+5 ,-2 ,+3 ,0 
13.1878284 ,Left ,-1 ,-1 ,+4 ,-2 ,-19 ,-1 ,-2 ,0 
13.1885445 ,Left ,-2 ,+1 ,-2 ,-4 ,+3 ,-1 ,-3 ,-2
13.1886119 ,Left ,-2 ,0  ,0  ,-11 ,+2 ,+2 ,+2 ,-1
13.2104634 ,Left ,+2 ,-2 ,-9 ,+23 ,0  ,-3 ,-2 ,-3
13.2104664 ,Left ,-2 ,-2 ,-2 ,-4 ,-1 ,-1 ,-3 ,-1
13.2112274 ,Left ,+2 ,-1 ,0  ,+8 ,-5 ,+6 ,+1 ,0 
13.21123 ,Left ,-1 ,+1 ,+2 ,0  ,0  ,-9 ,-3 ,-2
13.2334708 ,Left ,-1 ,-2 ,-1 ,-5 ,-3 ,+2 ,+2 ,0 
13.2334734 ,Left ,-1 ,+2 ,+6 ,+30 ,+3 ,-1 ,-3 ,0 
13.2342576 ,Left ,0  ,-5 ,-9 ,-18 ,-3 ,+2 ,+2 ,-3
13.2342601 ,Left ,-2 ,0  ,0  ,+9 ,+4 ,+2 ,0  ,-1
13.24782 ,Left ,-2 ,-2 ,0  ,-2 ,-1 ,-3 ,-2 ,-1
13.2478226 ,Left ,-1 ,+2 ,+2 ,+4 ,+2 ,0  ,-1 ,0 
13.248664 ,Left ,-2 ,0  ,-4 ,-24 ,-5 ,-6 ,-3 ,0 
13.2486664 ,Left ,-2 ,-2 ,0  ,-2 ,-2 ,+2 ,-1 ,-3
13.2703491 ,Left ,-2 ,-1 ,-3 ,+5 ,-1 ,-4 ,-1 ,-1
13.2703515 ,Left ,+2 ,+1 ,-3 ,-3 ,-1 ,+2 ,-2 ,0 
13.2711278 ,Left ,-1 ,-1 ,+8 ,+13 ,-2 ,-6 ,-2 ,-1
13.2711301 ,Left ,-1 ,-4 ,-19 ,-15 ,-3 ,+2 ,-2 ,0 
13.2938189 ,Left ,-2 ,-1 ,+4 ,+1 ,+1 ,+3 ,-1 ,-1
13.2938218 ,Left ,-1 ,-1 ,-1 ,+2 ,+1 ,+14 ,+6 ,-1
13.2945568 ,Left ,-2 ,0  ,+2 ,-7 ,-3 ,-15 ,-8 ,+3
13.2945598 ,Left ,+1 ,+2 ,+6 ,0  ,-9 ,-11 ,+3 ,+4
13.3085227 ,Left ,-5 ,-1 ,0  ,-5 ,+3 ,+3 ,-6 ,-4
13.3087127 ,Left ,+3 ,-2 ,-2 ,+15 ,+8 ,+12 ,-22 ,-1
13.3092213 ,Left ,-1 ,0  ,-1 ,+6 ,+4 ,-5 ,+25 ,-4
13.3094329 ,Left ,-4 ,-1 ,-2 ,-7 ,-3 ,+17 ,+50 ,+7
13.3305985 ,Left ,0  ,-4 ,-4 ,-6 ,-5 ,-57 ,-49 ,-23
13.3308197 ,Left ,+2 ,+2 ,-2 ,-10 ,-6 ,-31 ,+25 ,+9
13.3313547 ,Left ,-9 ,0  ,+2 ,-5 ,-5 ,-17 ,-38 ,-9
13.3313622 ,Left ,+8 ,-2 ,+2 ,+39 ,+9 ,+44 ,0  ,-26
13.353561 ,Left ,-2 ,+2 ,-1 ,-18 ,-33 ,-44 ,0  ,+38
13.3535655 ,Left ,-13 ,+1 ,+4 ,+46 ,+37 ,-9 ,+28 ,-2
13.3543586 ,Left ,+2 ,-6 ,-6 ,+7 ,-19 ,-55 ,-64 ,-8
13.3543615 ,Left ,+8 ,-1 ,0  ,-47 ,-11 ,-19 ,+34 ,-9
13.3678633 ,Left ,-1 ,+3 ,+3 ,+32 ,+2 ,+25 ,+16 ,-11
13.3678658 ,Left ,+5 ,+1 ,-6 ,-46 ,-9 ,+37 ,+9 ,+7
13.3686371 ,Left ,-4 ,0  ,-3 ,+13 ,+4 ,+11 ,+34 ,+4
13.3686395 ,Left ,-7 ,-2 ,+7 ,+55 ,0  ,+11 ,-50 ,-13
13.39038 ,Left ,+2 ,-4 ,-9 ,-48 ,-6 ,-18 ,0  ,-3
13.3903825 ,Left ,+2 ,+2 ,-1 ,-13 ,-14 ,+4 ,+11 ,+5
13.3911052 ,Left ,+1 ,+1 ,-3 ,-13 ,+2 ,+24 ,+7 ,-5
13.3911079 ,Left ,-1 ,+1 ,+20 ,-4 ,+11 ,-7 ,-4 ,+9
13.4128579 ,Left ,+3 ,-7 ,-38 ,-3 ,+10 ,+20 ,+13 ,+5
13.4128606 ,Left ,-4 ,-3 ,+6 ,+22 ,+2 ,+1 ,-17 ,-12
13.4138912 ,Left ,+6 ,+13 ,+28 ,-29 ,-4 ,+5 ,+14 ,+8
13.4139471 ,Left ,-2 ,-16 ,-63 ,-27 ,+16 ,-10 ,-19 ,+4
13.4280125 ,Left ,0  ,+17 ,+55 ,+42 ,-23 ,+16 ,+10 ,-2
13.4280154 ,Left ,0  ,+1 ,-2 ,-1 ,+3 ,-15 ,-13 ,-4
13.4287717 ,Left ,-4 ,-18 ,-70 ,-21 ,-24 ,+8 ,+1 ,-2
13.4287743 ,Left ,-4 ,-7 ,+3 ,-24 ,+6 ,-4 ,+4 ,+6
13.4502833 ,Left ,+1 ,+7 ,+28 ,+17 ,-6 ,+10 ,+1 ,-4
13.4502858 ,Left ,+5 ,+11 ,+13 ,-11 ,+7 ,-5 ,-6 ,-2
13.4511239 ,Left ,+5 ,+9 ,-12 ,+14 ,-4 ,+5 ,+8 ,+5
13.4511263 ,Left ,-2 ,+21 ,+70 ,+28 ,-11 ,-4 ,-6 ,+1
13.4732619 ,Left ,-8 ,-29 ,-89 ,-18 ,+14 ,+9 ,+7 ,-2
13.4732733 ,Left ,+5 ,+6 ,+33 ,-25 ,-25 ,-12 ,-12 ,-3
13.4740598 ,Left ,-6 ,-11 ,-3 ,+41 ,+22 ,+9 ,+5 ,+1
13.474154 ,Left ,-1 ,0  ,-8 ,-18 ,+19 ,-8 ,-6 ,-2
13.4878224 ,Left ,+3 ,+9 ,+35 ,+21 ,+4 ,+3 ,0  ,-2
13.487825 ,Left ,-3 ,-9 ,-25 ,-14 ,-8 ,-1 ,+3 ,0 
13.4888719 ,Left ,-2 ,-4 ,-9 ,-16 ,-2 ,+3 ,+1 ,-3
13.4888748 ,Left ,-1 ,+2 ,-2 ,0  ,+12 ,-5 ,-3 ,+1
13.5105389 ,Left ,+1 ,+4 ,+13 ,+6 ,+11 ,+6 ,+3 ,+3
13.510542 ,Left ,-4 ,-7 ,-19 ,-13 ,-4 ,-2 ,-6 ,-2
13.5113049 ,Left ,-1 ,-1 ,+17 ,-13 ,+5 ,0  ,+2 ,-2
13.5113075 ,Left ,-3 ,0  ,+2 ,+39 ,-12 ,-4 ,-3 ,0 
13.5343542 ,Left ,-1 ,-1 ,-3 ,+2 ,0  ,+4 ,+1 ,-1
13.534357 ,Left ,-2 ,-6 ,-14 ,-27 ,-5 ,-5 ,-6 ,-3
13.5350082 ,Left ,0  ,+1 ,+8 ,-20 ,-12 ,-2 ,-1 ,-1
13.5350337 ,Left ,-2 ,-1 ,-4 ,+19 ,-6 ,0  ,0  ,+3
13.5480406 ,Left ,0  ,-4 ,-6 ,+15 ,+6 ,+1 ,-10 ,-4
13.5480435 ,Left ,-1 ,-1 ,0  ,-3 ,-3 ,0  ,+1 ,0 
13.5489067 ,Left ,-1 ,0  ,+13 ,+13 ,+11 ,+5 ,-15 ,-15
13.5489098 ,Left ,+2 ,-2 ,-10 ,-32 ,-15 ,+1 ,+6 ,+16
13.5706066 ,Left ,-7 ,-6 ,+1 ,-15 ,+4 ,-1 ,-2 ,-6
13.5706094 ,Left ,0  ,-1 ,0  ,-1 ,-2 ,-4 ,-6 ,-2
13.5713773 ,Left ,-3 ,-2 ,0  ,+1 ,0  ,+15 ,+8 ,+1
13.5713801 ,Left ,-2 ,+2 ,+1 ,-2 ,-3 ,-20 ,-11 ,-2
13.5936364 ,Left ,+2 ,0  ,+1 ,-1 ,-5 ,+3 ,+2 ,0 
13.5936392 ,Left ,-2 ,-2 ,-7 ,0  ,+1 ,-1 ,0  ,-1
13.5943773 ,Left ,0  ,+2 ,+5 ,+10 ,+1 ,-1 ,+4 ,+2
13.5943801 ,Left ,-2 ,-5 ,-3 ,+3 ,-1 ,+5 ,-1 ,-4
13.6078878 ,Left ,+1 ,+1 ,-2 ,-10 ,+5 ,0  ,+3 ,+2
13.6078906 ,Left ,-2 ,-1 ,-5 ,-16 ,-4 ,-4 ,-3 ,-5
13.6085704 ,Left ,0  ,-3 ,+9 ,-13 ,+7 ,+1 ,0  ,+1
13.6085728 ,Left ,+1 ,+4 ,-8 ,-11 ,-10 ,-2 ,-1 ,-4
13.6306295 ,Left ,-3 ,-7 ,0  ,+1 ,+4 ,-2 ,-1 ,-2
13.6306323 ,Left ,-2 ,-2 ,-6 ,+7 ,0  ,0  ,-2 ,+1
13.6313617 ,Left ,-3 ,+2 ,+8 ,-7 ,-6 ,-6 ,0  ,+2
13.6313653 ,Left ,0  ,-2 ,-16 ,+16 ,+4 ,-1 ,0  ,-1
13.6526097 ,Left ,0  ,+4 ,+3 ,-1 ,-4 ,-1 ,+1 ,-1
13.6526143 ,Left ,-2 ,-4 ,-10 ,-12 ,+2 ,-1 ,-2 ,-2
13.6603882 ,Left ,+1 ,-1 ,+1 ,+10 ,-6 ,-5 ,0  ,+3
13.6603909 ,Left ,-3 ,-6 ,+1 ,-8 ,-2 ,+1 ,+1 ,-6
13.6681343 ,Left ,-2 ,+4 ,-7 ,+2 ,-1 ,+2 ,0  ,0 
13.6681374 ,Left ,0  ,-1 ,+10 ,-1 ,-11 ,-2 ,-2 ,-1
13.6688727 ,Left ,+1 ,-1 ,+1 ,+11 ,+5 ,-1 ,0  ,-1
13.6688757 ,Left ,-4 ,-5 ,-10 ,-47 ,-10 ,0  ,-3 ,-1
13.6903383 ,Left ,-1 ,-4 ,+2 ,+1 ,+1 ,-1 ,-1 ,-1
13.6903409 ,Left ,+1 ,+3 ,-1 ,+16 ,+4 ,-1 ,-1 ,-1
13.6910771 ,Left ,-2 ,-3 ,-4 ,-2 ,-2 ,-2 ,0  ,-1
13.6911346 ,Left ,+1 ,-1 ,+6 ,+17 ,-2 ,-1 ,-2 ,-1
13.7132093 ,Left ,-3 ,-7 ,+1 ,+6 ,0  ,-1 ,0  ,-2
13.7132122 ,Left ,0  ,+1 ,-4 ,-13 ,-3 ,-2 ,0  ,-2
13.7137082 ,Left ,-1 ,-1 ,-2 ,+4 ,-2 ,-2 ,0  ,+1
13.7137111 ,Left ,-1 ,0  ,-1 ,+3 ,+1 ,0  ,0  ,0 
13.7278151 ,Left ,0  ,+2 ,+1 ,0  ,-2 ,-1 ,-2 ,-1
13.7278174 ,Left ,-4 ,-4 ,-1 ,+19 ,+2 ,-1 ,0  ,-2
13.7286544 ,Left ,0  ,+2 ,-2 ,-11 ,+1 ,+1 ,+1 ,+1
13.7286566 ,Left ,-2 ,0  ,0  ,-22 ,-4 ,+4 ,0  ,0 
13.7514731 ,Left ,+1 ,+2 ,-1 ,-7 ,-6 ,-2 ,-11 ,-1
13.751476 ,Left ,-2 ,-5 ,-1 ,+7 ,+2 ,-3 ,+12 ,-3
13.7579532 ,Left ,+1 ,0  ,-2 ,+2 ,0  ,-2 ,-1 ,-1
13.758012 ,Left ,+2 ,0  ,+3 ,0  ,-5 ,-2 ,-1 ,-1
13.7730486 ,Left ,-1 ,-2 ,-7 ,-19 ,-3 ,+4 ,0  ,-1
13.7730514 ,Left ,-2 ,-1 ,+14 ,+21 ,+2 ,+2 ,-3 ,0 
13.7737549 ,Left ,-2 ,-2 ,-27 ,-25 ,-5 ,-4 ,0  ,-2
13.7737578 ,Left ,-2 ,-1 ,-3 ,+16 ,+2 ,+2 ,+1 ,-1
13.796165 ,Left ,-2 ,-2 ,-4 ,-7 ,-2 ,-2 ,+1 ,-1
13.7961678 ,Left ,+1 ,-1 ,+16 ,+19 ,-1 ,-2 ,-2 ,0 
13.797092 ,Left ,0  ,+1 ,-4 ,+36 ,-1 ,-2 ,0  ,-1
13.7970949 ,Left ,0  ,-1 ,-10 ,-60 ,-4 ,0  ,-2 ,0 
13.8117167 ,Left ,-3 ,-3 ,+8 ,+43 ,-2 ,-3 ,+1 ,-2
13.8117201 ,Left ,-1 ,+1 ,+4 ,+9 ,+4 ,+14 ,+1 ,+1
13.8125526 ,Left ,-7 ,-3 ,0  ,-34 ,-5 ,-22 ,-10 ,-3
13.8125553 ,Left ,+7 ,+2 ,-1 ,+9 ,-2 ,-11 ,-4 ,-9
13.8330673 ,Left ,-1 ,-1 ,+1 ,-6 ,0  ,-11 ,+1 ,+11
13.8330706 ,Left ,+3 ,0  ,-1 ,0  ,+5 ,+16 ,-7 ,-1
13.8338975 ,Left ,-4 ,-1 ,+3 ,-21 ,-12 ,-20 ,+14 ,+3
13.8339007 ,Left ,-1 ,-5 ,0  ,+41 ,+1 ,+32 ,+12 ,-1
13.8480632 ,Left ,+1 ,0  ,-2 ,-25 ,-5 ,-33 ,-4 ,-6
13.8480664 ,Left ,-2 ,0  ,-4 ,+5 ,+4 ,-16 ,-1 ,-14
13.8489038 ,Left ,+4 ,-1 ,-10 ,-94 ,-7 ,+7 ,+16 ,+15
13.8489066 ,Left ,-10 ,0  ,+13 ,+85 ,-1 ,-1 ,-19 ,-4
13.8706214 ,Left ,+1 ,-3 ,-6 ,-4 ,+1 ,+24 ,+20 ,0 
13.8706266 ,Left ,-3 ,-1 ,-7 ,-18 ,-1 ,-3 ,+13 ,+3
13.8713876 ,Left ,0  ,+7 ,+11 ,+40 ,+5 ,-15 ,-26 ,-13
13.8713905 ,Left ,+8 ,-1 ,-4 ,-33 ,-2 ,0  ,+25 ,+13
13.8928449 ,Left ,-6 ,-2 ,-2 ,-22 ,+6 ,+2 ,-22 ,-5
13.8928477 ,Left ,+4 ,+6 ,+5 ,+28 ,-4 ,-12 ,+10 ,+7
13.8934729 ,Left ,+3 ,-4 ,-5 ,-12 ,+9 ,+22 ,-7 ,+2
13.8935014 ,Left ,-4 ,-2 ,-5 ,-28 ,-53 ,-16 ,-15 ,-5
13.9079692 ,Left ,-3 ,-5 ,+5 ,+38 ,+20 ,+9 ,+1 ,-1
13.9079721 ,Left ,0  ,-2 ,-20 ,-15 ,+7 ,+5 ,0  ,0 
13.9088555 ,Left ,-1 ,-4 ,+11 ,+2 ,-35 ,+1 ,-3 ,-6
13.9088584 ,Left ,-2 ,+7 ,+2 ,+55 ,+21 ,+1 ,-3 ,-2
13.9305163 ,Left ,0  ,-6 ,-16 ,-13 ,+16 ,-3 ,+5 ,-1
13.9305193 ,Left ,-3 ,-2 ,+11 ,+32 ,-19 ,+4 ,-5 ,0 
13.9312244 ,Left ,-6 ,-9 ,-12 ,-4 ,+34 ,-2 ,-1 ,-6
13.9312268 ,Left ,-1 ,-4 ,-13 ,-26 ,0  ,-10 ,+1 ,+1
13.953199 ,Left ,+2 ,-2 ,-42 ,-47 ,-10 ,+4 ,-3 ,0 
13.9532024 ,Left ,+1 ,+1 ,+16 ,+11 ,+10 ,-4 ,-12 ,+1
13.9538722 ,Left ,+4 ,+14 ,+77 ,+76 ,-10 ,+5 ,+2 ,0 
13.9538754 ,Left ,-5 ,-12 ,-29 ,-30 ,+22 ,+6 ,+3 ,-1
13.9672118 ,Left ,-3 ,0  ,+8 ,-9 ,-17 ,-3 ,+6 ,-1
13.9672146 ,Left ,0  ,0  ,+17 ,+15 ,0  ,-31 ,-23 ,-2
13.9754054 ,Left ,-2 ,-8 ,-69 ,-59 ,-11 ,+1 ,+4 ,-2
13.9754086 ,Left ,-1 ,+8 ,+43 ,+43 ,+8 ,+2 ,-2 ,-1
13.9904388 ,Left ,0  ,-1 ,+12 ,+17 ,-5 ,0  ,0  ,-1
13.990442 ,Left ,-1 ,+3 ,0  ,-4 ,-7 ,-2 ,+7 ,0 
13.9912254 ,Left ,0  ,+3 ,+6 ,+35 ,+5 ,+5 ,-1 ,+2
13.9912302 ,Left ,-2 ,-3 ,-13 ,-53 ,+2 ,-10 ,-6 ,-2
14.0130878 ,Left ,-1 ,-3 ,-14 ,+11 ,-7 ,+2 ,-3 ,-3
14.0130913 ,Left ,+1 ,-4 ,-7 ,-18 ,-6 ,+6 ,+1 ,-3
14.0138805 ,Left ,-1 ,-1 ,+2 ,+20 ,+9 ,+4 ,0  ,-2
14.0138838 ,Left ,+4 ,+3 ,-2 ,+1 ,+6 ,+2 ,0  ,-1
14.0272039 ,Left ,-1 ,+1 ,+10 ,-27 ,-11 ,-5 ,0  ,0 
14.0272068 ,Left ,-5 ,-3 ,-6 ,-17 ,-3 ,+4 ,-1 ,-2
14.0355943 ,Left ,+1 ,-5 ,-13 ,-4 ,+1 ,0  ,0  ,0 
14.0355979 ,Left ,-1 ,-2 ,+5 ,-9 ,-1 ,-5 ,0  ,-2
14.0503821 ,Left ,+4 ,+10 ,+22 ,+13 ,-1 ,+2 ,-3 ,0 
14.050385 ,Left ,-3 ,-5 ,-14 ,-12 ,+3 ,0  ,-3 ,0 
14.051207 ,Left ,0  ,+2 ,-5 ,-3 ,+3 ,+3 ,+1 ,0 
14.0512098 ,Left ,-2 ,-1 ,+3 ,+13 ,-6 ,-3 ,+1 ,-2
14.0728285 ,Left ,+1 ,0  ,+8 ,-7 ,+3 ,0  ,0  ,0 
14.0728314 ,Left ,-1 ,-2 ,-16 ,-28 ,-6 ,+4 ,0  ,-1
14.0736078 ,Left ,0  ,+1 ,+22 ,+50 ,+5 ,0  ,+1 ,0 
14.0736106 ,Left ,-1 ,+3 ,-6 ,-36 ,-7 ,-5 ,-5 ,-2
14.0874365 ,Left ,-1 ,-5 ,-6 ,0  ,+7 ,-1 ,-2 ,-1
14.0874426 ,Left ,-1 ,-5 ,-3 ,-1 ,-3 ,-2 ,-1 ,-1
14.1028488 ,Left ,+1 ,-1 ,+3 ,-2 ,+2 ,+1 ,0  ,+2
14.1028517 ,Left ,-3 ,-2 ,+2 ,+1 ,+1 ,0  ,0  ,-1
14.1103939 ,Left ,-2 ,-4 ,-3 ,+10 ,0  ,-2 ,0  ,-2
14.1103969 ,Left ,0  ,+3 ,-1 ,-1 ,-5 ,+2 ,-2 ,-1
14.1111638 ,Left ,-2 ,-4 ,-1 ,+2 ,-8 ,-2 ,-2 ,-3
14.1111661 ,Left ,-1 ,+2 ,-7 ,-14 ,+1 ,+1 ,+1 ,-1
14.1330924 ,Left ,-2 ,-5 ,-3 ,+17 ,-3 ,-2 ,-1 ,-1
14.1330956 ,Left ,+1 ,+4 ,0  ,-9 ,0  ,0  ,-6 ,0 
14.1337466 ,Left ,0  ,0  ,+1 ,+7 ,0  ,-1 ,+2 ,0 
14.1337496 ,Left ,-2 ,-1 ,+6 ,-2 ,-28 ,-3 ,-2 ,-2
14.1472082 ,Left ,+1 ,0  ,+3 ,+5 ,+10 ,-1 ,+1 ,-1
14.1472108 ,Left ,-2 ,-3 ,-6 ,-2 ,+7 ,+1 ,-4 ,-2
14.1554109 ,Left ,-2 ,-2 ,-5 ,+7 ,-8 ,0  ,-3 ,-2
14.1554138 ,Left ,0  ,-3 ,-10 ,-10 ,+2 ,+1 ,+3 ,+2
14.1704413 ,Left ,0  ,+3 ,+5 ,+2 ,0  ,+1 ,-1 ,0 
14.170444 ,Left ,+1 ,-5 ,-1 ,-23 ,-6 ,-1 ,+3 ,-1
14.1710716 ,Left ,+3 ,+6 ,+3 ,+12 ,+3 ,-1 ,+1 ,+1
14.1710739 ,Left ,-4 ,-3 ,-6 ,0  ,+8 ,0  ,-1 ,-2
14.1931185 ,Left ,-2 ,+2 ,-6 ,-17 ,-11 ,-2 ,-2 ,0 
14.1931217 ,Left ,-2 ,-5 ,-1 ,+8 ,+2 ,+1 ,+1 ,-2
14.1938615 ,Left ,0  ,+4 ,+8 ,-25 ,+4 ,+7 ,+3 ,0 
14.1938646 ,Left ,-3 ,-5 ,+6 ,+4 ,-8 ,-12 ,-7 ,-1
14.2072485 ,Left ,-1 ,-2 ,-4 ,+21 ,0  ,+1 ,+1 ,-1
14.2072527 ,Left ,-1 ,-3 ,-1 ,-10 ,-5 ,-1 ,+1 ,0 
14.2156758 ,Left ,0  ,-1 ,-6 ,-22 ,+29 ,+5 ,+2 ,+2
14.2156788 ,Left ,+1 ,0  ,+4 ,-3 ,-11 ,+9 ,-5 ,-2
14.2302835 ,Left ,+1 ,0  ,+5 ,+3 ,0  ,-29 ,-23 ,-2
14.2302861 ,Left ,-3 ,-4 ,-11 ,-26 ,-6 ,-15 ,+13 ,-3
14.2311208 ,Left ,-2 ,-3 ,-1 ,+33 ,+4 ,+2 ,-2 ,-2
14.2311232 ,Left ,-1 ,-1 ,-1 ,+12 ,+9 ,+3 ,+3 ,0 
14.2528398 ,Left ,-3 ,+3 ,+29 ,-9 ,-8 ,+9 ,+4 ,+1
14.2528424 ,Left ,0  ,-4 ,-52 ,-27 ,+5 ,-1 ,-7 ,-1
14.2536741 ,Left ,-2 ,-3 ,0  ,+5 ,-10 ,-9 ,-3 ,-2
14.2536765 ,Left ,0  ,-2 ,-4 ,-33 ,-2 ,-2 ,+1 ,-2
14.2763201 ,Left ,-1 ,-2 ,-2 ,0  ,-5 ,+9 ,+5 ,0 
14.2763234 ,Left ,-2 ,+1 ,+19 ,+29 ,+4 ,-17 ,-6 ,-1
14.2769942 ,Left ,-1 ,-2 ,-8 ,-6 ,-10 ,-3 ,+4 ,+1
14.2769968 ,Left ,-1 ,-2 ,-8 ,-29 ,-1 ,+4 ,-2 ,+1
14.2904275 ,Left ,+1 ,+1 ,+1 ,+5 ,+2 ,-1 ,+3 ,-1
14.2904304 ,Left ,0  ,0  ,+7 ,+10 ,-1 ,+8 ,-1 ,0 
14.2912068 ,Left ,-3 ,-1 ,+5 ,+5 ,-4 ,-4 ,-3 ,-2
14.2912096 ,Left ,+2 ,+5 ,+1 ,+11 ,+4 ,-6 ,+1 ,+2
14.3128709 ,Left ,-1 ,-3 ,-30 ,-6 ,0  ,+2 ,+1 ,-1
14.3128736 ,Left ,-2 ,-1 ,+9 ,0  ,-1 ,+5 ,0  ,+2
14.31359 ,Left ,-2 ,-2 ,+3 ,-17 ,-7 ,-3 ,-4 ,-3
14.3135924 ,Left ,+1 ,+1 ,+10 ,+64 ,+9 ,-1 ,+1 ,-2
14.3360288 ,Left ,-2 ,-2 ,-3 ,-25 ,-4 ,+2 ,0  ,0 
14.3360313 ,Left ,0  ,0  ,-1 ,-5 ,-1 ,+5 ,-2 ,-1
14.337038 ,Left ,-2 ,-4 ,-6 ,+1 ,-5 ,-3 ,-1 ,-1
14.3370409 ,Left ,-1 ,0  ,+3 ,+12 ,+3 ,+1 ,+2 ,-1
14.3503973 ,Left ,+1 ,-1 ,-4 ,-25 ,-2 ,-3 ,+1 ,-1
14.3504 ,Left ,-2 ,-1 ,+6 ,0  ,-3 ,-1 ,0  ,0 
14.3511935 ,Left ,-2 ,-3 ,-4 ,+9 ,+1 ,+1 ,-2 ,-1
14.3511959 ,Left ,-2 ,-3 ,0  ,+18 ,+2 ,-3 ,-3 ,-1
14.3730205 ,Left ,0  ,+3 ,-10 ,-23 ,-6 ,-1 ,-10 ,+1
14.3730236 ,Left ,-3 ,-1 ,+7 ,+31 ,+4 ,+1 ,+16 ,-5
14.37373 ,Left ,-2 ,-2 ,-2 ,-3 ,-6 ,0  ,-1 ,+1
14.3737334 ,Left ,+1 ,-1 ,+4 ,-1 ,+4 ,0  ,-2 ,0 
14.3960628 ,Left ,0  ,+1 ,+2 ,0  ,-1 ,-1 ,-1 ,0 
14.3960658 ,Left ,-1 ,+3 ,+1 ,+9 ,-2 ,+1 ,-4 ,+1
14.3969604 ,Left ,+1 ,+1 ,+3 ,+4 ,+1 ,-1 ,-2 ,-1
14.3969631 ,Left ,-4 ,-7 ,-15 ,-9 ,-1 ,-3 ,+1 ,-4
14.4105702 ,Left ,-2 ,-4 ,+2 ,+1 ,-2 ,+18 ,+5 ,-1
14.4105733 ,Left ,-2 ,-2 ,-4 ,-13 ,-4 ,-47 ,-15 ,-2
14.4112088 ,Left ,-1 ,+1 ,+4 ,+25 ,-1 ,-5 ,+4 ,-1
14.4112116 ,Left ,0  ,0  ,-2 ,-31 ,-6 ,+1 ,-11 ,-1
14.4330149 ,Left ,-1 ,-2 ,-3 ,+14 ,-1 ,0  ,+5 ,-1
14.4330183 ,Left ,0  ,+1 ,+7 ,0  ,-2 ,+14 ,+2 ,0 
14.4337053 ,Left ,-1 ,-3 ,-18 ,-30 ,-2 ,-2 ,-2 ,0 
14.4337082 ,Left ,0  ,-1 ,-2 ,-3 ,-1 ,+1 ,+5 ,+1
14.4561243 ,Left ,-1 ,+4 ,+9 ,0  ,+1 ,-18 ,-3 ,-3
14.4561273 ,Left ,+1 ,-1 ,+1 ,+24 ,+1 ,+7 ,-3 ,-1
14.4569702 ,Left ,0  ,0  ,+3 ,+21 ,-3 ,-2 ,-1 ,-3
14.4569733 ,Left ,-3 ,-3 ,-9 ,-24 ,-2 ,+4 ,+1 ,-2
14.4785294 ,Left ,0  ,-3 ,+8 ,+4 ,+2 ,-1 ,0  ,0 
14.4785327 ,Left ,-2 ,-1 ,-2 ,-17 ,-4 ,+5 ,-2 ,-1
14.4793499 ,Left ,+1 ,+2 ,-5 ,-15 ,-2 ,+2 ,0  ,-1
14.4793521 ,Left ,-4 ,-4 ,+5 ,+24 ,+3 ,-4 ,-1 ,-1
14.4930876 ,Left ,-2 ,-5 ,-17 ,-14 ,-5 ,0  ,-1 ,-1
14.4930908 ,Left ,0  ,+3 ,+2 ,+9 ,+1 ,+3 ,-2 ,+2
14.4938626 ,Left ,-3 ,-4 ,+1 ,-8 ,-2 ,+1 ,-1 ,-2
14.4938654 ,Left ,-1 ,+3 ,+3 ,-2 ,-1 ,-3 ,-2 ,0 
14.5161456 ,Left ,-2 ,-4 ,-3 ,+7 ,+1 ,-2 ,-1 ,0 
14.5161618 ,Left ,+1 ,-2 ,-3 ,+11 ,+1 ,+10 ,+2 ,-1
14.5167767 ,Left ,-2 ,-3 ,-3 ,-31 ,-2 ,-3 ,-3 ,-2
14.5167791 ,Left ,+2 ,+2 ,+5 ,+7 ,-1 ,-3 ,-2 ,0 
14.5311217 ,Left ,-1 ,-1 ,-4 ,-5 ,-8 ,-1 ,-6 ,-3
14.5311246 ,Left ,0  ,-4 ,-5 ,-1 ,0  ,+1 ,+12 ,-2
14.531853 ,Left ,0  ,+2 ,+4 ,+7 ,-2 ,-1 ,-5 ,0 
14.5318558 ,Left ,0  ,-3 ,0  ,-1 ,+8 ,-2 ,-1 ,+1
14.5529204 ,Left ,-2 ,+1 ,-1 ,+16 ,+8 ,+2 ,0  ,0 
14.5529228 ,Left ,-3 ,-4 ,-3 ,-25 ,-13 ,-2 ,-6 ,-3
14.553699 ,Left ,-1 ,-1 ,-3 ,+2 ,-1 ,-2 ,0  ,0 
14.5537014 ,Left ,-2 ,-2 ,-7 ,+3 ,+3 ,+2 ,+4 ,0 
14.5762573 ,Left ,-3 ,+1 ,+14 ,+9 ,-3 ,-2 ,-2 ,+1
14.5762602 ,Left ,-1 ,+2 ,-2 ,-15 ,-6 ,+3 ,-2 ,+2
14.5770042 ,Left ,-3 ,-3 ,+2 ,+28 ,-10 ,-1 ,+1 ,-2
14.5770072 ,Left ,0  ,+4 ,+9 ,+17 ,-3 ,+1 ,-3 ,-1
14.5904049 ,Left ,-1 ,-4 ,-11 ,-12 ,0  ,-1 ,0  ,-1
14.5904073 ,Left ,-2 ,-5 ,-8 ,-14 ,-5 ,-3 ,-4 ,-2
14.5911636 ,Left ,+1 ,+1 ,-1 ,-10 ,+2 ,+1 ,+1 ,+1
14.591166 ,Left ,-3 ,-4 ,-4 ,+2 ,-5 ,-1 ,+1 ,-1
14.6131199 ,Left ,0  ,+1 ,+13 ,+23 ,+9 ,-1 ,+1 ,-1
14.6131228 ,Left ,+1 ,0  ,+6 ,+1 ,-27 ,-5 ,-2 ,-1
14.6137108 ,Left ,-2 ,-3 ,-8 ,-14 ,+28 ,+1 ,-5 ,0 
14.6137773 ,Left ,0  ,-1 ,-3 ,+1 ,+19 ,0  ,-1 ,-2
14.6361851 ,Left ,-2 ,-4 ,-10 ,-12 ,-16 ,-3 ,0  ,-3
14.6361879 ,Left ,-1 ,+1 ,+3 ,+4 ,+11 ,+2 ,-3 ,-2
14.6369915 ,Left ,0  ,+1 ,+3 ,-6 ,-4 ,-2 ,0  ,-2
14.6369945 ,Left ,-2 ,-4 ,-2 ,-4 ,-9 ,-2 ,+1 ,0 
14.6500976 ,Left ,0  ,0  ,-4 ,-2 ,+3 ,0  ,0  ,-2
14.6501002 ,Left ,+1 ,0  ,-1 ,+10 ,+9 ,+3 ,+1 ,+3
14.6581093 ,Left ,-1 ,0  ,+3 ,0  ,-15 ,-1 ,+1 ,-3
14.6581261 ,Left ,-1 ,-1 ,+2 ,+19 ,+22 ,+1 ,0  ,0 
14.6731991 ,Left ,-2 ,-4 ,-4 ,-25 ,-11 ,-2 ,-4 ,-2
14.6732021 ,Left ,0  ,+1 ,-1 ,-13 ,0  ,-3 ,-1 ,0 
14.673792 ,Left ,+2 ,+4 ,+4 ,-4 ,-4 ,-2 ,0  ,+1
14.6737946 ,Left ,0  ,0  ,+2 ,-9 ,-8 ,-1 ,-1 ,0 
14.6960456 ,Left ,0  ,-2 ,+2 ,+25 ,+3 ,-3 ,-3 ,-2
14.6960482 ,Left ,-3 ,-6 ,-6 ,+11 ,+10 ,0  ,0  ,-2
14.6969081 ,Left ,-1 ,-4 ,-2 ,-6 ,-16 ,0  ,0  ,-1
14.6969104 ,Left ,+1 ,+5 ,+1 ,-15 ,-1 ,0  ,-1 ,-2
14.7105793 ,Left ,-1 ,0  ,0  ,+11 ,+6 ,0  ,+2 ,0 
14.710582 ,Left ,-1 ,+1 ,0  ,-8 ,-3 ,+2 ,0  ,0 
14.7113547 ,Left ,-2 ,-2 ,-4 ,-12 ,+21 ,+2 ,+1 ,0 
14.7113576 ,Left ,-2 ,-3 ,+5 ,+63 ,-35 ,-7 ,-3 ,-1
14.7328833 ,Left ,-2 ,-2 ,+1 ,-11 ,+4 ,+2 ,0  ,-1
14.7328864 ,Left ,-1 ,-2 ,-4 ,-10 ,-6 ,-1 ,-4 ,-2
14.733594 ,Left ,+2 ,+6 ,+5 ,-27 ,-6 ,-1 ,0  ,+1
14.7335968 ,Left ,-3 ,-4 ,+2 ,+11 ,+7 ,+4 ,0  ,0 
14.7566125 ,Left ,0  ,0  ,-2 ,-10 ,+1 ,-1 ,+1 ,-1
14.7566153 ,Left ,-2 ,-2 ,-8 ,+34 ,-6 ,-4 ,-1 ,-3
14.7575414 ,Left ,+2 ,0  ,0  ,-37 ,-9 ,-8 ,-1 ,0 
14.7575468 ,Left ,0  ,+2 ,-5 ,-57 ,+6 ,+5 ,0  ,-1
14.7703023 ,Left ,-1 ,-4 ,+6 ,+67 ,+10 ,+7 ,+3 ,-1
14.7703047 ,Left ,0  ,-3 ,-5 ,-41 ,-14 ,-5 ,-2 ,-1
14.7710541 ,Left ,-1 ,-4 ,-9 ,+41 ,+4 ,-3 ,-2 ,-1
14.7710565 ,Left ,0  ,-2 ,+3 ,-13 ,0  ,-7 ,-3 ,-2
14.7931326 ,Left ,+1 ,+4 ,-2 ,-20 ,+5 ,0  ,-1 ,0 
14.7931355 ,Left ,+1 ,+1 ,+2 ,+2 ,+8 ,0  ,0  ,0 
14.7938776 ,Left ,-2 ,-3 ,-6 ,-12 ,-5 ,-2 ,-3 ,-2
14.7938804 ,Left ,-2 ,-4 ,-3 ,-15 ,-6 ,-1 ,-2 ,-1
14.8161737 ,Left ,-1 ,+2 ,-3 ,-7 ,-34 ,-3 ,-1 ,-1
14.8161765 ,Left ,-2 ,-3 ,0  ,-8 ,+16 ,+1 ,-1 ,0 
14.8171276 ,Left ,0  ,+4 ,+7 ,+3 ,+8 ,+4 ,-1 ,+1
14.8171304 ,Left ,-2 ,-3 ,-5 ,+6 ,-11 ,-7 ,0  ,-3
14.8305787 ,Left ,0  ,-1 ,-7 ,-28 ,-27 ,-4 ,+1 ,-3
14.8305816 ,Left ,0  ,+2 ,+3 ,+16 ,+31 ,+2 ,0  ,+1
14.8313785 ,Left ,-2 ,-2 ,+5 ,+9 ,-10 ,0  ,-1 ,-3
14.8313813 ,Left ,-2 ,-3 ,-5 ,-7 ,+4 ,+3 ,-2 ,-1
14.8530439 ,Left ,-1 ,-2 ,0  ,0  ,+10 ,-3 ,-2 ,0 
14.8530467 ,Left ,-3 ,-4 ,-3 ,-19 ,-41 ,-6 ,-1 ,-2
14.8535771 ,Left ,+1 ,+2 ,-2 ,+24 ,+8 ,+1 ,0  ,+1
14.8535794 ,Left ,-3 ,-5 ,-8 ,-11 ,+6 ,-7 ,-3 ,-3
14.8761115 ,Left ,+1 ,+6 ,+11 ,-10 ,+13 ,+4 ,-1 ,+2
14.8761142 ,Left ,-3 ,-7 ,-11 ,-2 ,0  ,+3 ,-1 ,-3
14.8769623 ,Left ,0  ,+4 ,+4 ,+9 ,+5 ,+6 ,+1 ,-1
14.876965 ,Left ,0  ,-5 ,-5 ,-16 ,-2 ,-10 ,-3 ,-2
14.8896338 ,Left ,-2 ,-1 ,-3 ,+43 ,+8 ,0  ,-2 ,+1
14.8896365 ,Left ,-1 ,-1 ,-1 ,-18 ,0  ,-2 ,0  ,-1
14.8979174 ,Left ,-4 ,-8 ,-13 ,-32 ,0  ,-4 ,-5 ,-4
14.8979201 ,Left ,0  ,+1 ,-1 ,+7 ,-2 ,+2 ,+2 ,0 
14.9131508 ,Left ,0  ,-5 ,-3 ,-4 ,+9 ,-5 ,0  ,-1
14.9131536 ,Left ,+2 ,+2 ,+6 ,+8 ,+34 ,+6 ,-2 ,+2
14.9138858 ,Left ,-2 ,-3 ,-5 ,+7 ,-17 ,-6 ,-1 ,-1
14.9138885 ,Left ,-1 ,+1 ,0  ,+8 ,-1 ,+4 ,+1 ,0 
14.9361171 ,Left ,+1 ,0  ,-3 ,-15 ,-12 ,-3 ,-2 ,0 
14.9361201 ,Left ,+1 ,+2 ,+6 ,0  ,+9 ,+1 ,+1 ,0 
14.9367689 ,Left ,-1 ,-2 ,-4 ,-4 ,+7 ,0  ,-1 ,0 
14.9367907 ,Left ,-3 ,0  ,+3 ,+8 ,+5 ,-4 ,-1 ,-1
14.949886 ,Left ,-1 ,-1 ,-8 ,+18 ,-23 ,+2 ,+1 ,0 
14.9498888 ,Left ,-2 ,+1 ,+13 ,+49 ,+2 ,+1 ,0  ,-1
14.9580005 ,Left ,-3 ,-5 ,-5 ,-2 ,0  ,-3 ,-2 ,-2
14.9580033 ,Left ,+3 ,+3 ,+5 ,+23 ,-7 ,0  ,-1 ,+1
14.9729167 ,Left ,-3 ,-4 ,0  ,-9 ,-7 ,-1 ,-1 ,-1
14.9729195 ,Left ,+2 ,-1 ,-5 ,+6 ,+18 ,-2 ,-1 ,0 
14.9736118 ,Left ,-2 ,-3 ,+5 ,+23 ,-12 ,-2 ,+1 ,-2
14.9736144 ,Left ,-1 ,+1 ,-4 ,-6 ,-10 ,+1 ,-1 ,-1
14.9960908 ,Left ,-1 ,+1 ,-2 ,-1 ,+7 ,-1 ,-1 ,+1
14.9960938 ,Left ,-3 ,-2 ,-4 ,-21 ,+2 ,-2 ,-2 ,0 
14.9968814 ,Left ,-2 ,-1 ,0  ,-3 ,0  ,-1 ,-1 ,0 
14.996884 ,Left ,+1 ,-3 ,-1 ,-6 ,-3 ,0  ,-1 ,+1
15.009644 ,Left ,-3 ,-1 ,-3 ,-18 ,+4 ,0  ,-1 ,-1
15.0096469 ,Left ,-1 ,0  ,-2 ,-2 ,-15 ,-2 ,-1 ,-3
15.0178281 ,Left ,-1 ,-4 ,-1 ,-7 ,+11 ,-1 ,0  ,0 
15.0178311 ,Left ,+1 ,+6 ,+3 ,+11 ,+8 ,+1 ,0  ,0 
15.0330615 ,Left ,-1 ,-1 ,+7 ,+14 ,-2 ,-4 ,-1 ,-2
15.0330647 ,Left ,-2 ,-3 ,-4 ,-7 ,-46 ,-6 ,-3 ,-2
15.0338402 ,Left ,-4 ,+1 ,0  ,+6 ,+7 ,+2 ,0  ,-2
15.0338436 ,Left ,0  ,+1 ,+2 ,+2 ,-9 ,-2 ,+1 ,+1
15.0561524 ,Left ,0  ,-2 ,-5 ,0  ,+23 ,+1 ,-2 ,-2
15.0561575 ,Left ,-1 ,-1 ,+1 ,+6 ,-3 ,+1 ,-1 ,0 
15.0570694 ,Left ,+1 ,0  ,-1 ,+5 ,+1 ,-4 ,-2 ,-1
15.0570722 ,Left ,-3 ,0  ,-7 ,-23 ,-7 ,+1 ,-1 ,0 
15.0699117 ,Left ,0  ,0  ,+4 ,+5 ,-2 ,-1 ,0  ,0 
15.0699146 ,Left ,-2 ,-5 ,-4 ,-11 ,-7 ,-4 ,-2 ,-2
15.0779617 ,Left ,0  ,0  ,-3 ,-8 ,+3 ,+3 ,-1 ,0 
15.0779645 ,Left ,-3 ,-4 ,-4 ,+7 ,+4 ,-1 ,-2 ,-3
15.0927832 ,Left ,-2 ,-1 ,+2 ,-21 ,-9 ,-2 ,-2 ,-2
15.0927856 ,Left ,+1 ,+7 ,+2 ,0  ,+10 ,0  ,0  ,+1
15.0935925 ,Left ,-1 ,+2 ,+5 ,+15 ,+24 ,+3 ,+2 ,0 
15.0935949 ,Left ,0  ,+1 ,-5 ,-44 ,-22 ,-4 ,-2 ,-1
15.1162084 ,Left ,-4 ,-7 ,-5 ,-9 ,+16 ,0  ,-3 ,-2
15.1162111 ,Left ,-2 ,-2 ,-5 ,-28 ,-10 ,-2 ,-2 ,0 
15.1169308 ,Left ,-2 ,-2 ,0  ,+10 ,-7 ,0  ,-1 ,-2
15.1169331 ,Left ,-1 ,+1 ,-5 ,+9 ,+12 ,0  ,-1 ,-1
15.1299091 ,Left ,-2 ,-4 ,-1 ,0  ,-8 ,-2 ,-1 ,-2
15.1299119 ,Left ,+1 ,0  ,-9 ,-27 ,+3 ,0  ,0  ,-1
15.1453855 ,Left ,0  ,-2 ,-4 ,-18 ,-19 ,+2 ,-1 ,+1
15.1453887 ,Left ,-2 ,-3 ,+5 ,+6 ,+5 ,-3 ,-4 ,-1
15.1528459 ,Left ,-1 ,+1 ,-2 ,-4 ,-4 ,0  ,-1 ,0 
15.1528488 ,Left ,0  ,0  ,+2 ,+4 ,+1 ,0  ,-2 ,-1
15.1536622 ,Left ,0  ,0  ,-7 ,-2 ,+11 ,-3 ,-3 ,-3
15.1536648 ,Left ,-3 ,-1 ,0  ,+1 ,+6 ,+2 ,0  ,-2
15.1761027 ,Left ,-2 ,-3 ,-1 ,0  ,-13 ,-4 ,-2 ,-2
15.1761056 ,Left ,0  ,-1 ,+2 ,+11 ,+9 ,0  ,0  ,-1
15.1767337 ,Left ,-1 ,-2 ,0  ,+7 ,-5 ,0  ,+1 ,-1
15.1767361 ,Left ,0  ,+4 ,+6 ,+22 ,+6 ,0  ,+1 ,0 
15.1986107 ,Left ,0  ,-2 ,-8 ,-17 ,+3 ,-1 ,+1 ,0 
15.1986134 ,Left ,-1 ,+1 ,+5 ,+13 ,-5 ,-2 ,+2 ,-3
15.1994011 ,Left ,-1 ,-4 ,+4 ,-16 ,-10 ,-4 ,-2 ,-2
15.1994051 ,Left ,+2 ,0  ,-5 ,-14 ,-3 ,0  ,-1 ,0 
15.2131376 ,Left ,+1 ,+1 ,-3 ,+10 ,+1 ,+1 ,-2 ,+1
15.2131407 ,Left ,-3 ,-4 ,-2 ,-18 ,-13 ,-3 ,-3 ,-2
15.2138871 ,Left ,0  ,+3 ,+3 ,+22 ,-2 ,-1 ,-1 ,-1
15.2138902 ,Left ,0  ,-4 ,-1 ,+12 ,+4 ,0  ,0  ,-1
15.236094 ,Left ,+1 ,+3 ,+3 ,-13 ,-9 ,0  ,0  ,+1
15.2360966 ,Left ,-4 ,-3 ,-1 ,-6 ,+7 ,-1 ,-1 ,+1
15.2368435 ,Left ,-1 ,-3 ,-7 ,+20 ,-8 ,-3 ,0  ,-1
15.2368457 ,Left ,-3 ,-5 ,-2 ,+7 ,+12 ,+3 ,-2 ,-2
15.2588142 ,Left ,0  ,0  ,0  ,0  ,+11 ,0  ,0  ,+1
15.2588175 ,Left ,-1 ,+2 ,+1 ,+15 ,+8 ,+2 ,0  ,0 
15.2595512 ,Left ,+1 ,-1 ,-10 ,-9 ,+1 ,-4 ,-1 ,+1
15.259584 ,Left ,0  ,-2 ,+9 ,-11 ,-17 ,+1 ,0  ,-1
15.2729013 ,Left ,-3 ,-1 ,-7 ,-16 ,+7 ,+1 ,0  ,-1
15.272939 ,Left ,-2 ,-3 ,+5 ,+40 ,+4 ,-3 ,-2 ,-2
15.2736226 ,Left ,-1 ,+6 ,+4 ,+3 ,-5 ,+2 ,+1 ,0 
15.2736249 ,Left ,-2 ,-2 ,-4 ,-11 ,-4 ,+1 ,0  ,-1
15.296157 ,Left ,-2 ,-3 ,-3 ,-23 ,-22 ,-1 ,-2 ,-2
15.2961601 ,Left ,+1 ,-1 ,0  ,+34 ,+4 ,+2 ,-1 ,-1
15.2971755 ,Left ,+1 ,+2 ,-3 ,-38 ,-3 ,+2 ,-2 ,+1
15.2971783 ,Left ,0  ,+1 ,-1 ,-7 ,-3 ,-4 ,-3 ,0 
15.3187915 ,Left ,-1 ,-1 ,0  ,+18 ,-6 ,-2 ,-8 ,-11
15.3187944 ,Left ,-2 ,-3 ,-5 ,-12 ,+6 ,+3 ,+6 ,+12
15.3195777 ,Left ,-4 ,-4 ,-3 ,-4 ,-2 ,-3 ,+3 ,-11
15.3195809 ,Left ,+1 ,+1 ,+2 ,+1 ,-38 ,-21 ,0  ,+7
15.3330366 ,Left ,-4 ,-3 ,-1 ,-14 ,+2 ,-2 ,-11 ,-7
15.3330394 ,Left ,+4 ,+1 ,-2 ,+1 ,0  ,-2 ,-22 ,-4
15.3338966 ,Left ,-12 ,-1 ,+2 ,+22 ,+2 ,+15 ,+45 ,-4
15.3338995 ,Left ,+11 ,-1 ,-3 ,-6 ,+6 ,+10 ,-1 ,+12
15.3560949 ,Left ,-1 ,-1 ,+3 ,+38 ,+4 ,-40 ,-13 ,-9
15.3560976 ,Left ,-4 ,0  ,-5 ,-26 ,+3 ,+10 ,+27 ,-6
15.3568702 ,Left ,-3 ,-5 ,-1 ,+20 ,+7 ,+29 ,-49 ,-2
15.3568726 ,Left ,+3 ,0  ,-2 ,-14 ,-18 ,-35 ,+5 ,-8
15.3790431 ,Left ,-1 ,+3 ,+5 ,-10 ,+34 ,-15 ,+7 ,+1
15.379046 ,Left ,+2 ,+3 ,+9 ,-4 ,-10 ,-11 ,+6 ,+6
15.3797769 ,Left ,-1 ,-5 ,-12 ,-35 ,-5 ,-3 ,+1 ,+1
15.3797793 ,Left ,-6 ,-5 ,-5 ,-8 ,+16 ,+6 ,-2 ,-4
15.3931554 ,Left ,+3 ,+2 ,-3 ,+5 ,-17 ,+19 ,+5 ,+3
15.3931588 ,Left ,-7 ,-7 ,-5 ,-29 ,+7 ,-11 ,+4 ,-8
15.3939342 ,Left ,+5 ,+4 ,0  ,-11 ,-2 ,-12 ,-12 ,+4
15.3939371 ,Left ,-8 ,-15 ,+4 ,+67 ,+19 ,+9 ,-4 ,-6
15.4160052 ,Left ,0  ,+11 ,-2 ,-23 ,-29 ,+4 ,+13 ,+6
15.4160259 ,Left ,+2 ,-2 ,-8 ,+2 ,-14 ,+6 ,-20 ,-4
15.4168186 ,Left ,+8 ,+21 ,+35 ,+23 ,+12 ,-9 ,+6 ,+6
15.416894 ,Left ,-8 ,-22 ,-41 ,-39 ,+1 ,+6 ,-6 ,-5
15.4388998 ,Left ,+7 ,+19 ,+28 ,+35 ,0  ,+3 ,-2 ,+2
15.4389076 ,Left ,-2 ,-6 ,-6 ,-16 ,+1 ,-2 ,-1 ,-2
15.4396242 ,Left ,0  ,-9 ,-27 ,-26 ,-5 ,-5 ,-3 ,-2
15.4396555 ,Left ,-1 ,+12 ,+69 ,+75 ,+4 ,0  ,+5 ,-3
15.452917 ,Left ,-6 ,-29 ,-100 ,-85 ,+6 ,+5 ,-7 ,-1
15.4529211 ,Left ,+1 ,+3 ,+11 ,+26 ,-6 ,-2 ,-3 ,+1
15.4537224 ,Left ,+3 ,+1 ,+31 ,+27 ,-4 ,-8 ,+4 ,+1
15.4537263 ,Left ,-2 ,-2 ,-37 ,-68 ,-6 ,+6 ,-7 ,-2
15.4760954 ,Left ,-2 ,-2 ,+18 ,+29 ,-5 ,+2 ,+1 ,-1
15.4760978 ,Left ,0  ,+3 ,+8 ,+15 ,+1 ,-1 ,-5 ,-2
15.4768725 ,Left ,-3 ,-5 ,-5 ,-7 ,-10 ,-5 ,-2 ,-2
15.4768749 ,Left ,+4 ,+5 ,-20 ,-13 ,0  ,+2 ,+4 ,+1
15.4985815 ,Left ,0  ,+2 ,+29 ,+49 ,+8 ,+5 ,+1 ,+1
15.498597 ,Left ,-4 ,-9 ,-36 ,-60 ,-13 ,-6 ,+1 ,-1
15.4993507 ,Left ,0  ,+1 ,+13 ,+11 ,+1 ,-4 ,-4 ,0 
15.4993531 ,Left ,-1 ,+5 ,+6 ,0  ,-2 ,+1 ,-5 ,-12
15.5128362 ,Left ,-2 ,-3 ,-4 ,-29 ,+2 ,+1 ,+8 ,+15
15.5128388 ,Left ,-1 ,0  ,+14 ,+43 ,+1 ,+2 ,-6 ,-6
15.5135612 ,Left ,-2 ,-6 ,-18 ,-46 ,-12 ,+9 ,0  ,-1
15.5136668 ,Left ,-4 ,-2 ,0  ,+17 ,+1 ,0  ,+10 ,0 
15.5360697 ,Left ,+3 ,-2 ,-6 ,-74 ,-6 ,-2 ,-5 ,-5
15.5360723 ,Left ,-1 ,+4 ,+12 ,+21 ,+3 ,+1 ,-2 ,0 
15.5370572 ,Left ,-4 ,-4 ,-6 ,+7 ,0  ,-3 ,-4 ,0 
15.53706 ,Left ,+6 ,-2 ,-8 ,-16 ,-2 ,+5 ,-6 ,-5
15.5585286 ,Left ,-4 ,-2 ,+15 ,+40 ,0  ,+7 ,-7 ,-5
15.5585319 ,Left ,-1 ,-4 ,-2 ,-3 ,+2 ,-5 ,+11 ,+1
15.5593967 ,Left ,+1 ,-2 ,-11 ,-5 ,-2 ,+20 ,-3 ,-4
15.5593993 ,Left ,-5 ,+1 ,+9 ,+7 ,+1 ,-6 ,-4 ,+1
15.5730444 ,Left ,0  ,-6 ,+1 ,+9 ,-6 ,-2 ,+2 ,+1
15.5730473 ,Left ,+1 ,+2 ,-2 ,-4 ,-2 ,-5 ,-8 ,-2
15.5738946 ,Left ,-4 ,-5 ,-3 ,-2 ,+3 ,-11 ,+1 ,-1
15.5738975 ,Left ,-2 ,+2 ,+2 ,-11 ,-1 ,-3 ,-5 ,+3
15.5963315 ,Left ,+1 ,0  ,+17 ,+32 ,+7 ,+3 ,+5 ,0 
15.5963343 ,Left ,-1 ,-4 ,-26 ,-54 ,-11 ,+5 ,+2 ,-1
15.5970137 ,Left ,-1 ,-4 ,-4 ,+8 ,-8 ,-14 ,-2 ,-1
15.5970166 ,Left ,+1 ,+11 ,+2 ,+2 ,-10 ,+2 ,+1 ,+6
15.6185691 ,Left ,-3 ,-4 ,+11 ,+6 ,+10 ,+1 ,0  ,-1
15.6185716 ,Left ,-4 ,-1 ,+5 ,+3 ,+5 ,-2 ,-3 ,0 
15.6194118 ,Left ,-1 ,-1 ,-5 ,+2 ,0  ,-2 ,+2 ,-2
15.6194142 ,Left ,0  ,+1 ,+1 ,-48 ,-10 ,-2 ,-2 ,-1
15.6329406 ,Left ,-3 ,-4 ,-9 ,+30 ,+1 ,+5 ,-11 ,-3
15.632943 ,Left ,0  ,+2 ,+5 ,+1 ,-8 ,-27 ,+7 ,0 
15.6335797 ,Left ,-1 ,-1 ,-3 ,-3 ,+3 ,-3 ,0  ,0 
15.6336469 ,Left ,-5 ,-3 ,+2 ,+11 ,-4 ,+1 ,-3 ,-7
15.6561551 ,Left ,+5 ,0  ,-4 ,-36 ,-18 ,-16 ,-18 ,+5
15.6561578 ,Left ,-12 ,-4 ,-5 ,-7 ,-2 ,+39 ,+27 ,+3
15.6570238 ,Left ,+4 ,-1 ,+5 ,+81 ,-2 ,-9 ,-7 ,+3
15.6570266 ,Left ,0  ,+2 ,-5 ,-58 ,+1 ,-8 ,-44 ,0 
15.6786779 ,Left ,0  ,-2 ,-6 ,-17 ,-11 ,+1 ,+17 ,-7
15.6786814 ,Left ,-6 ,-2 ,+5 ,+17 ,+4 ,+29 ,-20 ,-15
15.6794454 ,Left ,+3 ,0  ,+1 ,-11 ,-8 ,+4 ,+35 ,+13
15.6794488 ,Left ,+2 ,-2 ,0  ,+21 ,+5 ,+15 ,+5 ,+4
15.6929155 ,Left ,-5 ,-1 ,-1 ,+21 ,+5 ,+10 ,-8 ,-7
15.6929184 ,Left ,+6 ,+4 ,+2 ,-10 ,+17 ,+6 ,+10 ,+5
15.6936929 ,Left ,-4 ,0  ,0  ,-17 ,-6 ,+13 ,+6 ,-10
15.6936951 ,Left ,-4 ,-4 ,+1 ,-10 ,-14 ,0  ,+7 ,-4
15.7161535 ,Left ,-1 ,-2 ,-11 ,-5 ,+22 ,0  ,+6 ,+2
15.7161564 ,Left ,0  ,-2 ,+10 ,+27 ,+4 ,-14 ,-6 ,-5
15.7168361 ,Left ,+2 ,-1 ,-6 ,+3 ,-2 ,-5 ,-13 ,-1
15.7168384 ,Left ,-2 ,-1 ,+10 ,0  ,+22 ,-10 ,+7 ,+4
15.7387817 ,Left ,-9 ,-11 ,-21 ,-28 ,-19 ,-6 ,-4 ,-6
15.7388 ,Left ,+8 ,+11 ,+41 ,+37 ,-9 ,-6 ,-9 ,+5
15.7394087 ,Left ,0  ,+6 ,-10 ,-19 ,+11 ,-9 ,-8 ,+1
15.7394111 ,Left ,-6 ,-16 ,-58 ,-16 ,+9 ,-1 ,+1 ,0 
15.7531405 ,Left ,+2 ,+16 ,+55 ,+45 ,+6 ,0  ,+4 ,0 
15.7531434 ,Left ,-4 ,-18 ,-44 ,-14 ,-39 ,-7 ,-6 ,-3
15.753894 ,Left ,+4 ,+1 ,-2 ,+1 ,+10 ,+4 ,-1 ,0 
15.7538969 ,Left ,+1 ,+1 ,+40 ,+45 ,+2 ,+1 ,+9 ,-3
15.7763367 ,Left ,0  ,0  ,-24 ,-11 ,-5 ,-1 ,-1 ,+1
15.77634 ,Left ,+1 ,+2 ,+10 ,-6 ,+5 ,-9 ,-3 ,+1
15.7770983 ,Left ,-6 ,-4 ,+11 ,+19 ,-9 ,-6 ,-7 ,-4
15.7771018 ,Left ,+1 ,-1 ,-25 ,-9 ,-11 ,+2 ,+1 ,+1
15.7985392 ,Left ,+1 ,0  ,-1 ,-27 ,-5 ,-6 ,0  ,+2
15.7985443 ,Left ,+4 ,+6 ,+12 ,-2 ,+9 ,-6 ,-3 ,+2
15.7993519 ,Left ,-2 ,-3 ,-3 ,+9 ,+15 ,+1 ,-5 ,-1
15.799355 ,Left ,-6 ,+2 ,0  ,-51 ,-2 ,+19 ,+23 ,-3
15.8125485 ,Left ,-5 ,-2 ,+5 ,+38 ,+14 ,-37 ,-6 ,+1
15.8125514 ,Left ,+8 ,-1 ,-9 ,+13 ,-3 ,+3 ,-35 ,0 
15.8204804 ,Left ,-9 ,-3 ,-6 ,-22 ,+6 ,+28 ,+28 ,-2
15.8204831 ,Left ,+10 ,+5 ,+8 ,+40 ,-17 ,+15 ,-10 ,+4
15.836277 ,Left ,-10 ,-2 ,-3 ,-8 ,+19 ,+4 ,-47 ,-18
15.8362798 ,Left ,-17 ,+2 ,-5 ,-9 ,+8 ,+24 ,+13 ,-32
15.8369153 ,Left ,+23 ,-10 ,-8 ,-15 ,-15 ,-44 ,+12 ,+20
15.8369179 ,Left ,-7 ,+3 ,+10 ,+10 ,-1 ,-18 ,+22 ,+3
15.8586849 ,Left ,-1 ,-8 ,-11 ,-17 ,-9 ,+34 ,+9 ,-17
15.8586877 ,Left ,+2 ,-2 ,0  ,+36 ,+5 ,-9 ,0  ,+8
15.859548 ,Left ,-7 ,+5 ,+8 ,-21 ,-2 ,+6 ,+25 ,-24
15.859551 ,Left ,-4 ,-6 ,-2 ,-1 ,-7 ,-1 ,-54 ,-8
15.8724422 ,Left ,+8 ,+1 ,+1 ,+11 ,0  ,-14 ,+17 ,+14
15.8724451 ,Left ,-11 ,-2 ,-11 ,-40 ,-4 ,-4 ,0  ,-9
15.8806316 ,Left ,-3 ,-1 ,-1 ,+12 ,-2 ,-3 ,-2 ,-1
15.8806345 ,Left ,+6 ,+3 ,+2 ,+10 ,+4 ,-7 ,0  ,+3
15.8960642 ,Left ,-3 ,-3 ,-9 ,+2 ,-12 ,+8 ,+6 ,+4
15.896067 ,Left ,0  ,-11 ,+16 ,+14 ,+13 ,-4 ,-3 ,+1
15.8968029 ,Left ,+2 ,+12 ,-3 ,-31 ,-16 ,-5 ,-17 ,+6
15.8968053 ,Left ,-1 ,-6 ,+6 ,+29 ,+15 ,-4 ,+8 ,+1
15.9187807 ,Left ,-2 ,+2 ,-11 ,+3 ,+3 ,+4 ,-8 ,-9
15.9187837 ,Left ,+8 ,+2 ,-2 ,-29 ,-15 ,-11 ,+14 ,+10
15.9194904 ,Left ,0  ,+5 ,+24 ,+14 ,+12 ,+2 ,-12 ,+1
15.9194934 ,Left ,-4 ,-8 ,-36 ,-1 ,+5 ,+1 ,+4 ,-9
15.9323824 ,Left ,+1 ,0  ,+2 ,-6 ,-14 ,-3 ,+13 ,+1
15.9323851 ,Left ,-1 ,+6 ,+58 ,+23 ,+15 ,-9 ,-7 ,+4
15.9404236 ,Left ,-11 ,-25 ,-90 ,-79 ,-8 ,+2 ,-14 ,-5
15.9404297 ,Left ,+4 ,+8 ,+32 ,+22 ,+12 ,-3 ,+2 ,+1
15.9562306 ,Left ,0  ,-3 ,-9 ,-21 ,+8 ,+1 ,+2 ,+6
15.9562365 ,Left ,+3 ,+5 ,-2 ,-1 ,-22 ,+4 ,-1 ,+6
15.9568932 ,Left ,-3 ,-2 ,-5 ,+16 ,-27 ,-32 ,-9 ,-10
15.956896 ,Left ,-4 ,-3 ,-4 ,+6 ,+10 ,-1 ,+6 ,0 
15.978552 ,Left ,+3 ,+2 ,+3 ,-18 ,-13 ,+8 ,+7 ,+6
15.978555 ,Left ,-3 ,-2 ,-6 ,+15 ,-16 ,+6 ,+46 ,-7
15.9792412 ,Left ,+1 ,+5 ,+17 ,+14 ,+8 ,+14 ,-30 ,+10
15.9792441 ,Left ,-3 ,-5 ,-17 ,-35 ,-15 ,-2 ,+49 ,-10
15.9924123 ,Left ,+2 ,+1 ,+8 ,+23 ,+21 ,-8 ,-95 ,+9
15.9924156 ,Left ,-6 ,-4 ,-26 ,-31 ,-1 ,+16 ,+4 ,-7
16.0004142 ,Left ,0  ,-1 ,+2 ,-11 ,0  ,-21 ,-17 ,-2
16.0004168 ,Left ,-1 ,+3 ,+19 ,+8 ,-7 ,0  ,+11 ,+1
16.0160094 ,Left ,-3 ,-1 ,+9 ,+26 ,-2 ,+3 ,+48 ,-4
16.0160119 ,Left ,+3 ,-3 ,-16 ,+1 ,+5 ,-18 ,-29 ,+2
16.016919 ,Left ,+1 ,-1 ,+8 ,-4 ,-2 ,+11 ,+6 ,-10
16.0169213 ,Left ,-5 ,-2 ,0  ,-11 ,-3 ,+1 ,-12 ,+22
16.0387892 ,Left ,0  ,-1 ,-2 ,-1 ,-6 ,-10 ,+13 ,-5
16.038792 ,Left ,-2 ,+1 ,-10 ,-6 ,+5 ,-4 ,-16 ,-10
16.0395476 ,Left ,+5 ,+3 ,+16 ,+13 ,+1 ,+10 ,+19 ,+11
16.0395504 ,Left ,0  ,-2 ,-1 ,+14 ,-33 ,-12 ,-7 ,-11
16.052288 ,Left ,-7 ,0  ,-6 ,-17 ,+7 ,+10 ,+6 ,-5
16.052291 ,Left ,0  ,-3 ,-3 ,+1 ,+2 ,-4 ,+2 ,+5
16.0604386 ,Left ,-6 ,-4 ,+3 ,-23 ,-6 ,+1 ,-6 ,-6
16.0604414 ,Left ,+4 ,+1 ,-3 ,-21 ,+8 ,-5 ,-14 ,0 
16.0762999 ,Left ,-1 ,-5 ,-3 ,+13 ,-11 ,+10 ,+5 ,+3
16.0763031 ,Left ,-3 ,+1 ,-7 ,-30 ,-27 ,-40 ,-29 ,-5
16.0770576 ,Left ,-1 ,-3 ,+8 ,+52 ,+14 ,+3 ,+18 ,+4
16.0770605 ,Left ,-1 ,-3 ,+4 ,+2 ,-2 ,0  ,-14 ,-2
16.0987155 ,Left ,+5 ,+7 ,+2 ,-28 ,-10 ,-5 ,+8 ,-2
16.0987205 ,Left ,+3 ,0  ,-22 ,-13 ,+1 ,+10 ,+5 ,+6
16.1002305 ,Left ,-12 ,-12 ,-3 ,+35 ,+1 ,+2 ,-8 ,-6
16.1002336 ,Left ,+2 ,+3 ,+13 ,-7 ,-2 ,-5 ,-3 ,-2
16.1123453 ,Left ,+2 ,+3 ,+33 ,+51 ,+3 ,+6 ,+4 ,+1
16.112351 ,Left ,+1 ,-2 ,-44 ,-84 ,-9 ,+3 ,+3 ,+5
16.1204753 ,Left ,-4 ,-3 ,+15 ,+14 ,+11 ,-2 ,-8 ,-6
16.1204776 ,Left ,-2 ,-4 ,-24 ,-46 ,-5 ,-1 ,-5 ,-5
16.1353495 ,Left ,+1 ,+6 ,+32 ,+23 ,-2 ,-31 ,-8 ,0 
16.1354473 ,Left ,-4 ,-6 ,+15 ,+33 ,+14 ,+1 ,-3 ,+1
16.1361729 ,Left ,-5 ,-4 ,-32 ,-27 ,-14 ,+4 ,+9 ,-6
16.1361935 ,Left ,+2 ,+4 ,+7 ,+12 ,-1 ,-3 ,-1 ,0 
16.1590779 ,Left ,-4 ,-5 ,-15 ,-16 ,+8 ,+3 ,+2 ,-3
16.1590807 ,Left ,+1 ,+3 ,+24 ,+30 ,+3 ,+21 ,+2 ,+2
16.1600929 ,Left ,+3 ,+3 ,+8 ,0  ,-1 ,-18 ,-4 ,+1
16.160096 ,Left ,+1 ,-4 ,-7 ,+10 ,+7 ,+8 ,-5 ,+1
16.1810505 ,Left ,-6 ,-3 ,-5 ,+5 ,-4 ,-7 ,+9 ,-4
16.1810534 ,Left ,+2 ,-5 ,-8 ,-14 ,0  ,0  ,0  ,0 
16.181831 ,Left ,-2 ,+3 ,-1 ,-14 ,-4 ,+7 ,-1 ,+6
16.1818337 ,Left ,0  ,+2 ,+2 ,+21 ,+3 ,+7 ,0  ,-9
16.1953973 ,Left ,-2 ,-6 ,-12 ,-37 ,-8 ,-5 ,-12 ,+14
16.1954004 ,Left ,-2 ,-3 ,+4 ,+33 ,+1 ,+1 ,+4 ,+1
16.1963871 ,Left ,-2 ,0  ,+1 ,+2 ,+3 ,-1 ,-1 ,-11
16.1963902 ,Left ,-4 ,+2 ,+9 ,+3 ,+5 ,-3 ,-2 ,-1
16.2186902 ,Left ,0  ,-1 ,-10 ,+11 ,-3 ,+6 ,0  ,-5
16.2186934 ,Left ,-2 ,-2 ,-2 ,-17 ,-1 ,-9 ,+5 ,0 
16.2202562 ,Left ,0  ,+1 ,+4 ,+5 ,0  ,-1 ,-8 ,-2
16.2202589 ,Left ,+1 ,0  ,0  ,+11 ,+1 ,0  ,+1 ,+2
16.2412402 ,Left ,-1 ,0  ,-9 ,-23 ,-3 ,+2 ,+1 ,-3
16.2412434 ,Left ,-2 ,0  ,+1 ,+20 ,+6 ,-2 ,-2 ,+2
16.2427096 ,Left ,0  ,0  ,+5 ,-6 ,-7 ,-1 ,+7 ,-2
16.2427134 ,Left ,+1 ,-3 ,-2 ,+20 ,+4 ,-1 ,0  ,0 
16.2556655 ,Left ,-5 ,-6 ,-8 ,-23 ,0  ,-1 ,-2 ,-3
16.2556687 ,Left ,0  ,+2 ,+9 ,+8 ,-4 ,+1 ,0  ,-1
16.2621908 ,Left ,+3 ,+4 ,-1 ,+8 ,-6 ,-14 ,+2 ,+3
16.262194 ,Left ,-2 ,-6 ,-23 ,-3 ,+13 ,+15 ,-1 ,0 
16.2787559 ,Left ,-1 ,-2 ,0  ,+5 ,-3 ,-33 ,+4 ,-2
16.2787595 ,Left ,-1 ,0  ,+11 ,+22 ,-16 ,-6 ,-7 ,-4
16.2804081 ,Left ,+1 ,-1 ,-7 ,-70 ,+7 ,+13 ,-5 ,-2
16.2804114 ,Left ,-5 ,-2 ,-14 ,+24 ,+9 ,-4 ,+3 ,-2
16.3013159 ,Left ,-1 ,-3 ,-7 ,-1 ,-22 ,+6 ,-4 ,-4
16.3013195 ,Left ,-1 ,0  ,+10 ,-3 ,-2 ,-4 ,+1 ,0 
16.3027505 ,Left ,0  ,+1 ,-3 ,-2 ,+1 ,0  ,-3 ,0 
16.3027536 ,Left ,-2 ,0  ,+14 ,-4 ,0  ,-3 ,-1 ,0 
16.3147995 ,Left ,+1 ,-2 ,-1 ,-15 ,+9 ,+12 ,+1 ,-1
16.3148031 ,Left ,+1 ,-2 ,-13 ,+13 ,+5 ,-7 ,0  ,-1
16.3237311 ,Left ,-2 ,-1 ,+3 ,-1 ,-8 ,+1 ,-3 ,-1
16.3237347 ,Left ,-3 ,-3 ,+5 ,+7 ,-4 ,-2 ,-1 ,-2
16.3386468 ,Left ,+1 ,-2 ,-13 ,-17 ,-1 ,-1 ,+2 ,0 
16.3386503 ,Left ,-1 ,-1 ,-1 ,-17 ,-2 ,-1 ,0  ,0 
16.3402859 ,Left ,0  ,-1 ,0  ,+12 ,+7 ,+1 ,-2 ,-1
16.3402889 ,Left ,0  ,0  ,-10 ,-63 ,-16 ,-3 ,-2 ,-2
16.361348 ,Left ,+1 ,0  ,+14 ,+37 ,+7 ,-2 ,0  ,-4
16.3613507 ,Left ,-4 ,-3 ,-4 ,+18 ,+16 ,+20 ,-11 ,-2
16.3629101 ,Left ,0  ,-3 ,-5 ,-4 ,-6 ,-37 ,+3 ,+3
16.3629126 ,Left ,+1 ,+1 ,+6 ,-15 ,-3 ,-15 ,-3 ,-3
16.3747948 ,Left ,-2 ,+4 ,+1 ,+8 ,+3 ,+10 ,-13 ,+1
16.3747981 ,Left ,-2 ,-3 ,-14 ,-28 ,+1 ,0  ,-24 ,-4
16.3838183 ,Left ,-2 ,+3 ,+13 ,+23 ,+6 ,+11 ,+3 ,-4
16.3838212 ,Left ,-3 ,-1 ,0  ,-18 ,-6 ,+1 ,-2 ,-4
16.3988344 ,Left ,-5 ,-2 ,0  ,+27 ,-1 ,-3 ,+19 ,0 
16.3988371 ,Left ,+7 ,-1 ,+4 ,-16 ,-4 ,-26 ,+22 ,+3
16.4003293 ,Left ,-8 ,-5 ,-12 ,+9 ,-11 ,-21 ,-70 ,-31
16.4003321 ,Left ,+4 ,+1 ,-4 ,-17 ,+21 ,-14 ,+48 ,+25
16.4209874 ,Left ,-9 ,-8 ,-3 ,+10 ,-8 ,-12 ,-56 ,-14
16.42099 ,Left ,+2 ,+5 ,+5 ,+9 ,-2 ,+4 ,+11 ,-3
16.4226439 ,Left ,+3 ,+4 ,+8 ,-13 ,-6 ,+11 ,+18 ,+6
16.4226465 ,Left ,+1 ,+1 ,+4 ,+11 ,+4 ,+2 ,-8 ,-3
16.4353893 ,Left ,+2 ,-2 ,-7 ,-39 ,-13 ,+7 ,+15 ,+6
16.4353931 ,Left ,-7 ,-6 ,-9 ,+18 ,-12 ,-12 ,+4 ,-1
16.4438286 ,Left ,-1 ,-5 ,-8 ,-11 ,+13 ,+11 ,+10 ,0 
16.4439251 ,Left ,-2 ,+9 ,+9 ,+20 ,-11 ,+3 ,-20 ,-7
16.4586535 ,Left ,+2 ,-2 ,+1 ,-43 ,-3 ,+3 ,+15 ,+6
16.4586562 ,Left ,+5 ,+15 ,+17 ,+50 ,+25 ,+3 ,-14 ,-3
16.4600884 ,Left ,-1 ,-1 ,-1 ,-34 ,-11 ,+5 ,+12 ,+6
16.4600909 ,Left ,-3 ,-8 ,-8 ,+18 ,-15 ,-2 ,-14 ,-7
16.4813032 ,Left ,+1 ,+3 ,+25 ,+17 ,-8 ,-4 ,0  ,0 
16.481306 ,Left ,0  ,-2 ,-19 ,-18 ,+11 ,+6 ,+12 ,+3
16.4827556 ,Left ,-3 ,-8 ,-31 ,-26 ,-11 ,+6 ,+2 ,+3
16.4827588 ,Left ,-1 ,+4 ,+13 ,+24 ,+15 ,+2 ,0  ,-2
16.4947944 ,Left ,-2 ,-8 ,-30 ,-26 ,-13 ,-5 ,-2 ,-3
16.4947976 ,Left ,-5 ,-6 ,-16 ,-5 ,-2 ,+33 ,-4 ,-2
16.5036408 ,Left ,+2 ,0  ,+3 ,-5 ,+1 ,-30 ,+11 ,+2
16.5037266 ,Left ,+5 ,+9 ,+45 ,+27 ,-14 ,+18 ,0  ,0 
16.518766 ,Left ,-5 ,-6 ,-18 ,+2 ,+6 ,-15 ,-3 ,-5
16.5187691 ,Left ,-1 ,-8 ,-34 ,-67 ,-6 ,+8 ,+3 ,+1
16.5202144 ,Left ,-1 ,+5 ,+33 ,+29 ,+13 ,+6 ,-3 ,+2
16.5202172 ,Left ,-2 ,-7 ,-23 ,-23 ,-6 ,-3 ,+1 ,0 
16.5412259 ,Left ,+2 ,+6 ,+21 ,+56 ,+11 ,+4 ,+3 ,0 
16.5412294 ,Left ,-5 ,0  ,+39 ,+38 ,+1 ,-8 ,+3 ,-2
16.5427041 ,Left ,-1 ,+1 ,-21 ,+5 ,+1 ,+5 ,+2 ,+1
16.5427074 ,Left ,-1 ,0  ,+4 ,-22 ,-3 ,-7 ,-4 ,-3
16.5547065 ,Left ,0  ,-3 ,-2 ,+40 ,+7 ,+10 ,+4 ,+3
16.5547095 ,Left ,+1 ,+2 ,-10 ,-54 ,-9 ,-12 ,-5 ,-1
16.5637317 ,Left ,-4 ,-4 ,+13 ,+22 ,+4 ,+5 ,+1 ,-5
16.5637348 ,Left ,-4 ,-8 ,-22 ,-41 ,-9 ,-2 ,-5 ,-4
16.5788017 ,Left ,-3 ,-6 ,-13 ,+12 ,-4 ,-1 ,+2 ,-3
16.5788049 ,Left ,+1 ,+1 ,+14 ,+8 ,+10 ,-6 ,-1 ,+1
16.5802539 ,Left ,0  ,+1 ,-2 ,+2 ,0  ,+4 ,-2 ,-2
16.5802566 ,Left ,-4 ,-5 ,-4 ,-33 ,+8 ,+3 ,+1 ,0 
16.6086779 ,Left ,-1 ,-3 ,-10 ,-38 ,-22 ,-4 ,-1 ,-2
16.6086813 ,Left ,-4 ,-9 ,-1 ,+16 ,-22 ,-13 ,-6 ,-8
16.6102249 ,Left ,-2 ,+1 ,+2 ,+8 ,+1 ,+7 ,-2 ,-4
16.6102276 ,Left ,-2 ,0  ,-7 ,+2 ,+8 ,-4 ,+2 ,+5
16.6234738 ,Left ,+1 ,+4 ,+7 ,+5 ,+10 ,+2 ,+4 ,-1
16.6234763 ,Left ,+1 ,-1 ,-2 ,-25 ,-5 ,+9 ,-2 ,-1
16.6252495 ,Left ,+1 ,-3 ,-6 ,-22 ,-7 ,-8 ,+8 ,+1
16.6252544 ,Left ,-8 ,0  ,+4 ,+49 ,-1 ,-17 ,-25 ,-8
16.6387662 ,Left ,+9 ,+3 ,-1 ,-19 ,+1 ,-8 ,+1 ,-1
16.638769 ,Left ,+3 ,+1 ,0  ,+3 ,+3 ,-2 ,-15 ,+3
16.640214 ,Left ,-13 ,-1 ,+4 ,+17 ,+8 ,+16 ,+31 ,+7
16.6402216 ,Left ,+14 ,-6 ,-3 ,+5 ,-7 ,+4 ,+24 ,-14
16.6611028 ,Left ,-11 ,-1 ,-1 ,-1 ,+2 ,+29 ,-86 ,-19
16.6611056 ,Left ,-1 ,-4 ,-6 ,+2 ,+8 ,-36 ,-7 ,-10
16.6626808 ,Left ,0  ,0  ,0  ,+2 ,-6 ,+19 ,-4 ,-1
16.6626831 ,Left ,-8 ,-3 ,-4 ,-11 ,-6 ,+14 ,+15 ,+3
16.674821 ,Left ,+1 ,+2 ,+4 ,+3 ,-13 ,-10 ,+20 ,+2
16.6748241 ,Left ,0  ,+2 ,+6 ,+10 ,+14 ,+6 ,+7 ,-2
16.6836963 ,Left ,-5 ,-4 ,-5 ,-17 ,+11 ,-1 ,-16 ,-5
16.6836991 ,Left ,+3 ,+2 ,-1 ,+21 ,-11 ,-5 ,+8 ,0 
16.6986617 ,Left ,+3 ,+1 ,-4 ,-11 ,+17 ,-2 ,+9 ,-4
16.6986648 ,Left ,-6 ,-4 ,+5 ,+5 ,-19 ,-3 ,-6 ,+7
16.7002424 ,Left ,+5 ,+1 ,-2 ,-2 ,+13 ,-7 ,+7 ,0 
16.7002459 ,Left ,+1 ,-6 ,0  ,+18 ,-13 ,+3 ,-15 ,+2
16.7213858 ,Left ,+1 ,-5 ,-12 ,+2 ,0  ,-5 ,+9 ,+9
16.7213888 ,Left ,0  ,+9 ,+10 ,-47 ,+4 ,+7 ,+6 ,-2
16.7227163 ,Left ,+5 ,+3 ,-5 ,-28 ,-7 ,+3 ,-1 ,+1
16.722719 ,Left ,-6 ,-16 ,-16 ,+56 ,+4 ,-8 ,-14 ,-7
16.7348175 ,Left ,+2 ,+5 ,+5 ,-4 ,-4 ,-7 ,+2 ,+3
16.7348204 ,Left ,-3 ,-6 ,-1 ,+31 ,+18 ,+6 ,+10 ,-1
16.7438007 ,Left ,+2 ,+3 ,-5 ,-22 ,-10 ,-9 ,-12 ,-2
16.7438036 ,Left ,-3 ,+1 ,-7 ,-30 ,+5 ,-3 ,-9 ,+3
16.7584975 ,Left ,-5 ,-7 ,+25 ,+28 ,-24 ,-4 ,+17 ,-2
16.7585002 ,Left ,+1 ,+2 ,-12 ,-18 ,-2 ,+3 ,0  ,+3
16.760154 ,Left ,-2 ,-5 ,-13 ,-4 ,-15 ,-8 ,-5 ,+3
16.7601566 ,Left ,-2 ,-8 ,-37 ,-4 ,+8 ,+2 ,-1 ,-2
16.7811927 ,Left ,-2 ,+4 ,+8 ,+12 ,+17 ,+4 ,+6 ,-1
16.7811954 ,Left ,-1 ,-2 ,+22 ,-6 ,-6 ,-2 ,-1 ,-2
16.7826425 ,Left ,-4 ,+4 ,+36 ,+36 ,-6 ,-4 ,-6 ,-1
16.782645 ,Left ,-1 ,-5 ,-44 ,-40 ,0  ,0  ,-5 ,-1
16.7946819 ,Left ,+1 ,0  ,-4 ,-23 ,-5 ,+6 ,+21 ,+1
16.7946848 ,Left ,-1 ,+1 ,-1 ,+17 ,-6 ,-24 ,-4 ,+2
16.8038022 ,Left ,+2 ,+3 ,+14 ,+17 ,+4 ,0  ,-4 ,-3
16.8038049 ,Left ,-1 ,+1 ,+16 ,+2 ,-2 ,-2 ,+3 ,+2
16.8185792 ,Left ,+2 ,+2 ,-8 ,-29 ,+11 ,+10 ,-5 ,0 
16.8185818 ,Left ,-2 ,-1 ,-5 ,+43 ,-9 ,0  ,-5 ,-2
16.8201058 ,Left ,+1 ,-2 ,-5 ,+15 ,0  ,+7 ,+13 ,0 
16.8201081 ,Left ,0  ,+1 ,+4 ,-42 ,-13 ,-14 ,-11 ,-2
16.8411413 ,Left ,-3 ,-2 ,-5 ,-14 ,+4 ,-3 ,+2 ,-2
16.8411723 ,Left ,-2 ,-2 ,-3 ,+2 ,0  ,+8 ,-1 ,-1
16.8426349 ,Left ,-2 ,-1 ,-12 ,+6 ,-3 ,-2 ,-13 ,-4
16.8426374 ,Left ,0  ,+5 ,+20 ,+3 ,0  ,0  ,+3 ,0 
16.8548306 ,Left ,-1 ,0  ,+2 ,+10 ,+10 ,+1 ,+1 ,0 
16.8548335 ,Left ,-2 ,-6 ,-9 ,+9 ,-5 ,+2 ,-2 ,-4
16.8636926 ,Left ,-1 ,-5 ,-5 ,+1 ,+1 ,-1 ,-1 ,0 
16.8636952 ,Left ,+4 ,+9 ,+14 ,-7 ,-3 ,0  ,+3 ,+1
16.8790453 ,Left ,-2 ,-2 ,-7 ,-13 ,-3 ,-4 ,-3 ,+1
16.8790485 ,Left ,+1 ,0  ,-1 ,+4 ,+3 ,+3 ,+3 ,-1
16.880703 ,Left ,-1 ,-5 ,-10 ,-17 ,-9 ,-5 ,-1 ,+2
16.880706 ,Left ,-1 ,+3 ,+22 ,+18 ,+2 ,0  ,0  ,-2
16.901131 ,Left ,+1 ,-2 ,-9 ,-2 ,-2 ,-5 ,-3 ,-2
16.901134 ,Left ,-1 ,-6 ,-9 ,-3 ,+10 ,+4 ,-1 ,-2
16.9027505 ,Left ,+5 ,+5 ,+7 ,0  ,+6 ,+2 ,+2 ,+1
16.9027537 ,Left ,-1 ,-4 ,-2 ,-14 ,-4 ,+2 ,-1 ,0 
16.9147787 ,Left ,-3 ,-6 ,-5 ,-2 ,-9 ,-5 ,-4 ,0 
16.9147819 ,Left ,-4 ,-3 ,+4 ,-8 ,-3 ,-1 ,+1 ,-2
16.9236441 ,Left ,0  ,-2 ,-16 ,-11 ,-14 ,-3 ,-2 ,0 
16.9236791 ,Left ,-1 ,+5 ,-2 ,+1 ,+2 ,0  ,-1 ,0 
16.9387455 ,Left ,-4 ,+1 ,+12 ,+8 ,+26 ,-2 ,-2 ,-1
16.9387488 ,Left ,-1 ,-3 ,-8 ,-6 ,-5 ,+1 ,+1 ,0 
16.9401237 ,Left ,-2 ,-2 ,+7 ,-6 ,-5 ,-4 ,-10 ,-2
16.9401264 ,Left ,0  ,-1 ,+1 ,+34 ,+9 ,+11 ,+3 ,-3
16.961415 ,Left ,-2 ,0  ,-1 ,-15 ,-6 ,-24 ,-3 ,-2
16.9614182 ,Left ,0  ,-1 ,-6 ,-15 ,-11 ,0  ,-1 ,-1
16.9627262 ,Left ,-1 ,-3 ,+1 ,+14 ,+10 ,+1 ,-2 ,0 
16.9627293 ,Left ,-2 ,-2 ,-2 ,-21 ,+3 ,-3 ,-1 ,0 
16.9747717 ,Left ,+3 ,+3 ,+6 ,+24 ,+15 ,+6 ,+3 ,-2
16.9747751 ,Left ,-2 ,-2 ,-15 ,-1 ,-31 ,-3 ,-1 ,-1
16.9837798 ,Left ,-2 ,-1 ,+4 ,+17 ,+2 ,-5 ,+3 ,-1
16.9837833 ,Left ,0  ,-1 ,-1 ,-5 ,+2 ,+3 ,-1 ,-1
16.9985638 ,Left ,-1 ,0  ,-4 ,-4 ,-10 ,+3 ,-1 ,-1
16.9985671 ,Left ,0  ,0  ,-1 ,-9 ,+10 ,+7 ,+1 ,-1
17.0003068 ,Left ,-1 ,0  ,-4 ,+4 ,+1 ,-16 ,-2 ,-1
17.0003115 ,Left ,-2 ,-2 ,+4 ,+13 ,+13 ,-4 ,-1 ,-1
17.021673 ,Left ,0  ,-4 ,-1 ,+8 ,-7 ,+3 ,-4 ,0 
17.0216761 ,Left ,+2 ,+4 ,-3 ,-8 ,-3 ,+1 ,0  ,+1
17.0275332 ,Left ,-3 ,-6 ,-2 ,-15 ,+3 ,+6 ,-2 ,-2
17.0275363 ,Left ,+1 ,+2 ,+4 ,+19 ,-1 ,-3 ,-3 ,-1
17.03481 ,Left ,-3 ,-3 ,-1 ,-1 ,+2 ,+1 ,0  ,-1
17.034813 ,Left ,0  ,-2 ,+5 ,+3 ,-31 ,-5 ,-1 ,0 
17.0436818 ,Left ,0  ,-2 ,-9 ,-5 ,-4 ,+2 ,+1 ,0 
17.0436847 ,Left ,+1 ,+2 ,+6 ,-6 ,+9 ,0  ,+1 ,+2
17.0586259 ,Left ,-1 ,-3 ,-18 ,-49 ,-33 ,0  ,0  ,0 
17.058629 ,Left ,-2 ,+2 ,+15 ,+25 ,+8 ,-2 ,0  ,-1
17.0601829 ,Left ,-2 ,-1 ,-3 ,-7 ,-15 ,+2 ,-2 ,+1
17.0601855 ,Left ,-3 ,-5 ,-6 ,-4 ,+20 ,+7 ,+8 ,-5
17.0813437 ,Left ,0  ,+4 ,+5 ,+5 ,-4 ,0  ,-1 ,+1
17.0813471 ,Left ,-3 ,-6 ,-8 ,-18 ,+16 ,-1 ,-1 ,-1
17.0827518 ,Left ,+2 ,+4 ,+3 ,+4 ,-4 ,0  ,+4 ,0 
17.0827547 ,Left ,0  ,-2 ,-7 ,+12 ,+4 ,-3 ,-1 ,+1
17.1037475 ,Left ,-2 ,-3 ,+2 ,-6 ,-10 ,0  ,-1 ,-2
17.1037506 ,Left ,0  ,+3 ,-3 ,-17 ,-17 ,+5 ,+2 ,-1
17.1052366 ,Left ,-4 ,-7 ,-7 ,0  ,+2 ,-27 ,-10 ,-4
17.1052409 ,Left ,0  ,-3 ,+4 ,+10 ,-9 ,-1 ,-3 ,-2
17.118145 ,Left ,-1 ,-2 ,-4 ,+6 ,+16 ,+1 ,+1 ,-1
17.1181482 ,Left ,0  ,+2 ,0  ,-8 ,+4 ,0  ,-1 ,+1
17.1246879 ,Left ,-1 ,0  ,+5 ,+2 ,+1 ,+6 ,+3 ,0 
17.1246908 ,Left ,0  ,-1 ,-2 ,-11 ,-14 ,+1 ,-3 ,-1
17.1411179 ,Left ,-1 ,-6 ,-2 ,-3 ,0  ,-3 ,-1 ,-2
17.1411211 ,Left ,0  ,-3 ,-9 ,+6 ,+6 ,-3 ,0  ,-1
17.1426876 ,Left ,0  ,+3 ,+2 ,-3 ,+10 ,+10 ,+1 ,+1
17.1426908 ,Left ,0  ,-1 ,0  ,+11 ,-18 ,-9 ,-4 ,+1
17.1638799 ,Left ,-1 ,-1 ,-3 ,+6 ,+23 ,+8 ,-3 ,0 
17.1638831 ,Left ,-1 ,-3 ,0  ,+1 ,-24 ,-8 ,-2 ,-1
17.1652481 ,Left ,0  ,0  ,0  ,+1 ,+1 ,-3 ,-1 ,-2
17.1652506 ,Left ,0  ,+1 ,+4 ,-5 ,+14 ,+1 ,-1 ,0 
17.178571 ,Left ,-1 ,0  ,-2 ,+3 ,-2 ,-2 ,+1 ,0 
17.1785739 ,Left ,-2 ,-4 ,-2 ,0  ,+9 ,-1 ,-1 ,-2
17.1801761 ,Left ,+1 ,+1 ,+4 ,+4 ,+2 ,+3 ,+2 ,-2
17.1801786 ,Left ,-4 ,-3 ,-12 ,-14 ,-10 ,0  ,-1 ,-2
17.2012511 ,Left ,0  ,-2 ,-3 ,0  ,0  ,-2 ,-2 ,-1
17.2012539 ,Left ,+1 ,+2 ,+4 ,+2 ,+12 ,-1 ,-1 ,-1
17.2027005 ,Left ,-4 ,-3 ,-2 ,0  ,-2 ,+2 ,0  ,0 
17.2027031 ,Left ,0  ,0  ,+1 ,-28 ,-12 ,-4 ,-1 ,0 
17.2237446 ,Left ,-1 ,+2 ,+6 ,+68 ,+2 ,-1 ,-4 ,-1
17.2237474 ,Left ,-3 ,-6 ,-6 ,-21 ,-2 ,-3 ,-2 ,-1
17.2252568 ,Left ,+3 ,+1 ,0  ,0  ,-3 ,+1 ,0  ,-1
17.2252618 ,Left ,-2 ,-2 ,-8 ,+3 ,-3 ,+1 ,-2 ,-2
17.2373876 ,Left ,+3 ,+2 ,+7 ,-15 ,-5 ,0  ,-8 ,0 
17.2373906 ,Left ,-2 ,-1 ,+3 ,+39 ,+15 ,+5 ,+15 ,-2
17.2462786 ,Left ,-2 ,-5 ,-4 ,-2 ,-15 ,-6 ,-2 ,-1
17.2462814 ,Left ,-1 ,+4 ,+1 ,-5 ,+7 ,+2 ,0  ,+1
17.2611615 ,Left ,-3 ,-1 ,+2 ,-5 ,-26 ,-5 ,-2 ,0 
17.2611648 ,Left ,0  ,-1 ,-6 ,-11 ,+5 ,+4 ,-5 ,0 
17.2627087 ,Left ,0  ,-2 ,-4 ,-15 ,-3 ,+2 ,-1 ,+1
17.2627117 ,Left ,0  ,-2 ,+5 ,+29 ,-4 ,+2 ,-1 ,-3
17.2839041 ,Left ,-1 ,-1 ,-11 ,-34 ,-7 ,-3 ,+2 ,-1
17.2839076 ,Left ,+1 ,+1 ,+4 ,-16 ,-3 ,-7 ,-5 ,-1
17.2852639 ,Left ,-1 ,-1 ,0  ,+16 ,-4 ,+6 ,+3 ,-1
17.285269 ,Left ,-2 ,+1 ,+5 ,+26 ,+9 ,-5 ,-4 ,-1
17.2980005 ,Left ,-1 ,-2 ,-7 ,-10 ,-38 ,-3 ,+3 ,0 
17.2980039 ,Left ,-2 ,-3 ,-4 ,+1 ,+11 ,0  ,-1 ,-2
17.3047943 ,Left ,0  ,-3 ,-2 ,-13 ,+8 ,-5 ,-4 ,-2
17.3047981 ,Left ,+2 ,-1 ,+1 ,-3 ,-6 ,0  ,0  ,+1
17.3214181 ,Left ,+1 ,+2 ,+13 ,+2 ,+9 ,-1 ,0  ,-2
17.3214215 ,Left ,-1 ,0  ,-12 ,-8 ,-1 ,-1 ,-2 ,0 
17.3227752 ,Left ,-3 ,-3 ,+1 ,+6 ,-6 ,0  ,0  ,-2
17.3228106 ,Left ,-3 ,-6 ,-7 ,+31 ,-11 ,-4 ,-1 ,-1
17.3438362 ,Left ,-1 ,-2 ,-6 ,-25 ,-2 ,-2 ,0  ,-1
17.3438395 ,Left ,0  ,-1 ,+3 ,0  ,0  ,-3 ,-5 ,0 
17.3452881 ,Left ,0  ,+1 ,+3 ,-5 ,+26 ,+3 ,0  ,0 
17.3452912 ,Left ,0  ,-2 ,-3 ,-5 ,-10 ,-1 ,0  ,0 
17.3580015 ,Left ,-1 ,-1 ,-4 ,+8 ,+10 ,+4 ,+1 ,-1
17.3580046 ,Left ,-2 ,-1 ,+8 ,+4 ,+7 ,0  ,-1 ,-3
17.3647939 ,Left ,+1 ,+2 ,0  ,+13 ,-4 ,0  ,-1 ,+1
17.364797 ,Left ,0  ,-3 ,-14 ,-27 ,-8 ,0  ,+1 ,0 
17.3811218 ,Left ,-1 ,-1 ,+15 ,+32 ,+12 ,+4 ,-8 ,+1
17.3811247 ,Left ,-2 ,-4 ,-7 ,-53 ,-2 ,-5 ,+14 ,-2
17.3826984 ,Left ,+3 ,0  ,+3 ,+3 ,-4 ,+1 ,0  ,-1
17.3827011 ,Left ,-2 ,0  ,0  ,-15 ,+7 ,-2 ,0  ,0 
17.4036454 ,Left ,-3 ,-6 ,-9 ,-4 ,-1 ,+3 ,0  ,-1
17.4036488 ,Left ,+1 ,+4 ,+2 ,+17 ,-1 ,+1 ,-4 ,+1
17.4052316 ,Left ,-2 ,-1 ,-1 ,-9 ,+1 ,-1 ,0  ,0 
17.4052345 ,Left ,-1 ,0  ,+2 ,-14 ,-8 ,-2 ,0  ,-3
17.4179237 ,Left ,0  ,-3 ,-7 ,-10 ,+3 ,+4 ,+3 ,-2
17.4179267 ,Left ,0  ,+1 ,+6 ,+9 ,-9 ,-31 ,-10 ,-3
17.4253865 ,Left ,-3 ,-5 ,-6 ,+8 ,-1 ,-1 ,-1 ,-4
17.42556 ,Left ,-1 ,+1 ,0  ,-1 ,-8 ,-1 ,-4 ,-2
17.441829 ,Left ,-2 ,-5 ,+5 ,-4 ,+3 ,-1 ,+1 ,-1
17.4419777 ,Left ,+4 ,+12 ,-1 ,+4 ,+5 ,+9 ,+1 ,+5
17.4432213 ,Left ,-2 ,-8 ,-20 ,-58 ,-13 ,-1 ,-5 ,-4
17.4432325 ,Left ,-3 ,-3 ,+2 ,+15 ,-5 ,-5 ,-2 ,-2
17.4638664 ,Left ,-1 ,-2 ,-3 ,+12 ,+8 ,-2 ,0  ,0 
17.463874 ,Left ,-1 ,-2 ,+2 ,-13 ,+2 ,+8 ,0  ,+1
17.4653971 ,Left ,-2 ,0  ,0  ,+7 ,-4 ,-1 ,+2 ,-1
17.4654667 ,Left ,0  ,-1 ,+1 ,-8 ,-4 ,+4 ,-2 ,-1
17.4772773 ,Left ,-1 ,+2 ,-9 ,-9 ,+8 ,-5 ,-1 ,-2
17.4772814 ,Left ,-1 ,-6 ,-2 ,-16 ,-7 ,+2 ,-3 ,0 
17.4864205 ,Left ,+1 ,+2 ,+6 ,+34 ,-3 ,-2 ,0  ,+1
17.4864241 ,Left ,+1 ,+1 ,+3 ,+5 ,+1 ,-2 ,0  ,0 
17.5012813 ,Left ,+1 ,+2 ,0  ,-9 ,+7 ,-1 ,-3 ,-2
17.5012843 ,Left ,-2 ,-5 ,-8 ,-17 ,-10 ,-1 ,0  ,-2
17.5027866 ,Left ,-2 ,-1 ,0  ,+7 ,0  ,+6 ,+1 ,-1
17.5027895 ,Left ,0  ,0  ,-2 ,-24 ,+3 ,-7 ,0  ,-3
17.5236395 ,Left ,-1 ,-1 ,+5 ,+40 ,0  ,0  ,0  ,-2
17.5236427 ,Left ,-2 ,-1 ,-11 ,-34 ,-31 ,0  ,-2 ,0 
17.5252532 ,Left ,-1 ,-2 ,0  ,-8 ,+12 ,+3 ,-1 ,0 
17.5252581 ,Left ,-2 ,-3 ,-1 ,+14 ,+3 ,+2 ,-8 ,+2
17.5379402 ,Left ,+1 ,+2 ,-1 ,-5 ,-5 ,-4 ,+17 ,0 
17.5379432 ,Left ,-1 ,+2 ,+1 ,+19 ,-2 ,+2 ,-3 ,-2
17.5447286 ,Left ,-1 ,0  ,+8 ,+16 ,+7 ,-4 ,-1 ,-1
17.5447316 ,Left ,-2 ,-3 ,-11 ,-51 ,-5 ,0  ,+1 ,+2
17.561396 ,Left ,0  ,-1 ,-1 ,+33 ,-2 ,-3 ,-4 ,0 
17.561399 ,Left ,-2 ,-4 ,-4 ,+2 ,+4 ,-2 ,-1 ,-1
17.5627869 ,Left ,-1 ,-1 ,-10 ,-13 ,-5 ,-3 ,-1 ,-1
17.5627898 ,Left ,0  ,+3 ,+8 ,+15 ,+4 ,0  ,0  ,-1
17.5837082 ,Left ,-1 ,-3 ,+2 ,-28 ,-3 ,-3 ,-2 ,-1
17.5837114 ,Left ,+2 ,-4 ,-10 ,+12 ,+6 ,-1 ,+1 ,-2
17.5853208 ,Left ,-1 ,+2 ,+8 ,+11 ,+2 ,-2 ,-3 ,0 
17.5853245 ,Left ,-2 ,-5 ,0  ,+12 ,-34 ,-5 ,-1 ,-1
17.597934 ,Left ,-4 ,-3 ,-10 ,-33 ,+5 ,-1 ,-3 ,0 
17.5979372 ,Left ,-1 ,+1 ,+11 ,+22 ,-7 ,-1 ,-3 ,-1
17.6046531 ,Left ,-1 ,-2 ,-9 ,-29 ,+16 ,-3 ,+1 ,-2
17.6046555 ,Left ,-1 ,-3 ,-1 ,+19 ,+8 ,0  ,-1 ,-3
17.6211635 ,Left ,+1 ,+6 ,+4 ,+17 ,-2 ,-2 ,0  ,0 
17.6211661 ,Left ,-2 ,-4 ,-1 ,-2 ,0  ,+1 ,-2 ,0 
17.622648 ,Left ,-2 ,-2 ,+5 ,+3 ,-17 ,+7 ,+2 ,-1
17.6226504 ,Left ,0  ,0  ,-2 ,-10 ,+6 ,-28 ,-5 ,-1
17.651351 ,Left ,-2 ,-3 ,+2 ,+32 ,-1 ,+4 ,-3 ,-1
17.6513539 ,Left ,0  ,-1 ,-6 ,-27 ,+3 ,-14 ,-4 ,-3
17.6527514 ,Left ,-1 ,0  ,-2 ,+22 ,-4 ,+2 ,0  ,0 
17.6527541 ,Left ,0  ,-3 ,0  ,+3 ,+28 ,+8 ,0  ,-1
17.6573701 ,Left ,+2 ,+4 ,+4 ,-20 ,-5 ,-3 ,-2 ,-1
17.6573729 ,Left ,0  ,+2 ,0  ,+16 ,+7 ,+5 ,0  ,+1
17.6661436 ,Left ,-1 ,-1 ,+1 ,+9 ,-4 ,-3 ,-1 ,-2
17.6661463 ,Left ,-2 ,-3 ,-1 ,-9 ,-12 ,+2 ,-1 ,-3
17.681403 ,Left ,0  ,-1 ,-11 ,+3 ,-15 ,0  ,-1 ,-1
17.681408 ,Left ,0  ,+1 ,+11 ,-5 ,+6 ,+5 ,0  ,-1
17.6827118 ,Left ,-1 ,0  ,+1 ,-10 ,0  ,-6 ,-3 ,0 
17.6827153 ,Left ,-2 ,0  ,-7 ,-2 ,-2 ,+5 ,+1 ,0 
17.7035318 ,Left ,0  ,-4 ,+8 ,-14 ,+6 ,-1 ,-1 ,0 
17.7035343 ,Left ,-1 ,+3 ,-3 ,-9 ,-14 ,-1 ,+1 ,-1
17.7051648 ,Left ,+1 ,+1 ,+3 ,+7 ,+1 ,-3 ,0  ,+1
17.7052368 ,Left ,-2 ,-4 ,-4 ,+2 ,+5 ,+3 ,+1 ,-1
17.7173389 ,Left ,0  ,+1 ,-8 ,-8 ,+2 ,-2 ,-4 ,-1
17.7173416 ,Left ,-1 ,-3 ,-7 ,-26 ,-6 ,-1 ,-1 ,+2
17.7262505 ,Left ,-2 ,-3 ,-5 ,-2 ,-2 ,-1 ,-1 ,-1
17.7262533 ,Left ,+2 ,+8 ,+10 ,+13 ,+4 ,+4 ,+1 ,+1
17.7409353 ,Left ,+1 ,-2 ,+6 ,+1 ,-1 ,-1 ,-2 ,-1
17.7409841 ,Left ,-1 ,-4 ,+2 ,-3 ,+3 ,0  ,0  ,-1
17.7426305 ,Left ,0  ,+2 ,+6 ,+40 ,+2 ,-1 ,-2 ,+1
17.7426329 ,Left ,-1 ,-6 ,-17 ,-29 ,-7 ,-2 ,-2 ,-1
17.7636501 ,Left ,-3 ,0  ,-5 ,-20 ,+4 ,-1 ,-1 ,-2
17.7636528 ,Left ,-1 ,-3 ,+9 ,+11 ,+5 ,0  ,-2 ,-2
17.7652231 ,Left ,0  ,+3 ,-3 ,-17 ,+3 ,+4 ,+2 ,0 
17.7652262 ,Left ,-3 ,-5 ,-3 ,-23 ,-38 ,-14 ,-6 ,-3
17.7772554 ,Left ,-1 ,-1 ,-2 ,-16 ,+11 ,+3 ,+1 ,0 
17.777258 ,Left ,-2 ,-4 ,-14 ,-14 ,-3 ,-1 ,-1 ,-2
17.7864105 ,Left ,-1 ,+1 ,-1 ,-5 ,-19 ,-4 ,-1 ,0 
17.7864132 ,Left ,-1 ,+1 ,+2 ,+11 ,+10 ,+14 ,+1 ,0 
17.8088387 ,Left ,-2 ,-4 ,-2 ,+4 ,-1 ,-13 ,+6 ,-2
17.8088416 ,Left ,-1 ,-2 ,+2 ,+32 ,-7 ,-5 ,-4 ,-3
17.8102842 ,Left ,0  ,+2 ,-1 ,+3 ,-2 ,+7 ,-6 ,-1
17.8102869 ,Left ,+2 ,+2 ,+2 ,-29 ,+4 ,+2 ,+4 ,-12
17.8236931 ,Left ,0  ,-5 ,-4 ,+25 ,-5 ,-2 ,+7 ,+13
17.8236959 ,Left ,-1 ,-2 ,+4 ,+24 ,+9 ,-4 ,-18 ,-6
17.8253978 ,Left ,-2 ,-2 ,-4 ,-21 ,-6 ,-4 ,+23 ,+1
17.8254008 ,Left ,-9 ,-1 ,+3 ,-1 ,+9 ,+10 ,-25 ,-3
17.837479 ,Left ,+11 ,0  ,-4 ,-7 ,+1 ,-11 ,+67 ,+13
17.8374819 ,Left ,-10 ,-4 ,-1 ,+5 ,-1 ,+8 ,-66 ,-40
17.8463739 ,Left ,+2 ,-2 ,-2 ,-13 ,-3 ,+4 ,-6 ,+27
17.8463767 ,Left ,-3 ,-1 ,+2 ,+11 ,-12 ,-3 ,+3 ,+5
17.8611317 ,Left ,-5 ,-2 ,-4 ,-9 ,-4 ,+4 ,+48 ,0 
17.8611345 ,Left ,+5 ,+2 ,+3 ,+16 ,+6 ,+1 ,+10 ,+8
17.8627469 ,Left ,-5 ,-2 ,-2 ,-12 ,-8 ,-3 ,-12 ,-17
17.8627504 ,Left ,+1 ,-2 ,0  ,+18 ,+45 ,+19 ,+15 ,+2
17.8835259 ,Left ,-6 ,-1 ,-3 ,-30 ,-14 ,-4 ,-62 ,-7
17.8835286 ,Left ,+1 ,+2 ,+1 ,+18 ,-3 ,-12 ,+9 ,+10
17.8851453 ,Left ,-1 ,-3 ,+3 ,+26 ,+4 ,-14 ,-5 ,-9
17.8851479 ,Left ,-3 ,-4 ,0  ,-11 ,+2 ,-3 ,+16 ,+5
17.8973768 ,Left ,-1 ,-1 ,-12 ,-49 ,-12 ,+9 ,-14 ,-10
17.8973799 ,Left ,-2 ,-5 ,-3 ,+2 ,+20 ,0  ,+12 ,+2
17.9061891 ,Left ,-3 ,-8 ,-9 ,-12 ,-4 ,+2 ,-2 ,-3
17.9061918 ,Left ,+5 ,+6 ,+13 ,+47 ,-2 ,-7 ,-4 ,+2
17.9213349 ,Left ,-1 ,+7 ,+14 ,+46 ,+1 ,-3 ,-18 ,-6
17.9213381 ,Left ,-1 ,-2 ,-3 ,-11 ,-12 ,+3 ,+8 ,+3
17.922765 ,Left ,+3 ,+4 ,-6 ,-44 ,+2 ,-2 ,+6 ,+2
17.9227679 ,Left ,-1 ,-9 ,-4 ,+17 ,-4 ,-4 ,+1 ,-5
17.9438274 ,Left ,-1 ,-4 ,-16 ,-33 ,-20 ,-1 ,-16 ,-5
17.9438307 ,Left ,-4 ,-3 ,+17 ,+39 ,+27 ,+4 ,+18 ,+6
17.94525 ,Left ,+5 ,+17 ,+31 ,-4 ,-6 ,-1 ,0  ,-6
17.9452531 ,Left ,-3 ,-7 ,-63 ,-59 ,-15 ,-6 ,-6 ,0 
17.9573142 ,Left ,-4 ,-1 ,+22 ,+38 ,+10 ,+4 ,-8 ,-2
17.9573183 ,Left ,+1 ,0  ,+1 ,-8 ,+4 ,0  ,+9 ,+3
17.9662348 ,Left ,-3 ,-1 ,+12 ,+21 ,-6 ,-3 ,-1 ,-4
17.9662382 ,Left ,0  ,+1 ,0  ,-4 ,-5 ,-6 ,-7 ,-1
17.9802591 ,Left ,0  ,-3 ,-11 ,+4 ,+11 ,+2 ,-2 ,+1
17.9802625 ,Left ,-2 ,-3 ,-24 ,-22 ,-16 ,-2 ,+8 ,0 
17.9888149 ,Left ,+1 ,+1 ,+20 ,+24 ,+10 ,+1 ,-1 ,+1
17.988818 ,Left ,0  ,+1 ,+3 ,+27 ,-4 ,-4 ,+2 ,+1
18.003514 ,Left ,-7 ,-2 ,-6 ,-22 ,-1 ,+3 ,-4 ,-4
18.003517 ,Left ,+10 ,+2 ,+12 ,-2 ,-9 ,-2 ,+1 ,+6
18.0051621 ,Left ,-6 ,-7 ,-18 ,+11 ,-1 ,-2 ,-2 ,-7
18.0051767 ,Left ,+8 ,+2 ,+4 ,-26 ,+4 ,+4 ,+4 ,+10
18.017304 ,Left ,0  ,+1 ,+4 ,+28 ,-2 ,-4 ,-5 ,-2
18.0173078 ,Left ,-5 ,-1 ,-10 ,-12 ,-6 ,+10 ,-3 ,+6
18.0262897 ,Left ,-3 ,-7 ,-14 ,+1 ,+2 ,-19 ,+5 ,-6
18.0262928 ,Left ,0  ,+3 ,+8 ,-3 ,-4 ,+12 ,-3 ,-5
18.0411153 ,Left ,-2 ,-4 ,+1 ,+19 ,+2 ,+2 ,-5 ,-3
18.0411187 ,Left ,-5 ,-3 ,-7 ,-50 ,-8 ,+20 ,-3 ,-3
18.0426178 ,Left ,0  ,-3 ,-10 ,+9 ,+2 ,+1 ,+5 ,+4
18.0426829 ,Left ,-1 ,+3 ,+13 ,+5 ,-2 ,-3 ,-2 ,-3
18.0637978 ,Left ,0  ,0  ,+3 ,+15 ,0  ,+3 ,0  ,+2
18.063801 ,Left ,-3 ,-2 ,-4 ,-20 ,-3 ,-5 ,-2 ,-8
18.065251 ,Left ,-1 ,-6 ,-10 ,-29 ,-5 ,+25 ,-7 ,+7
18.0652537 ,Left ,0  ,-3 ,+4 ,-10 ,-4 ,-38 ,-7 ,-8
18.0861032 ,Left ,+4 ,+1 ,+6 ,-8 ,0  ,+7 ,+32 ,+3
18.0861383 ,Left ,-3 ,-1 ,-13 ,+9 ,-5 ,-20 ,-12 ,-7
18.0876689 ,Left ,0  ,-2 ,-6 ,-9 ,+7 ,+5 ,-9 ,0 
18.0876919 ,Left ,-7 ,0  ,+7 ,+21 ,-1 ,-12 ,-3 ,-2
18.1011021 ,Left ,0  ,-2 ,-2 ,-12 ,+3 ,+6 ,-5 ,-1
18.101105 ,Left ,+5 ,-1 ,+5 ,+19 ,0  ,+4 ,+10 ,+4
18.1027011 ,Left ,-3 ,-4 ,-2 ,+8 ,0  ,-21 ,+7 ,-9
18.1027041 ,Left ,-2 ,0  ,-3 ,-53 ,-9 ,+39 ,-21 ,+7
18.123557 ,Left ,+2 ,-2 ,-3 ,+23 ,-6 ,-53 ,-27 ,-12
18.1235599 ,Left ,+1 ,+3 ,+11 ,+29 ,+1 ,-2 ,+34 ,+5
18.1252145 ,Left ,-2 ,-3 ,-6 ,-6 ,-11 ,-6 ,-21 ,-8
18.1252794 ,Left ,-5 ,-1 ,+2 ,-25 ,+44 ,+10 ,+23 ,+2
18.147626 ,Left ,+3 ,0  ,-9 ,-1 ,-16 ,-35 ,-12 ,-4
18.1476288 ,Left ,-2 ,+2 ,+2 ,+1 ,+6 ,+7 ,-19 ,-6
18.1495116 ,Left ,+8 ,-1 ,-4 ,+3 ,-9 ,+10 ,+21 ,+10
18.1495139 ,Left ,-1 ,0  ,0  ,+8 ,-29 ,+5 ,+1 ,-11
18.1610545 ,Left ,-2 ,+1 ,+3 ,-38 ,+14 ,+16 ,+12 ,+11
18.1610569 ,Left ,-7 ,-8 ,-16 ,+16 ,-8 ,-17 ,-5 ,-8
18.1626275 ,Left ,-2 ,-5 ,-4 ,-37 ,-2 ,+7 ,-7 ,+2
18.16263 ,Left ,0  ,+5 ,-1 ,-31 ,+1 ,-5 ,+7 ,-1
18.183624 ,Left ,+2 ,-1 ,-9 ,-9 ,-13 ,+8 ,-7 ,-2
18.1836264 ,Left ,+1 ,0  ,+3 ,-32 ,-6 ,+2 ,+3 ,0 
18.1852527 ,Left ,-10 ,-10 ,-6 ,+51 ,+13 ,-5 ,-1 ,-5
18.1852554 ,Left ,+8 ,+16 ,+21 ,+29 ,+6 ,-3 ,+2 ,+3
18.2063061 ,Left ,-7 ,-10 ,-16 ,-83 ,-23 ,+2 ,+1 ,-3
18.2063093 ,Left ,-3 ,-3 ,-6 ,+26 ,+7 ,-2 ,-8 ,+1
18.2077941 ,Left ,-2 ,-5 ,-1 ,-14 ,0  ,-3 ,-2 ,-2
18.2077992 ,Left ,0  ,0  ,-2 ,+11 ,-2 ,-3 ,0  ,+3
18.2197713 ,Left ,-1 ,+4 ,+18 ,-2 ,+20 ,+11 ,-6 ,0 
18.2197968 ,Left ,0  ,-2 ,+1 ,+24 ,+2 ,0  ,+1 ,+1
18.2288117 ,Left ,-1 ,+3 ,+1 ,-15 ,-2 ,-2 ,0  ,-1
18.2288152 ,Left ,-4 ,-11 ,-16 ,-7 ,-15 ,-2 ,-1 ,-5
18.2510885 ,Left ,-1 ,+5 ,+18 ,+32 ,+2 ,+3 ,-10 ,+1
18.2510913 ,Left ,0  ,-1 ,-9 ,-33 ,-2 ,-3 ,+12 ,-2
18.2525839 ,Left ,0  ,0  ,-11 ,+19 ,+6 ,+6 ,+3 ,-1
18.2526232 ,Left ,-1 ,-7 ,-13 ,-10 ,-6 ,-14 ,-14 ,-5
18.2663602 ,Left ,+2 ,+1 ,+6 ,+15 ,0  ,+6 ,+1 ,0 
18.2663633 ,Left ,+1 ,+4 ,+22 ,+35 ,+6 ,+1 ,-7 ,+3
18.2676316 ,Left ,-2 ,0  ,-1 ,-49 ,-11 ,-6 ,0  ,0 
18.2676588 ,Left ,-1 ,-4 ,-7 ,+19 ,+1 ,-4 ,-4 ,-1
18.2798036 ,Left ,0  ,-4 ,-7 ,+11 ,+5 ,+11 ,+4 ,0 
18.2798065 ,Left ,+3 ,+5 ,+11 ,-10 ,+14 ,-7 ,-2 ,+1
18.288803 ,Left ,-4 ,-2 ,-16 ,-26 ,-29 ,-5 ,-4 ,-12
18.2888739 ,Left ,+1 ,-4 ,+10 ,+19 ,-6 ,0  ,+3 ,+15
18.3036551 ,Left ,-6 ,+1 ,+1 ,+19 ,+20 ,-4 ,-5 ,0 
18.3036576 ,Left ,+5 ,-2 ,-10 ,+14 ,+3 ,+3 ,+19 ,+6
18.305226 ,Left ,+1 ,0  ,+1 ,-14 ,-3 ,+8 ,-12 ,-7
18.3052994 ,Left ,-6 ,-3 ,-3 ,+12 ,+1 ,-1 ,+11 ,+15
18.3260881 ,Left ,-4 ,0  ,+1 ,+39 ,-1 ,-10 ,+25 ,0 
18.3260906 ,Left ,-3 ,-5 ,-15 ,-52 ,-13 ,+7 ,+30 ,-15
18.3276703 ,Left ,+2 ,+3 ,+12 ,+18 ,-24 ,+44 ,-54 ,+25
18.3276729 ,Left ,+4 ,0  ,+7 ,+11 ,+36 ,-30 ,+5 ,-18
18.3405135 ,Left ,+1 ,-2 ,-15 ,-23 ,+8 ,-10 ,-47 ,0 
18.3405162 ,Left ,+1 ,+3 ,+13 ,+25 ,-27 ,+4 ,+49 ,+19
18.3473765 ,Left ,-6 ,-4 ,+1 ,+8 ,+14 ,-4 ,+8 ,-15
18.3473792 ,Left ,+9 ,+1 ,-3 ,-19 ,-6 ,-3 ,0  ,+4
18.3636257 ,Left ,-4 ,-3 ,-6 ,+3 ,-14 ,+6 ,-20 ,-4
18.3636292 ,Left ,0  ,-1 ,-1 ,-6 ,+8 ,+7 ,-4 ,0 
18.3651639 ,Left ,+4 ,+5 ,+11 ,+24 ,+6 ,-42 ,+4 ,+5
18.3651667 ,Left ,-2 ,-1 ,-11 ,-9 ,-14 ,+7 ,-30 ,-5
18.3861972 ,Left ,+2 ,-1 ,-3 ,-32 ,-2 ,0  ,+23 ,-4
18.386201 ,Left ,-6 ,-2 ,+1 ,+23 ,-4 ,+4 ,-26 ,-3
18.3877422 ,Left ,-3 ,-8 ,-1 ,-30 ,-2 ,-7 ,+10 ,-3
18.3877454 ,Left ,-4 ,+1 ,-3 ,-15 ,+3 ,+6 ,+10 ,-5
18.4007257 ,Left ,-2 ,-11 ,+12 ,+60 ,-2 ,+7 ,+10 ,-3
18.4007292 ,Left ,0  ,+7 ,-38 ,-33 ,+28 ,-11 ,-23 ,-3
18.4071939 ,Left ,+6 ,+10 ,+26 ,+7 ,-24 ,-7 ,+1 ,+3
18.4071969 ,Left ,-4 ,-7 ,+6 ,+39 ,-2 ,+2 ,+5 ,-5
18.431871 ,Left ,-1 ,+7 ,-12 ,-50 ,-22 ,0  ,-4 ,0 
18.4318738 ,Left ,-3 ,-12 ,+10 ,+2 ,-2 ,-7 ,-24 ,-4
18.4332434 ,Left ,-1 ,-2 ,-39 ,-5 ,+23 ,-3 ,+12 ,-6
18.4332461 ,Left ,-3 ,-4 ,-17 ,-50 ,-20 ,+10 ,+2 ,+2
18.4461523 ,Left ,-4 ,-7 ,+12 ,+1 ,-36 ,-5 ,+1 ,-1
18.4461554 ,Left ,+2 ,+7 ,+46 ,+43 ,0  ,-1 ,-6 ,-2
18.4477302 ,Left ,-2 ,-6 ,-6 ,+29 ,+13 ,+2 ,+8 ,-1
18.4477336 ,Left ,-1 ,-1 ,-12 ,-12 ,+5 ,+1 ,-2 ,-2
18.459794 ,Left ,+1 ,-3 ,-37 ,-4 ,+28 ,+8 ,-7 ,0 
18.4597971 ,Left ,-1 ,-5 ,-9 ,-38 ,-23 ,-19 ,-10 ,-4
18.4688201 ,Left ,0  ,+6 ,+40 ,+26 ,+2 ,-1 ,+20 ,+6
18.4688228 ,Left ,-2 ,-3 ,-2 ,-8 ,-5 ,-15 ,-45 ,-4
18.4838975 ,Left ,-1 ,+1 ,+14 ,+33 ,+17 ,0  ,+11 ,-5
18.4839002 ,Left ,-1 ,-1 ,-5 ,-40 ,-14 ,-3 ,0  ,+3
18.4852318 ,Left ,+1 ,+1 ,-14 ,-40 ,+30 ,+14 ,+8 ,+1
18.4852347 ,Left ,-2 ,-2 ,+9 ,+49 ,-23 ,+15 ,+24 ,-2
18.5060893 ,Left ,-8 ,-1 ,-16 ,-64 ,-5 ,-35 ,-66 ,-9
18.506092 ,Left ,+8 ,-4 ,+12 ,+82 ,+4 ,+8 ,+19 ,+6
18.5075724 ,Left ,-2 ,-5 ,-21 ,-44 ,-6 ,-7 ,-27 ,-15
18.5075757 ,Left ,-2 ,+2 ,+3 ,-6 ,+1 ,+18 ,+6 ,-2
18.5198707 ,Left ,-3 ,+2 ,+17 ,-9 ,-7 ,+21 ,+26 ,-7
18.5198736 ,Left ,-1 ,-2 ,-19 ,+1 ,+17 ,-1 ,+14 ,+6
18.5288079 ,Left ,+3 ,+1 ,+6 ,+9 ,-13 ,-4 ,-21 ,+9
18.5288934 ,Left ,-6 ,-3 ,+8 ,+3 ,-2 ,-12 ,-4 ,-11
18.5441188 ,Left ,0  ,-1 ,-5 ,-1 ,+2 ,+1 ,+27 ,+5
18.5441219 ,Left ,-7 ,+1 ,-3 ,-11 ,-1 ,-4 ,-71 ,-29
18.5457421 ,Left ,+7 ,+1 ,-2 ,+10 ,-7 ,+18 ,+46 ,+25
18.545745 ,Left ,+6 ,+2 ,+6 ,-5 ,+6 ,+6 ,-10 ,-8
18.5660436 ,Left ,+1 ,-6 ,-7 ,+22 ,+2 ,+10 ,+5 ,-3
18.5661059 ,Left ,-7 ,-6 ,-5 ,+3 ,-6 ,-39 ,+6 ,-6
18.5676401 ,Left ,-5 ,-2 ,+1 ,+14 ,+29 ,-4 ,+3 ,-10
18.5676426 ,Left ,+1 ,0  ,-4 ,-23 ,-16 ,-12 ,+3 ,+3
18.579731 ,Left ,+2 ,+3 ,+6 ,+17 ,+25 ,+4 ,-13 ,+1
18.5797341 ,Left ,-1 ,-4 ,-8 ,+7 ,-15 ,+13 ,+3 ,+2
18.5887504 ,Left ,-5 ,-2 ,-1 ,+1 ,+15 ,-5 ,-4 ,-3
18.5887532 ,Left ,-4 ,-4 ,-1 ,+17 ,-4 ,-8 ,+7 ,+1
18.6035646 ,Left ,+1 ,-5 ,+11 ,-2 ,-8 ,+5 ,+16 ,+2
18.603567 ,Left ,+1 ,+16 ,+13 ,-1 ,-2 ,-1 ,-14 ,+3
18.6051187 ,Left ,-1 ,0  ,-12 ,-5 ,-7 ,-7 ,0  ,0 
18.6051211 ,Left ,-2 ,-8 ,-35 ,-32 ,+18 ,+8 ,-1 ,+2
18.6262821 ,Left ,-1 ,+2 ,+18 ,+19 ,-15 ,-6 ,-5 ,+1
18.6262867 ,Left ,0  ,-6 ,+4 ,-26 ,+5 ,+21 ,+1 ,0 
18.6277789 ,Left ,-1 ,0  ,-3 ,+6 ,-43 ,-8 ,-13 ,-6
18.6277816 ,Left ,0  ,+6 ,+34 ,+71 ,+1 ,-1 ,+4 ,+1
18.6400522 ,Left ,-3 ,-1 ,-8 ,-12 ,-5 ,-13 ,+4 ,+1
18.6400579 ,Left ,0  ,-1 ,+9 ,+12 ,0  ,+4 ,-38 ,-1
18.6548162 ,Left ,-2 ,-13 ,-70 ,-66 ,+5 ,+4 ,+38 ,-4
18.6548191 ,Left ,+1 ,+3 ,+14 ,-11 ,+3 ,-3 ,-6 ,+3
18.6629089 ,Left ,+2 ,+9 ,+42 ,+73 ,-1 ,-1 ,+7 ,+5
18.6629118 ,Left ,-5 ,-11 ,-61 ,-65 ,-5 ,-1 ,0  ,+2
18.6696952 ,Left ,-1 ,+3 ,+36 ,+23 ,-4 ,+2 ,-20 ,-1
18.669698 ,Left ,-2 ,-1 ,-5 ,0  ,+1 ,+2 ,+6 ,0 
18.693752 ,Left ,0  ,-1 ,-5 ,-19 ,+6 ,-2 ,+3 ,0 
18.6937553 ,Left ,+2 ,+2 ,+22 ,+8 ,+2 ,+7 ,+23 ,+2
18.6953462 ,Left ,-5 ,-5 ,-6 ,-1 ,0  ,-4 ,-12 ,-3
18.6953493 ,Left ,-2 ,-4 ,-8 ,+1 ,-6 ,-8 ,+4 ,-3
18.6997012 ,Left ,0  ,+3 ,+2 ,+14 ,+2 ,+2 ,-1 ,+1
18.699704 ,Left ,-5 ,-5 ,-11 ,-36 ,-7 ,-5 ,-1 ,-19
18.7087483 ,Left ,+3 ,-4 ,+3 ,+16 ,+1 ,-3 ,+4 ,+22
18.7087515 ,Left ,-3 ,+3 ,+8 ,-12 ,0  ,-3 ,-3 ,+1
18.7238034 ,Left ,-1 ,-3 ,-19 ,+10 ,0  ,0  ,-6 ,-2
18.7238062 ,Left ,-2 ,+1 ,-6 ,-14 ,-3 ,-2 ,+7 ,-2
18.7253363 ,Left ,-2 ,+2 ,+11 ,-14 ,-2 ,-5 ,-7 ,-8
18.7253389 ,Left ,0  ,+1 ,+8 ,+53 ,+3 ,+2 ,+1 ,0 
18.7460974 ,Left ,0  ,-3 ,-16 ,-12 ,-3 ,-1 ,-3 ,-8
18.7461001 ,Left ,-2 ,0  ,+4 ,+10 ,+2 ,0  ,+10 ,+4
18.7476986 ,Left ,0  ,+2 ,+13 ,+14 ,-2 ,0  ,-2 ,-5
18.747701 ,Left ,0  ,-5 ,-12 ,-32 ,-4 ,+2 ,-3 ,+3
18.7688396 ,Left ,+1 ,-2 ,-11 ,+13 ,+4 ,-13 ,-18 ,-5
18.7688435 ,Left ,-1 ,+1 ,+12 ,+23 ,-3 ,-30 ,+13 ,-1
18.7702326 ,Left ,-1 ,-3 ,-2 ,-19 ,-2 ,+4 ,-1 ,-4
18.7702353 ,Left ,+1 ,+3 ,-2 ,+30 ,+2 ,-3 ,+1 ,-1
18.7836129 ,Left ,0  ,+1 ,+12 ,-21 ,-5 ,+14 ,-1 ,+2
18.7836156 ,Left ,0  ,-3 ,-25 ,-28 ,+3 ,+9 ,0  ,+4
18.7851981 ,Left ,-3 ,0  ,+10 ,-5 ,+4 ,-15 ,-18 ,-5
18.7852008 ,Left ,-2 ,-4 ,-9 ,+17 ,+3 ,+1 ,+18 ,-1
18.8062118 ,Left ,-1 ,+1 ,+12 ,-18 ,-4 ,+3 ,-1 ,0 
18.806215 ,Left ,0  ,0  ,+1 ,+13 ,+2 ,-1 ,-2 ,+1
18.8076766 ,Left ,0  ,-1 ,-12 ,-4 ,-8 ,-3 ,-4 ,-4
18.8076809 ,Left ,-3 ,-4 ,-14 ,-41 ,+6 ,+1 ,-9 ,-4
18.8197019 ,Left ,0  ,-1 ,-2 ,-8 ,-6 ,+7 ,+14 ,+1
18.819709 ,Left ,+2 ,-1 ,+11 ,+11 ,-5 ,-12 ,-10 ,+3
18.8286975 ,Left ,-1 ,-1 ,+9 ,+18 ,+8 ,+21 ,+8 ,-1
18.8287003 ,Left ,0  ,0  ,+7 ,+10 ,+6 ,-13 ,+9 ,-4
18.8437313 ,Left ,-2 ,-7 ,-21 ,-43 ,-40 ,-7 ,+1 ,0 
18.8437342 ,Left ,-5 ,0  ,+2 ,-12 ,-1 ,+8 ,-14 ,-14
18.8453507 ,Left ,+5 ,-2 ,+4 ,+44 ,+5 ,+5 ,-10 ,+14
18.8453537 ,Left ,+1 ,+2 ,+4 ,-14 ,+5 ,-13 ,-18 ,-3
18.8661281 ,Left ,-5 ,-3 ,-11 ,+14 ,+8 ,+12 ,+46 ,+2
18.8661313 ,Left ,+3 ,-2 ,+3 ,+30 ,-7 ,-33 ,-50 ,-5
18.8676341 ,Left ,+3 ,+2 ,-1 ,-11 ,-11 ,-8 ,+3 ,+1
18.8676367 ,Left ,-5 ,-4 ,-5 ,-45 ,-32 ,-31 ,-31 ,-12
18.8799421 ,Left ,-1 ,0  ,+1 ,+23 ,+13 ,+7 ,+22 ,+1
18.8799455 ,Left ,-1 ,+1 ,-1 ,-16 ,-1 ,+34 ,-4 ,+4
18.8887717 ,Left ,-4 ,-3 ,-6 ,-3 ,0  ,-70 ,-21 ,-9
18.8887747 ,Left ,-2 ,+1 ,+2 ,-20 ,-9 ,+36 ,+11 ,-1
18.9038589 ,Left ,+1 ,+2 ,0  ,+1 ,+3 ,-11 ,-16 ,+1
18.9038619 ,Left ,-4 ,-4 ,-12 ,+1 ,-13 ,+9 ,+3 ,-5
18.9053476 ,Left ,-3 ,+1 ,+7 ,+13 ,0  ,+6 ,+7 ,-6
18.9053504 ,Left ,+2 ,0  ,+5 ,-5 ,+13 ,+9 ,+12 ,+6
18.9262545 ,Left ,-5 ,-7 ,-13 ,-1 ,+8 ,-7 ,-21 ,-7
18.9262576 ,Left ,-1 ,-2 ,+10 ,-1 ,-22 ,+5 ,+19 ,+5
18.9277463 ,Left ,-1 ,+3 ,0  ,-9 ,0  ,+11 ,+6 ,-3
18.9277532 ,Left ,-5 ,-15 ,-24 ,+20 ,0  ,-6 ,-6 ,-4
18.9486431 ,Left ,+5 ,+20 ,+27 ,+12 ,-5 ,-5 ,-14 ,+2
18.948646 ,Left ,+1 ,0  ,+8 ,-10 ,+14 ,-4 ,+19 ,+8
18.9502366 ,Left ,-6 ,-8 ,+2 ,+25 ,-1 ,+8 ,-1 ,-8
18.9502392 ,Left ,-1 ,-9 ,-24 ,-68 ,-12 ,-7 ,-11 ,-1
18.9625675 ,Left ,0  ,-9 ,-1 ,-22 ,+23 ,0  ,-4 ,0 
18.962571 ,Left ,+2 ,+12 ,+18 ,+17 ,-4 ,+7 ,+8 ,0 
18.9714068 ,Left ,-1 ,-2 ,-9 ,-34 ,0  ,+9 ,+1 ,+2
18.9714099 ,Left ,0  ,+6 ,+25 ,+27 ,+12 ,+6 ,+2 ,+3
18.9861589 ,Left ,-4 ,-12 ,-38 ,-20 ,+1 ,-4 ,-6 ,-1
18.9861616 ,Left ,-5 ,-6 ,-14 ,-31 ,+1 ,-7 ,+3 ,-2
18.9875747 ,Left ,-4 ,-2 ,+2 ,+27 ,+2 ,+6 ,0  ,-2
18.9875942 ,Left ,-2 ,-4 ,-19 ,-14 ,+23 ,-3 ,+1 ,0 
19.0087912 ,Left ,-1 ,-1 ,+6 ,-37 ,-10 ,-1 ,-6 ,-1
19.0087944 ,Left ,+2 ,-1 ,+17 ,+47 ,+6 ,-3 ,+13 ,+2
19.0103412 ,Left ,0  ,0  ,-11 ,0  ,+2 ,+2 ,-1 ,0 
19.0103438 ,Left ,+4 ,+5 ,+15 ,+3 ,+29 ,+3 ,+3 ,+2
19.0223443 ,Left ,-4 ,-1 ,+12 ,+43 ,-19 ,0  ,-4 ,-2
19.0223466 ,Left ,+1 ,-4 ,-25 ,-30 ,-1 ,0  ,+3 ,+1
19.0312238 ,Left ,+2 ,+5 ,+10 ,+10 ,-4 ,0  ,+2 ,+2
19.0312462 ,Left ,0  ,-1 ,+6 ,+20 ,+1 ,-1 ,+2 ,+1
19.04628 ,Left ,+4 ,-1 ,-17 ,-13 ,+8 ,+11 ,-2 ,+1
19.0462827 ,Left ,-2 ,-1 ,+2 ,-2 ,-4 ,-13 ,-1 ,-1
19.0477273 ,Left ,+3 ,-5 ,-7 ,-8 ,-4 ,-1 ,+1 ,-6
19.0477307 ,Left ,0  ,+5 ,+9 ,+3 ,-21 ,-1 ,-7 ,-12
19.0687261 ,Left ,0  ,-1 ,-6 ,+4 ,-1 ,-10 ,+2 ,+13
19.068729 ,Left ,-1 ,-4 ,-4 ,-7 ,-5 ,+15 ,+2 ,+5
19.0702678 ,Left ,-2 ,+3 ,+13 ,+13 ,+8 ,-7 ,-7 ,-4
19.0702703 ,Left ,0  ,-4 ,-8 ,-35 ,-22 ,-8 ,+2 ,+3
19.0822927 ,Left ,-3 ,0  ,+2 ,+7 ,0  ,+9 ,-4 ,-11
19.0822957 ,Left ,+2 ,+1 ,+4 ,+11 ,+12 ,0  ,+6 ,+1
19.0913458 ,Left ,-6 ,-3 ,-10 ,-31 ,-1 ,+2 ,-2 ,-1
19.091349 ,Left ,-2 ,+1 ,+6 ,+26 ,-8 ,-7 ,-7 ,+1
19.1062699 ,Left ,0  ,0  ,-4 ,-18 ,-2 ,+10 ,+7 ,0 
19.1062732 ,Left ,-6 ,-3 ,-4 ,-8 ,-5 ,-4 ,-11 ,-2
19.1077646 ,Left ,+4 ,0  ,+2 ,+7 ,-1 ,-2 ,+18 ,+2
19.1077678 ,Left ,+2 ,-1 ,0  ,+9 ,-7 ,+2 ,+14 ,-4
19.1286001 ,Left ,-4 ,-2 ,-3 ,-14 ,+3 ,+7 ,+11 ,+15
19.1286032 ,Left ,+3 ,-2 ,-8 ,-11 ,-1 ,-14 ,-52 ,-16
19.1302767 ,Left ,-5 ,-7 ,0  ,+44 ,-2 ,+12 ,-2 ,-4
19.1302795 ,Left ,0  ,+2 ,+3 ,-9 ,-10 ,+7 ,-18 ,+5
19.1425157 ,Left ,+2 ,-1 ,-3 ,+1 ,+19 ,-21 ,-15 ,-4
19.142519 ,Left ,-4 ,-2 ,-1 ,-5 ,-31 ,-10 ,+33 ,0 
19.151312 ,Left ,-6 ,+1 ,-6 ,-39 ,-6 ,+2 ,+7 ,+3
19.15137 ,Left ,+1 ,-2 ,+9 ,+60 ,-17 ,-13 ,-17 ,-2
19.1661045 ,Left ,-1 ,0  ,-2 ,-9 ,-9 ,-4 ,-28 ,-15
19.166108 ,Left ,-2 ,-5 ,-3 ,-3 ,+8 ,+8 ,0  ,+4
19.1677387 ,Left ,+3 ,+4 ,-1 ,-2 ,+2 ,-2 ,+25 ,+4
19.1677415 ,Left ,-4 ,-4 ,-10 ,-36 ,-11 ,-7 ,-9 ,-11
19.1888648 ,Left ,-2 ,-3 ,+2 ,+18 ,+5 ,+1 ,+9 ,-1
19.1888678 ,Left ,0  ,-4 ,0  ,+16 ,+10 ,-8 ,-4 ,-1
19.1903264 ,Left ,+4 ,+6 ,+9 ,-3 ,-29 ,+3 ,+3 ,+1
19.1903291 ,Left ,-3 ,0  ,-4 ,+54 ,+23 ,+8 ,+12 ,+1
19.2023767 ,Left ,-4 ,-4 ,-3 ,-33 ,-3 ,-8 ,-11 ,-4
19.2023799 ,Left ,+3 ,+18 ,+43 ,+13 ,+13 ,+4 ,+9 ,0 
19.2112478 ,Left ,-9 ,-18 ,-37 ,-31 ,+1 ,0  ,-18 ,-3
19.2112506 ,Left ,+6 ,+21 ,+11 ,-11 ,+13 ,+2 ,+3 ,+6
19.2256924 ,Left ,-4 ,-12 ,-20 ,+1 ,-16 ,-12 ,+3 ,-2
19.2256954 ,Left ,+2 ,+1 ,+14 ,+26 ,-13 ,+1 ,0  ,-1
19.2323224 ,Left ,-2 ,+1 ,+23 ,-9 ,+13 ,+4 ,-4 ,-2
19.2323255 ,Left ,-1 ,-7 ,+2 ,-17 ,-4 ,-4 ,+5 ,-1
19.2486114 ,Left ,-2 ,-8 ,-44 ,-50 ,-11 ,+2 ,+10 ,-1
19.2486142 ,Left ,-2 ,-2 ,+13 ,+28 ,+12 ,+5 ,+2 ,0 
19.2502028 ,Left ,0  ,+2 ,-6 ,-8 ,+3 ,-2 ,-12 ,-3
19.2502052 ,Left ,-4 ,-11 ,+4 ,+36 ,-11 ,-2 ,+4 ,-2
19.262309 ,Left ,+1 ,+6 ,+12 ,+16 ,+15 ,0  ,-2 ,0 
19.2623115 ,Left ,-1 ,0  ,+20 ,-3 ,-7 ,+1 ,-2 ,0 
19.2712489 ,Left ,-4 ,-10 ,-32 ,+12 ,-7 ,-6 ,-4 ,-1
19.2712514 ,Left ,-2 ,-1 ,-4 ,-13 ,+14 ,+4 ,-1 ,-1
19.2861414 ,Left ,+2 ,+6 ,+13 ,-20 ,-6 ,-1 ,+9 ,+1
19.286144 ,Left ,-1 ,-5 ,-20 ,-10 ,-2 ,0  ,-2 ,0 
19.2876516 ,Left ,+4 ,+6 ,+21 ,+5 ,0  ,+1 ,+1 ,+1
19.2876743 ,Left ,-5 ,-1 ,-1 ,+1 ,+5 ,+3 ,+2 ,-1
19.3087911 ,Left ,-1 ,-3 ,-4 ,+31 ,+5 ,+5 ,-3 ,-1
19.3087941 ,Left ,-2 ,-6 ,-21 ,-15 ,+7 ,+7 ,+3 ,-1
19.3102193 ,Left ,-2 ,-1 ,+9 ,+10 ,-4 ,-23 ,-11 ,-2
19.3102221 ,Left ,-1 ,0  ,-9 ,-8 ,+6 ,+5 ,0  ,+1
19.3222725 ,Left ,+2 ,+4 ,+11 ,-4 ,-5 ,-1 ,-1 ,-1
19.322275 ,Left ,-2 ,-3 ,-12 ,-2 ,0  ,0  ,-4 ,-3
19.3312078 ,Left ,-1 ,0  ,-5 ,-11 ,+1 ,+4 ,-3 ,-4
19.3312115 ,Left ,0  ,-2 ,-3 ,+4 ,-7 ,-4 ,-1 ,0 
19.3461702 ,Left ,-2 ,+2 ,+10 ,+1 ,-8 ,0  ,+1 ,-2
19.3461727 ,Left ,0  ,-2 ,-6 ,+8 ,+12 ,+2 ,+5 ,0 
19.3476502 ,Left ,-3 ,-3 ,-9 ,-19 ,0  ,+2 ,-1 ,-1
19.3476526 ,Left ,0  ,-4 ,-2 ,+2 ,0  ,-6 ,0  ,-1
19.369188 ,Left ,-1 ,+2 ,+12 ,+29 ,+24 ,+4 ,+1 ,-2
19.3691989 ,Left ,0  ,-2 ,-19 ,-18 ,+1 ,-3 ,-3 ,+1
19.3705245 ,Left ,-1 ,0  ,+10 ,+22 ,-30 ,-4 ,-2 ,-2
19.3706899 ,Left ,-1 ,-6 ,+1 ,-44 ,-6 ,-2 ,+1 ,0 
19.3824029 ,Left ,+1 ,+4 ,-2 ,+25 ,+8 ,-2 ,-2 ,-2
19.3824086 ,Left ,-1 ,-3 ,-4 ,0  ,-3 ,-4 ,+1 ,0 
19.391303 ,Left ,0  ,-3 ,+2 ,-4 ,+10 ,+4 ,-2 ,-1
19.3913939 ,Left ,+1 ,+1 ,+5 ,+7 ,-7 ,+1 ,0  ,0 
19.405657 ,Left ,-2 ,-8 ,-9 ,-13 ,-16 ,-6 ,-3 ,0 
19.4056603 ,Left ,-3 ,+1 ,+7 ,-15 ,-1 ,-2 ,-1 ,0 
19.4122136 ,Left ,+2 ,+2 ,-8 ,+14 ,+1 ,+3 ,+1 ,0 
19.4122166 ,Left ,-1 ,-1 ,-11 ,-14 ,-12 ,-1 ,0  ,-3
19.4300591 ,Left ,0  ,-1 ,+6 ,-7 ,-3 ,-5 ,-1 ,0 
19.4300619 ,Left ,-3 ,-2 ,-6 ,-30 ,+4 ,+1 ,+1 ,0 
19.4320844 ,Left ,-1 ,-5 ,-1 ,+14 ,-16 ,-1 ,-2 ,-3
19.4320867 ,Left ,0  ,+7 ,+5 ,+20 ,+15 ,-2 ,-9 ,+1
19.4422635 ,Left ,0  ,0  ,-2 ,+3 ,-8 ,-2 ,+7 ,-2
19.442266 ,Left ,-1 ,+1 ,+7 ,+7 ,+16 ,+3 ,0  ,0 
19.4512546 ,Left ,-2 ,-6 ,-14 ,-6 ,-21 ,-3 ,-3 ,0 
19.4513202 ,Left ,-1 ,-2 ,+1 ,0  ,+6 ,+5 ,-2 ,0 
19.4663249 ,Left ,-1 ,0  ,+1 ,-6 ,-16 ,-25 ,-7 ,-1
19.466328 ,Left ,0  ,-2 ,-7 ,+4 ,+4 ,0  ,-2 ,+1
19.4676716 ,Left ,0  ,+7 ,+9 ,-6 ,+17 ,0  ,0  ,-1
19.4676743 ,Left ,-1 ,-2 ,-5 ,-6 ,+6 ,0  ,+3 ,-1
19.4892014 ,Left ,+1 ,0  ,+13 ,+2 ,-23 ,+1 ,-1 ,+1
19.4892048 ,Left ,-1 ,-5 ,-13 ,-10 ,-10 ,-2 ,-1 ,-1
19.4906585 ,Left ,-3 ,-3 ,+4 ,+20 ,-1 ,+2 ,-2 ,-1
19.4907219 ,Left ,+1 ,+2 ,+3 ,-6 ,+7 ,+6 ,+2 ,-1
19.5111424 ,Left ,0  ,+4 ,+3 ,+8 ,+9 ,+4 ,0  ,0 
19.5111455 ,Left ,+1 ,+1 ,-3 ,+2 ,-11 ,+1 ,-2 ,-3
19.5126818 ,Left ,0  ,-1 ,+3 ,+16 ,+10 ,+3 ,0  ,-2
19.5126845 ,Left ,-2 ,-6 ,-4 ,-8 ,+33 ,+6 ,+3 ,0 
19.5336551 ,Left ,-2 ,-3 ,-6 ,-15 ,-14 ,-1 ,-2 ,-3
19.5336581 ,Left ,0  ,+3 ,-3 ,-13 ,-7 ,-3 ,0  ,0 
19.5351061 ,Left ,-1 ,-1 ,-6 ,-10 ,+12 ,+3 ,0  ,0 
19.5351087 ,Left ,-3 ,+3 ,+16 ,+4 ,+3 ,-4 ,+2 ,0 
19.5487681 ,Left ,-2 ,-3 ,+1 ,+33 ,+8 ,-1 ,-3 ,-1
19.5487711 ,Left ,-4 ,-4 ,-9 ,-1 ,-7 ,-3 ,-1 ,-2
19.5502001 ,Left ,+1 ,-3 ,0  ,-8 ,-2 ,0  ,+2 ,0 
19.5502028 ,Left ,-1 ,0  ,+1 ,-1 ,-21 ,-9 ,-3 ,+1
19.5711705 ,Left ,-1 ,-6 ,-14 ,-16 ,-7 ,+1 ,+1 ,0 
19.5711737 ,Left ,-2 ,+4 ,+4 ,+11 ,-5 ,+2 ,0  ,-1
19.5726878 ,Left ,+1 ,+2 ,+2 ,-8 ,+4 ,-2 ,-1 ,0 
19.5726903 ,Left ,-1 ,-5 ,-6 ,+6 ,-8 ,-1 ,0  ,-1
19.5853368 ,Left ,-1 ,0  ,+2 ,-6 ,+4 ,+4 ,-1 ,0 
19.5853398 ,Left ,-2 ,-3 ,0  ,+17 ,+8 ,-2 ,-7 ,-1
19.5923404 ,Left ,0  ,-2 ,-7 ,-23 ,0  ,-3 ,-1 ,-3
19.5923435 ,Left ,+1 ,+4 ,+6 ,+9 ,+1 ,-3 ,-1 ,-1
19.6085754 ,Left ,+1 ,+2 ,-8 ,-2 ,+8 ,+1 ,+1 ,-1
19.6085784 ,Left ,-4 ,-3 ,+2 ,-3 ,-20 ,-7 ,-7 ,-2
19.6100695 ,Left ,-2 ,-1 ,+13 ,+2 ,+6 ,-1 ,-2 ,0 
19.610096 ,Left ,-1 ,-1 ,-5 ,-1 ,-9 ,0  ,0  ,-2
19.6222122 ,Left ,-1 ,-1 ,+3 ,+4 ,+10 ,+1 ,-1 ,0 
19.6223119 ,Left ,0  ,-1 ,-1 ,-1 ,-8 ,+1 ,+1 ,-1
19.6313417 ,Left ,-2 ,-3 ,-1 ,-24 ,+29 ,-18 ,-7 ,-3
19.6313444 ,Left ,-3 ,-7 ,-11 ,-7 ,-20 ,-5 ,-1 ,-2
19.6535803 ,Left ,0  ,0  ,-4 ,-17 ,-2 ,+1 ,-1 ,-1
19.6535829 ,Left ,+3 ,-1 ,+2 ,+1 ,+2 ,-3 ,+1 ,-1
19.6552878 ,Left ,-3 ,-1 ,+1 ,+3 ,-6 ,+11 ,+3 ,0 
19.6553242 ,Left ,+1 ,+3 ,-5 ,-15 ,-10 ,-20 ,-8 ,-2
19.6688069 ,Left ,-3 ,-3 ,+2 ,+6 ,+5 ,+3 ,0  ,0 
19.6688096 ,Left ,0  ,-3 ,+2 ,-4 ,-3 ,+3 ,0  ,-2
19.6702632 ,Left ,+1 ,0  ,-17 ,-24 ,-2 ,-2 ,-2 ,-2
19.670266 ,Left ,-1 ,-1 ,+6 ,+25 ,-2 ,+3 ,+1 ,+1
19.68256 ,Left ,-5 ,-5 ,-6 ,-25 ,-21 ,-1 ,-4 ,-2
19.6825629 ,Left ,+1 ,+1 ,+4 ,+22 ,+14 ,-3 ,+2 ,+1
19.6915277 ,Left ,0  ,-1 ,+2 ,-3 ,-11 ,+3 ,+1 ,0 
19.6915307 ,Left ,-2 ,-2 ,-3 ,-3 ,-1 ,+4 ,+1 ,-1
19.7060927 ,Left ,+1 ,-1 ,+2 ,+13 ,+2 ,-3 ,-1 ,-1
19.7060954 ,Left ,-1 ,+1 ,-3 ,-25 ,-13 ,-1 ,-1 ,-2
19.707601 ,Left ,+2 ,-1 ,-5 ,+12 ,+22 ,-2 ,-2 ,-2
19.707634 ,Left ,0  ,+1 ,+3 ,+2 ,-2 ,+2 ,+1 ,-1
19.728642 ,Left ,-4 ,0  ,+1 ,+17 ,+1 ,-5 ,-1 ,-2
19.7286446 ,Left ,-1 ,-3 ,-4 ,-9 ,-2 ,-2 ,-1 ,-2
19.7301937 ,Left ,0  ,-1 ,-1 ,+4 ,-22 ,-1 ,0  ,+3
19.7301964 ,Left ,-1 ,-3 ,-4 ,-1 ,-2 ,-3 ,-2 ,-2
19.7423348 ,Left ,-2 ,-3 ,-5 ,-22 ,+11 ,+4 ,+1 ,-2
19.7423374 ,Left ,-1 ,+1 ,+2 ,+25 ,+2 ,-4 ,+1 ,0 
19.7512461 ,Left ,-1 ,+1 ,+4 ,+21 ,-2 ,-1 ,-3 ,0 
19.7512489 ,Left ,0  ,+2 ,+5 ,+1 ,+7 ,+1 ,-2 ,-1
19.7666216 ,Left ,-1 ,-6 ,-20 ,-25 ,-7 ,-1 ,-3 ,-1
19.7666247 ,Left ,-1 ,-4 ,-9 ,-6 ,+13 ,-1 ,-1 ,-3
19.7680604 ,Left ,-1 ,+1 ,+6 ,+7 ,-9 ,-2 ,-3 ,0 
19.7681009 ,Left ,+1 ,-2 ,+3 ,+23 ,-4 ,-1 ,+2 ,0 
19.7885606 ,Left ,-2 ,0  ,+7 ,-4 ,+2 ,+6 ,+1 ,0 
19.788564 ,Left ,+1 ,0  ,+2 ,-6 ,-3 ,-24 ,-4 ,-1
19.7900712 ,Left ,-4 ,-4 ,-17 ,-17 ,-3 ,+1 ,0  ,-2
19.7901505 ,Left ,-2 ,+2 ,+17 ,+25 ,-2 ,0  ,-2 ,0 
19.8111192 ,Left ,-1 ,+2 ,+1 ,+16 ,+2 ,-1 ,-1 ,-1
19.8111218 ,Left ,-4 ,-8 ,-21 ,-39 ,-2 ,+5 ,+1 ,-1
19.8126756 ,Left ,0  ,0  ,+9 ,+8 ,-3 ,-1 ,+1 ,+1
19.8126786 ,Left ,-1 ,0  ,-3 ,+16 ,+4 ,0  ,0  ,-1
19.8260651 ,Left ,+1 ,+1 ,+1 ,-20 ,-6 ,-3 ,-2 ,-2
19.8260683 ,Left ,-2 ,-2 ,+1 ,+2 ,-1 ,+2 ,0  ,-1
19.8275959 ,Left ,-1 ,0  ,+1 ,-1 ,+2 ,-1 ,-1 ,0 
19.8276711 ,Left ,-3 ,-5 ,-8 ,-13 ,-4 ,+1 ,+1 ,-2
19.848713 ,Left ,+1 ,+1 ,-3 ,+13 ,-2 ,-2 ,-2 ,0 
19.8487164 ,Left ,-1 ,+1 ,+1 ,-15 ,-4 ,+1 ,-4 ,+1
19.8501955 ,Left ,-2 ,0  ,0  ,-10 ,-3 ,0  ,+1 ,-2
19.8501986 ,Left ,-1 ,-4 ,-9 ,-11 ,-4 ,-2 ,-4 ,-1
19.8713677 ,Left ,0  ,-3 ,+5 ,+13 ,0  ,-2 ,-2 ,0 
19.8713708 ,Left ,-2 ,+2 ,-2 ,0  ,+7 ,+6 ,+8 ,-4
19.8727492 ,Left ,-3 ,-2 ,+1 ,-4 ,+2 ,+24 ,-3 ,+11
19.8727522 ,Left ,-3 ,-5 ,-10 ,+6 ,-12 ,-38 ,-11 ,-3
19.8862484 ,Left ,0  ,-1 ,-2 ,-34 ,-5 ,-4 ,+6 ,+4
19.8862513 ,Left ,+2 ,0  ,+2 ,+2 ,-1 ,+10 ,-14 ,-4
19.8876562 ,Left ,-1 ,-1 ,+2 ,-5 ,0  ,+6 ,+4 ,-9
19.8876587 ,Left ,-8 ,-1 ,-6 ,-11 ,-1 ,+14 ,+1 ,+2
19.9086015 ,Left ,+8 ,+2 ,+1 ,+6 ,+3 ,+10 ,+30 ,+1
19.9086042 ,Left ,-4 ,-3 ,+2 ,+21 ,-3 ,-37 ,-11 ,+1
19.9102114 ,Left ,-2 ,-3 ,-7 ,-16 ,-8 ,+1 ,-5 ,-7
19.9102142 ,Left ,+4 ,+1 ,0  ,-16 ,+2 ,-11 ,-14 ,+4
19.9311827 ,Left ,-1 ,+1 ,+4 ,+22 ,-7 ,-2 ,-8 ,-5
19.9311858 ,Left ,-5 ,-2 ,-4 ,-10 ,-4 ,+20 ,+8 ,-6
19.9327188 ,Left ,+2 ,-8 ,-7 ,+2 ,-27 ,+3 ,-2 ,+15
19.9327215 ,Left ,-2 ,-1 ,0  ,-6 ,+3 ,+4 ,-3 ,-11
19.9454723 ,Left ,-2 ,0  ,+4 ,0  ,+28 ,+27 ,+17 ,+17
19.945475 ,Left ,+6 ,+2 ,-5 ,-16 ,-32 ,-25 ,-17 ,-10
19.9523759 ,Left ,-2 ,+3 ,+1 ,-10 ,+6 ,-10 ,-7 ,-9
19.952379 ,Left ,-1 ,-3 ,-2 ,-11 ,-35 ,+4 ,+9 ,+4
19.9691672 ,Left ,-2 ,-1 ,-4 ,+17 ,+40 ,0  ,+2 ,-3
19.9691702 ,Left ,+1 ,-3 ,+3 ,+12 ,-2 ,+1 ,-1 ,+6
19.9707108 ,Left ,-1 ,-1 ,+5 ,-28 ,-13 ,-17 ,+2 ,-2
19.9707137 ,Left ,+5 ,+2 ,+2 ,-17 ,+3 ,+10 ,+13 ,+6
19.9910185 ,Left ,-5 ,-11 ,-17 ,-12 ,-14 ,-6 ,-15 ,-9
19.9911064 ,Left ,-1 ,+5 ,+9 ,-11 ,-2 ,+4 ,+4 ,+2
19.9927209 ,Left ,-2 ,-1 ,0  ,+64 ,+10 ,-2 ,0  ,0 
19.9927233 ,Left ,0  ,+5 ,-12 ,-37 ,+7 ,+3 ,0  ,-5
20.0061527 ,Left ,0  ,0  ,+20 ,+39 ,-26 ,-14 ,-19 ,-5
20.0061556 ,Left ,-3 ,-6 ,-26 ,-23 ,+25 ,+3 ,+3 ,+2
20.0122992 ,Left ,+1 ,+1 ,+21 ,+1 ,-9 ,-8 ,+7 ,-1
20.0123017 ,Left ,+1 ,+3 ,+9 ,+21 ,+8 ,+7 ,-6 ,0 
20.0288637 ,Left ,-4 ,-7 ,-42 ,-32 ,-8 ,-6 ,-6 ,-2
20.0288666 ,Left ,+1 ,+8 ,+67 ,+44 ,-2 ,+2 ,+6 ,+2
20.0303464 ,Left ,-3 ,-9 ,-68 ,-35 ,+14 ,0  ,-1 ,-5
20.030349 ,Left ,-4 ,-5 ,-5 ,-4 ,+1 ,-2 ,0  ,-3
20.0511998 ,Left ,0  ,+3 ,+12 ,-9 ,-8 ,-4 ,-4 ,0 
20.051202 ,Left ,0  ,+1 ,0  ,+16 ,+2 ,+3 ,+2 ,-2
20.0526631 ,Left ,-1 ,+3 ,+22 ,+10 ,+3 ,-4 ,-6 ,-2
20.0526652 ,Left ,0  ,-2 ,+3 ,+10 ,-2 ,+1 ,+1 ,0 
20.0660281 ,Left ,0  ,+2 ,-4 ,+9 ,0  ,-3 ,+2 ,0 
20.0660307 ,Left ,-2 ,-3 ,-8 ,+14 ,+2 ,+12 ,0  ,+1
20.067603 ,Left ,-3 ,+1 ,0  ,-20 ,-2 ,-25 ,-5 ,-4
20.0676058 ,Left ,-6 ,-4 ,-7 ,+26 ,+5 ,+1 ,+3 ,+2
20.0888495 ,Left ,+3 ,+5 ,+17 ,-5 ,-3 ,-2 ,-10 ,+2
20.0888522 ,Left ,-4 ,-6 ,-12 ,+20 ,+5 ,+9 ,+14 ,-1
20.0903452 ,Left ,+3 ,-1 ,-2 ,-35 ,0  ,0  ,-1 ,+1
20.0903481 ,Left ,0  ,-3 ,+1 ,-3 ,-1 ,+5 ,0  ,+5
20.1113411 ,Left ,-1 ,+3 ,+9 ,+25 ,+2 ,-5 ,-3 ,-2
20.1113439 ,Left ,-1 ,-1 ,-6 ,-11 ,-1 ,+3 ,+1 ,+4
20.1127652 ,Left ,0  ,+1 ,-6 ,+2 ,-1 ,+4 ,-1 ,-4
20.1127686 ,Left ,0  ,-3 ,-1 ,-2 ,-1 ,-3 ,0  ,-4
20.1256307 ,Left ,-3 ,+2 ,+3 ,+17 ,-1 ,-1 ,-2 ,-1
20.1256335 ,Left ,+3 ,-3 ,-13 ,-45 ,-3 ,-7 ,-7 ,-1
20.1325791 ,Left ,+1 ,+2 ,+14 ,+26 ,+7 ,+12 ,+2 ,-3
20.1325819 ,Left ,0  ,-4 ,-6 ,-34 ,+1 ,-5 ,+3 ,-2
20.1486894 ,Left ,-3 ,-3 ,-9 ,-2 ,-8 ,-9 ,0  ,-3
20.148692 ,Left ,-3 ,-2 ,0  ,+16 ,-1 ,+3 ,-3 ,-3
20.150245 ,Left ,-1 ,-2 ,-4 ,-9 ,-3 ,-1 ,-3 ,+2
20.1502689 ,Left ,0  ,+1 ,-2 ,-2 ,-5 ,+5 ,0  ,0 
20.1711176 ,Left ,0  ,-1 ,+7 ,-1 ,+11 ,-3 ,-8 ,-3
20.1711206 ,Left ,+3 ,+2 ,-16 ,-6 ,-4 ,-3 ,+3 ,0 
20.1726466 ,Left ,-2 ,-3 ,-1 ,+16 ,+4 ,+2 ,+1 ,+2
20.172649 ,Left ,0  ,0  ,-6 ,-5 ,-3 ,-1 ,-10 ,-5
20.1853838 ,Left ,0  ,-2 ,+3 ,+4 ,-2 ,0  ,+6 ,-1
20.1853862 ,Left ,-2 ,-3 ,-2 ,-14 ,-5 ,-3 ,-2 ,-1
20.1923157 ,Left ,-2 ,+2 ,+14 ,+34 ,+9 ,+4 ,+7 ,+1
20.1923181 ,Left ,0  ,+3 ,+10 ,-19 ,-6 ,-5 ,-12 ,-3
20.2086957 ,Left ,-1 ,-5 ,-14 ,-19 ,-5 ,+8 ,+6 ,0 
20.2086988 ,Left ,-1 ,-3 ,0  ,+9 ,+3 ,-30 ,-14 ,-4
20.2102247 ,Left ,+1 ,+1 ,-6 ,-16 ,-9 ,+5 ,-7 ,-13
20.2102271 ,Left ,-3 ,-4 ,+6 ,+5 ,+1 ,-6 ,+6 ,+17
20.2311638 ,Left ,0  ,0  ,+4 ,+8 ,-1 ,-11 ,-8 ,+1
20.2311666 ,Left ,+1 ,+2 ,0  ,-18 ,+1 ,+5 ,+15 ,-3
20.2327224 ,Left ,+1 ,+2 ,+4 ,+11 ,-5 ,+4 ,+20 ,+5
20.2328208 ,Left ,-12 ,-3 ,-10 ,-25 ,+7 ,-22 ,-35 ,-11
20.2456703 ,Left ,+11 ,-4 ,-4 ,+13 ,+1 ,+11 ,-18 ,-20
20.2456732 ,Left ,+2 ,+5 ,+2 ,+9 ,-5 ,-40 ,+7 ,+29
20.252505 ,Left ,0  ,0  ,+1 ,-30 ,+14 ,-11 ,-5 ,+4
20.2525078 ,Left ,+4 ,+1 ,-4 ,-20 ,+18 ,+8 ,+11 ,+5
20.2687967 ,Left ,-7 ,-3 ,-6 ,-20 ,-7 ,+16 ,+22 ,-5
20.2688003 ,Left ,-4 ,-4 ,+1 ,+31 ,-5 ,+4 ,-17 ,-14
20.2703314 ,Left ,+2 ,-1 ,+3 ,+28 ,+29 ,-2 ,+4 ,+1
20.2703341 ,Left ,+1 ,0  ,-4 ,-18 ,+1 ,+2 ,+11 ,-1
20.2911344 ,Left ,-3 ,-3 ,-1 ,+20 ,-2 ,-13 ,-7 ,0 
20.2911378 ,Left ,-3 ,-3 ,-4 ,-9 ,-1 ,+15 ,-2 ,-4
20.292674 ,Left ,-5 ,-4 ,-7 ,-2 ,-29 ,-5 ,+3 ,+3
20.2926765 ,Left ,0  ,-6 ,-4 ,+10 ,+9 ,+5 ,+3 ,-7
20.3054998 ,Left ,+2 ,+15 ,+35 ,-22 ,-8 ,-8 ,-7 ,+3
20.3055028 ,Left ,-5 ,-10 ,-16 ,-10 ,-6 ,+8 ,+1 ,+2
20.3199651 ,Left ,-5 ,-8 ,-17 ,-19 ,+2 ,-2 ,-8 ,-4
20.319968 ,Left ,+2 ,+1 ,-6 ,+1 ,-8 ,+2 ,-1 ,-5
20.3286266 ,Left ,+2 ,+12 ,+59 ,+39 ,-8 ,-6 ,+2 ,+5
20.3286294 ,Left ,-2 ,-20 ,-77 ,-71 ,+10 ,+9 ,+1 ,-1
20.3302361 ,Left ,0  ,+4 ,+11 ,+11 ,-2 ,0  ,-6 ,-2
20.3302387 ,Left ,-1 ,-2 ,+12 ,+12 ,-16 ,-1 ,+2 ,-4
20.3511211 ,Left ,-6 ,-1 ,+17 ,+26 ,-2 ,+1 ,+5 ,+5
20.3511238 ,Left ,+1 ,+6 ,+21 ,+51 ,+12 ,+4 ,-12 ,-5
20.3525979 ,Left ,0  ,-8 ,-29 ,-29 ,-11 ,-2 ,+7 ,-5
20.3526004 ,Left ,+3 ,+5 ,0  ,+13 ,+3 ,+16 ,+4 ,+2
20.3654556 ,Left ,-1 ,-5 ,-1 ,+3 ,-4 ,-36 ,-6 ,-1
20.3654584 ,Left ,-1 ,+4 ,+20 ,+11 ,+3 ,+5 ,-8 ,-3
20.3725453 ,Left ,-1 ,+2 ,-1 ,-6 ,-5 ,-3 ,-2 ,0 
20.3725484 ,Left ,-7 ,+1 ,+15 ,+40 ,-4 ,+9 ,-4 ,-19
20.3887895 ,Left ,+5 ,-5 ,-36 ,-48 ,-4 ,+17 ,+14 ,+33
20.3887924 ,Left ,+2 ,0  ,+4 ,-2 ,+14 ,+14 ,+11 ,-11
20.3902292 ,Left ,-3 ,+5 ,+13 ,-25 ,-4 ,+2 ,-25 ,-9
20.3902322 ,Left ,-1 ,-5 ,-8 ,+24 ,-1 ,-16 ,+37 ,+18
20.4111726 ,Left ,-4 ,-5 ,-21 ,-11 ,+12 ,+27 ,-42 ,-29
20.4111758 ,Left ,+1 ,+3 ,+5 ,-8 ,-30 ,-46 ,-1 ,+15
20.4127208 ,Left ,-3 ,-1 ,+11 ,+14 ,-10 ,-3 ,-51 ,-14
20.4127234 ,Left ,0  ,-4 ,-7 ,+1 ,+33 ,+9 ,-12 ,-4
20.4247598 ,Left ,-2 ,-2 ,-18 ,-12 ,+8 ,-8 ,+28 ,+13
20.4247628 ,Left ,-1 ,+2 ,+18 ,+2 ,-43 ,-6 ,-11 ,-4
20.4337545 ,Left ,-3 ,-2 ,-3 ,-8 ,+27 ,+2 ,+13 ,-7
20.4337579 ,Left ,+1 ,0  ,+3 ,+21 ,-14 ,+1 ,+12 ,-1
20.4487374 ,Left ,-3 ,-5 ,-5 ,+12 ,-3 ,-17 ,-17 ,-5
20.4487402 ,Left ,0  ,+4 ,+5 ,-4 ,+15 ,+22 ,+11 ,+2
20.4503144 ,Left ,+2 ,-1 ,+7 ,+32 ,-14 ,-8 ,+12 ,+9
20.4503188 ,Left ,-2 ,-4 ,-13 ,-46 ,-18 ,-9 ,-20 ,-6
20.4713449 ,Left ,-2 ,-3 ,-8 ,-21 ,+9 ,+20 ,+19 ,0 
20.4713479 ,Left ,-1 ,-2 ,+2 ,-7 ,-10 ,-6 ,-6 ,-3
20.4727582 ,Left ,0  ,+5 ,-3 ,+20 ,-1 ,0  ,+7 ,+2
20.4727619 ,Left ,+5 ,+10 ,+41 ,-4 ,+6 ,-1 ,0  ,+6
20.4850478 ,Left ,-2 ,0  ,-9 ,+62 ,-7 ,-8 ,-6 ,-9
20.4850506 ,Left ,-5 ,-15 ,-53 ,-51 ,+4 ,+5 ,+4 ,-3
20.4937853 ,Left ,+5 ,+9 ,+47 ,+19 ,+3 ,-6 ,-1 ,+7
20.4937881 ,Left ,-6 ,-12 ,-41 ,-42 ,-9 ,+2 ,-1 ,-2
20.508801 ,Left ,-3 ,-9 ,-42 ,-35 ,+1 ,-5 ,+2 ,-3
20.5088041 ,Left ,0  ,+5 ,+15 ,-11 ,+5 ,+2 ,-4 ,-3
20.5103253 ,Left ,-3 ,-6 ,+16 ,+63 ,-40 ,+4 ,+8 ,+3
20.5103281 ,Left ,+1 ,-1 ,-4 ,-16 ,-6 ,-7 ,-5 ,-1
20.5311313 ,Left ,+2 ,+6 ,+13 ,-32 ,+5 ,-2 ,+5 ,0 
20.5311347 ,Left ,-2 ,-3 ,+7 ,+12 ,+5 ,+2 ,-1 ,+1
20.5326987 ,Left ,-4 ,-4 ,-12 ,+6 ,+24 ,+15 ,+8 ,-1
20.5327017 ,Left ,+1 ,+4 ,+15 ,+11 ,-17 ,-29 ,-16 ,0 
20.5452365 ,Left ,0  ,0  ,+3 ,+1 ,+31 ,+11 ,+13 ,+1
20.5452391 ,Left ,-2 ,+3 ,+10 ,-15 ,+11 ,+14 ,+21 ,+1
20.553789 ,Left ,+1 ,0  ,-2 ,+1 ,+17 ,+2 ,+47 ,+8
20.5537954 ,Left ,-1 ,-3 ,-10 ,-1 ,-33 ,+3 ,-88 ,-11
20.5685524 ,Left ,-1 ,-3 ,-5 ,-16 ,+21 ,+16 ,+36 ,+1
20.568555 ,Left ,-5 ,+2 ,+19 ,+46 ,-45 ,+10 ,-33 ,+10
20.5701144 ,Left ,+1 ,-7 ,-25 ,-33 ,-5 ,-32 ,+1 ,-10
20.5701369 ,Left ,-2 ,-1 ,-3 ,+20 ,+17 ,+6 ,+42 ,+13
20.5988305 ,Left ,-3 ,-2 ,+7 ,+11 ,-22 ,+10 ,-31 ,-22
20.598839 ,Left ,+3 ,+1 ,-3 ,+1 ,-2 ,-8 ,+3 ,+15
20.6003437 ,Left ,-4 ,-3 ,-12 ,-56 ,-18 ,+6 ,-22 ,-7
20.6003465 ,Left ,+7 ,0  ,+4 ,+12 ,0  ,0  ,-5 ,0 
20.6048448 ,Left ,+1 ,0  ,+7 ,+9 ,-11 ,+4 ,-1 ,+9
20.6048476 ,Left ,-4 ,-3 ,-1 ,+8 ,+11 ,-1 ,+17 ,-15
20.6137271 ,Left ,+4 ,+1 ,-4 ,-10 ,+7 ,+6 ,-4 ,+8
20.613731 ,Left ,-8 ,-2 ,+3 ,+9 ,+4 ,-1 ,+9 ,-17
20.6288602 ,Left ,+3 ,+2 ,0  ,-6 ,-5 ,0  ,+24 ,+22
20.6288636 ,Left ,-5 ,-7 ,-6 ,+2 ,+5 ,+1 ,-15 ,-14
20.6303471 ,Left ,-4 ,+1 ,-3 ,-12 ,-1 ,-10 ,-3 ,-2
20.6303498 ,Left ,-1 ,+2 ,-4 ,-25 ,-4 ,+3 ,+1 ,+2
20.6510743 ,Left ,-2 ,-3 ,0  ,+38 ,-8 ,-11 ,-7 ,-8
20.6510772 ,Left ,-2 ,-1 ,+5 ,+9 ,+2 ,+4 ,0  ,+1
20.6526573 ,Left ,0  ,-2 ,-1 ,-18 ,-6 ,-3 ,-18 ,-3
20.6526597 ,Left ,-2 ,0  ,-5 ,+46 ,+5 ,+3 ,+19 ,0 
20.6650673 ,Left ,-3 ,-1 ,-4 ,-8 ,0  ,-9 ,-11 ,-3
20.6650703 ,Left ,+3 ,-1 ,+4 ,+30 ,+10 ,+6 ,+5 ,-2
20.6737056 ,Left ,+2 ,+6 ,+12 ,-15 ,+2 ,+7 ,0  ,+5
20.673708 ,Left ,+1 ,+5 ,+5 ,+18 ,+4 ,-8 ,+3 ,+1
20.6890252 ,Left ,-3 ,-8 ,-22 ,-22 ,+4 ,-4 ,-6 ,-3
20.6890553 ,Left ,+1 ,+3 ,+10 ,+1 ,0  ,-8 ,-2 ,-6
20.6946828 ,Left ,0  ,-5 ,-12 ,-15 ,-4 ,+1 ,-2 ,0 
20.6946873 ,Left ,-1 ,-1 ,0  ,-31 ,+6 ,-1 ,+6 ,+4
20.7113732 ,Left ,-6 ,-1 ,+4 ,+32 ,-12 ,-15 ,-12 ,-6
20.7113763 ,Left ,+2 ,+4 ,+22 ,-9 ,+2 ,+7 ,-1 ,-3
20.712771 ,Left ,-3 ,-9 ,-25 ,-3 ,-5 ,-12 ,-6 ,-1
20.7127739 ,Left ,-2 ,+5 ,+28 ,-16 ,+3 ,-15 ,-18 ,-5
20.7249227 ,Left ,-1 ,-10 ,-32 ,-47 ,-5 ,+2 ,+6 ,-1
20.7249254 ,Left ,-1 ,-2 ,-5 ,+6 ,+1 ,0  ,+4 ,0 
20.7338055 ,Left ,-1 ,+4 ,+19 ,+12 ,+10 ,-30 ,-9 ,-2
20.7338083 ,Left ,-2 ,-4 ,-9 ,-27 ,-31 ,+1 ,+7 ,0 
20.7479429 ,Left ,-2 ,+5 ,+31 ,+30 ,-2 ,0  ,-3 ,-14
20.7479459 ,Left ,+4 ,+3 ,-5 ,-6 ,+4 ,-11 ,+3 ,+16
20.7548265 ,Left ,-2 ,-2 ,-8 ,+4 ,+4 ,+12 ,+3 ,-1
20.7548296 ,Left ,0  ,-4 ,-8 ,-2 ,+3 ,+2 ,+2 ,-6
20.7711159 ,Left ,-2 ,+1 ,0  ,-15 ,-6 ,-8 ,-4 ,-2
20.7711189 ,Left ,-3 ,-2 ,-10 ,-6 ,-2 ,+2 ,-7 ,-5
20.7726482 ,Left ,-3 ,-4 ,-5 ,+15 ,-2 ,+4 ,-1 ,-2
20.7726784 ,Left ,+2 ,+1 ,-1 ,-1 ,+3 ,+1 ,+6 ,0 
20.7850451 ,Left ,+1 ,+1 ,+7 ,+16 ,-3 ,-1 ,-4 ,+4
20.7850484 ,Left ,-1 ,-3 ,-9 ,-16 ,+2 ,-4 ,+1 ,-4
20.7938272 ,Left ,-5 ,0  ,+5 ,-3 ,-3 ,0  ,+2 ,+1
20.7938303 ,Left ,-3 ,-3 ,-1 ,+49 ,+7 ,+2 ,+5 ,-1
20.8080036 ,Left ,+1 ,-2 ,-6 ,-34 ,-3 ,+6 ,-6 ,+1
20.8080072 ,Left ,-1 ,-1 ,+2 ,+9 ,+2 ,-22 ,-6 ,0 
20.8148645 ,Left ,-2 ,-1 ,+1 ,+8 ,-3 ,+5 ,-3 ,-4
20.8148679 ,Left ,-1 ,-3 ,-10 ,-4 ,+2 ,+8 ,+7 ,+3
20.8311515 ,Left ,+3 ,+3 ,+7 ,+30 ,-4 ,-1 ,-5 ,-1
20.8311551 ,Left ,-2 ,-4 ,-1 ,-6 ,-2 ,+1 ,0  ,-4
20.832759 ,Left ,+2 ,+2 ,-3 ,-2 ,-5 ,+4 ,+3 ,+2
20.8327623 ,Left ,-3 ,-3 ,-3 ,+1 ,+3 ,+6 ,+3 ,0 
20.8536316 ,Left ,-3 ,-1 ,0  ,-16 ,-3 ,-31 ,-10 ,-1
20.8536349 ,Left ,0  ,+1 ,-4 ,-17 ,-4 ,-17 ,+3 ,-1
20.8554181 ,Left ,+2 ,-1 ,+6 ,+19 ,+7 ,+19 ,-4 ,0 
20.8554526 ,Left ,-3 ,-3 ,0  ,-6 ,+24 ,+7 ,-1 ,-3
20.8672625 ,Left ,0  ,-3 ,-26 ,-51 ,-28 ,0  ,-6 ,-1
20.8672651 ,Left ,-1 ,-2 ,-7 ,+11 ,-4 ,-4 ,+10 ,-2
20.8824477 ,Left ,0  ,-4 ,-1 ,-1 ,+1 ,-1 ,-2 ,-2
20.8824512 ,Left ,0  ,-2 ,-6 ,-4 ,-1 ,-3 ,0  ,0 
20.8911389 ,Left ,+1 ,+4 ,+17 ,+19 ,+9 ,+4 ,+2 ,+2
20.8911422 ,Left ,-1 ,0  ,0  ,-5 ,0  ,+3 ,-1 ,-4
20.8926722 ,Left ,-4 ,-1 ,-7 ,-22 ,-11 ,+4 ,+4 ,0 
20.8927214 ,Left ,-1 ,0  ,+7 ,+39 ,-4 ,-8 ,-5 ,0 
20.9136239 ,Left ,0  ,-4 ,-5 ,-13 ,-4 ,-3 ,+3 ,-6
20.9136266 ,Left ,-3 ,-3 ,-3 ,-2 ,+16 ,+5 ,-2 ,0 
20.9152405 ,Left ,0  ,+1 ,+4 ,-12 ,0  ,-7 ,+2 ,-1
20.9152432 ,Left ,0  ,0  ,-5 ,+3 ,-7 ,+2 ,-8 ,-11
20.9273172 ,Left ,0  ,-1 ,+1 ,-28 ,+1 ,+3 ,+3 ,+15
20.9273196 ,Left ,+1 ,0  ,+5 ,+40 ,0  ,+4 ,-3 ,-4
20.9361491 ,Left ,-1 ,-4 ,-6 ,-14 ,+1 ,-4 ,-15 ,-1
20.9362169 ,Left ,-4 ,-3 ,-1 ,+25 ,+8 ,-10 ,+3 ,-8
20.9512892 ,Left ,+4 ,+1 ,+7 ,+2 ,-26 ,0  ,+1 ,+7
20.951292 ,Left ,-4 ,-2 ,-6 ,-42 ,-8 ,+5 ,+11 ,-4
20.9527506 ,Left ,-3 ,-3 ,-9 ,-6 ,-8 ,+2 ,-1 ,-2
20.9527537 ,Left ,+5 ,+4 ,+3 ,-11 ,-5 ,-13 ,+29 ,+4
20.9737387 ,Left ,-7 ,-5 ,-2 ,+14 ,+8 ,+13 ,-50 ,-18
20.9737418 ,Left ,+4 ,+4 ,+2 ,-2 ,-5 ,-7 ,+8 ,+12
20.9753532 ,Left ,-1 ,+1 ,+4 ,+27 ,-7 ,+4 ,+39 ,+7
20.9753562 ,Left ,+2 ,-1 ,-9 ,-65 ,+5 ,-21 ,-57 ,0 
20.9879353 ,Left ,-7 ,-2 ,+4 ,+8 ,+12 ,+39 ,+14 ,-19
20.9879386 ,Left ,+1 ,-2 ,+1 ,+38 ,+24 ,+5 ,+12 ,+4
20.9947767 ,Left ,+2 ,+3 ,+4 ,-10 ,+1 ,+4 ,-17 ,-8
20.9947801 ,Left ,+1 ,+1 ,-3 ,0  ,-9 ,+7 ,+24 ,+11
21.0114003 ,Left ,+2 ,+2 ,-1 ,-20 ,+9 ,-20 ,+3 ,-4
21.0114036 ,Left ,-3 ,-2 ,+4 ,+31 ,+2 ,-3 ,-20 ,-7
21.0127944 ,Left ,-2 ,-3 ,0  ,+33 ,+11 ,0  ,+5 ,+2
21.0127977 ,Left ,+1 ,-8 ,-10 ,-94 ,-9 ,0  ,+4 ,-1
21.034195 ,Left ,+1 ,+11 ,+7 ,+29 ,-7 ,-9 ,-6 ,+3
21.0342063 ,Left ,-4 ,0  ,+8 ,-2 ,-15 ,+1 ,-2 ,-5
21.0355771 ,Left ,+5 ,+6 ,-7 ,-24 ,+8 ,-10 ,-1 ,0 
21.0356695 ,Left ,-10 ,-14 ,+12 ,+72 ,-5 ,+2 ,-11 ,-5
21.0474257 ,Left ,+4 ,+9 ,+5 ,-24 ,+5 ,-7 ,+8 ,+3
21.0474304 ,Left ,-4 ,-12 ,-29 ,-15 ,-4 ,+1 ,-5 ,-3
21.0564461 ,Left ,-3 ,-7 ,+17 ,+4 ,-6 ,-5 ,-7 ,-2
21.0564509 ,Left ,+6 ,+23 ,+7 ,+21 ,+2 ,+8 ,0  ,+4
21.0712867 ,Left ,-5 ,-17 ,-23 ,+2 ,+3 ,-2 ,+9 ,+2
21.0712898 ,Left ,-1 ,+4 ,-2 ,-46 ,-9 ,-6 ,-5 ,-4
21.0727811 ,Left ,-6 ,-18 ,-72 ,-36 ,-6 ,-2 ,-10 ,-5
21.0727839 ,Left ,0  ,+7 ,+61 ,+75 ,+6 ,+2 ,+3 ,0 
21.0937307 ,Left ,-1 ,-5 ,-35 ,-25 ,-5 ,-7 ,+5 ,+2
21.0937335 ,Left ,-3 ,0  ,+4 ,-6 ,-9 ,-3 ,-9 ,-3
21.0953461 ,Left ,0  ,+6 ,+14 ,-30 ,0  ,-2 ,+1 ,+2
21.095349 ,Left ,-2 ,-5 ,-10 ,-9 ,-1 ,+3 ,+2 ,0 
21.1080884 ,Left ,-1 ,+5 ,+18 ,+24 ,+2 ,+1 ,+5 ,+1
21.1080911 ,Left ,+1 ,-3 ,-9 ,-5 ,-2 ,+1 ,-2 ,-1
21.1146718 ,Left ,+1 ,+5 ,+15 ,+4 ,+10 ,+2 ,+2 ,+2
21.1147261 ,Left ,-1 ,-1 ,-14 ,+23 ,+7 ,-1 ,-5 ,0 
21.1312112 ,Left ,-4 ,-6 ,+6 ,-18 ,-19 ,+5 ,-2 ,0 
21.1312139 ,Left ,-1 ,-1 ,-11 ,-22 ,+5 ,0  ,-1 ,-1
21.1326812 ,Left ,-4 ,-3 ,+11 ,+20 ,-3 ,-5 ,0  ,-1
21.1326834 ,Left ,-2 ,0  ,-13 ,+1 ,-4 ,+4 ,-2 ,-1
21.1545376 ,Left ,+2 ,-4 ,-7 ,-7 ,+10 ,-9 ,+1 ,+2
21.1545404 ,Left ,0  ,+3 ,+9 ,+14 ,+12 ,+5 ,-1 ,+2
21.1559452 ,Left ,+2 ,+2 ,+8 ,+9 ,-2 ,-1 ,-5 ,-4
21.1559479 ,Left ,-6 ,-9 ,-22 ,-17 ,-1 ,+1 ,-1 ,-4
21.1682117 ,Left ,-1 ,+2 ,+4 ,+2 ,+2 ,+2 ,+6 ,+1
21.1682147 ,Left ,+3 ,+3 ,+10 ,-8 ,+6 ,-19 ,-8 ,-9
21.1748433 ,Left ,-2 ,-2 ,-3 ,+17 ,-6 ,0  ,-3 ,-11
21.1748461 ,Left ,-2 ,-3 ,-15 ,-32 ,-12 ,-6 ,+8 ,+13
21.1993315 ,Left ,-2 ,-2 ,+9 ,+14 ,+8 ,-2 ,+3 ,-4
21.1993346 ,Left ,-2 ,+1 ,+3 ,0  ,-5 ,+6 ,-1 ,+2
21.2008137 ,Left ,-1 ,-3 ,-9 ,+5 ,-7 ,-1 ,-5 ,+1
21.2008175 ,Left ,+4 ,-1 ,+2 ,-13 ,-5 ,-11 ,-2 ,-7
21.2138708 ,Left ,-5 ,0  ,+2 ,+13 ,-5 ,-10 ,-14 ,-4
21.2138757 ,Left ,0  ,-1 ,-1 ,-9 ,-6 ,+2 ,0  ,-5
21.2152562 ,Left ,-5 ,+1 ,+2 ,+16 ,-1 ,+5 ,+12 ,+5
21.2152589 ,Left ,0  ,-1 ,-5 ,-6 ,0  ,+11 ,-4 ,-3
21.2274896 ,Left ,-3 ,-2 ,-2 ,-8 ,-4 ,-9 ,+70 ,-2
21.2274924 ,Left ,+2 ,-1 ,-1 ,+9 ,-2 ,-19 ,-99 ,-1
21.2362112 ,Left ,+2 ,-1 ,+4 ,+1 ,+1 ,+27 ,+78 ,+7
21.2362139 ,Left ,-5 ,-2 ,-5 ,-12 ,-7 ,-16 ,-74 ,-15
21.2513811 ,Left ,-2 ,-7 ,-4 ,+19 ,+8 ,+1 ,+21 ,-6
21.2513841 ,Left ,-3 ,-2 ,-6 ,-2 ,-16 ,+21 ,+4 ,-12
21.2527768 ,Left ,+3 ,+6 ,+9 ,+8 ,+2 ,-26 ,-33 ,-2
21.2527796 ,Left ,-2 ,-3 ,-3 ,-23 ,-2 ,-3 ,+19 ,+1
21.2736533 ,Left ,-4 ,-4 ,-6 ,+18 ,-3 ,+4 ,-14 ,-2
21.273656 ,Left ,0  ,-1 ,0  ,-10 ,+1 ,-7 ,+18 ,+3
21.2752278 ,Left ,+1 ,0  ,+5 ,+19 ,+5 ,-12 ,-26 ,+1
21.2752309 ,Left ,0  ,+1 ,-13 ,-28 ,-3 ,+10 ,+28 ,+3
21.2875644 ,Left ,-1 ,-11 ,-2 ,-21 ,+8 ,-15 ,-44 ,-4
21.2875676 ,Left ,-1 ,-5 ,-19 ,+25 ,-14 ,+4 ,+25 ,+1
21.3038488 ,Left ,+12 ,+34 ,+27 ,-48 ,-17 ,+3 ,+7 ,+8
21.3038514 ,Left ,-5 ,-16 ,-12 ,-23 ,+32 ,-1 ,-3 ,-2
21.3109302 ,Left ,+4 ,+19 ,+26 ,+38 ,+8 ,+9 ,-2 ,+5
21.3109327 ,Left ,-6 ,-24 ,-29 ,-23 ,+4 ,-2 ,+10 ,+5
21.3172457 ,Left ,-5 ,-14 ,-22 ,+70 ,+2 ,+3 ,-4 ,-7
21.3172482 ,Left ,+5 ,+11 ,-22 ,-73 ,-18 ,-5 ,-1 ,0 
21.3338487 ,Left ,-2 ,-11 ,-9 ,-32 ,-8 ,-4 ,-12 ,+2
21.3338515 ,Left ,+3 ,+12 ,+40 ,+29 ,+5 ,+3 ,+17 ,+2
21.335351 ,Left ,-5 ,-12 ,-1 ,+9 ,+7 ,-6 ,-16 ,-3
21.3353537 ,Left ,-4 ,-6 ,+5 ,+61 ,-3 ,+2 ,+11 ,-3
21.347253 ,Left ,0  ,-9 ,-56 ,-45 ,-2 ,+1 ,-2 ,+2
21.3472554 ,Left ,-2 ,+6 ,-12 ,-55 ,-7 ,-5 ,-1 ,0 
21.3562642 ,Left ,0  ,0  ,+17 ,+7 ,+1 ,-2 ,-2 ,-2
21.3562669 ,Left ,+2 ,+6 ,+56 ,+63 ,-6 ,0  ,+3 ,+2
21.3712227 ,Left ,-1 ,-2 ,-44 ,-19 ,-6 ,+6 ,+1 ,-2
21.3712251 ,Left ,0  ,+1 ,+19 ,+14 ,+1 ,-7 ,+2 ,-1
21.3726857 ,Left ,-1 ,-7 ,-13 ,-25 ,+1 ,+1 ,+3 ,-1
21.372688 ,Left ,+2 ,+3 ,+14 ,+12 ,0  ,+11 ,+6 ,+1
21.3936579 ,Left ,-1 ,+4 ,+17 ,+24 ,-1 ,-2 ,-11 ,+1
21.3936609 ,Left ,0  ,+2 ,-6 ,+13 ,+1 ,+1 ,+8 ,-1
21.395258 ,Left ,-1 ,-5 ,-8 ,-54 ,-2 ,-3 ,+2 ,0 
21.3952605 ,Left ,-3 ,-4 ,-21 ,-35 ,-11 ,+5 ,-1 ,-1
21.4161086 ,Left ,+4 ,+1 ,+22 ,+30 ,+5 ,0  ,-3 ,0 
21.4161116 ,Left ,-3 ,-1 ,+1 ,+40 ,-2 ,-4 ,0  ,-1
21.4177728 ,Left ,-3 ,+1 ,+2 ,-11 ,+9 ,+1 ,-7 ,-4
21.4177759 ,Left ,-1 ,-4 ,-9 ,-13 ,-11 ,-6 ,+2 ,-1
21.4313869 ,Left ,0  ,+1 ,+4 ,-9 ,+1 ,-5 ,-4 ,0 
21.43139 ,Left ,0  ,-1 ,+4 ,-6 ,+2 ,0  ,+5 ,0 
21.4327835 ,Left ,-1 ,-3 ,-8 ,+6 ,+2 ,0  ,-7 ,0 
21.4327863 ,Left ,-2 ,0  ,-5 ,+10 ,-2 ,-5 ,+2 ,0 
21.4538752 ,Left ,0  ,+3 ,+12 ,-2 ,-3 ,-4 ,0  ,0 
21.4538787 ,Left ,-2 ,-1 ,-2 ,-17 ,-1 ,+4 ,0  ,-1
21.4553414 ,Left ,-3 ,-5 ,-8 ,0  ,-16 ,-1 ,-1 ,-3
21.4553441 ,Left ,0  ,-2 ,+2 ,+30 ,+11 ,-1 ,+3 ,+2
21.4761698 ,Left ,-2 ,+1 ,-4 ,-30 ,-7 ,-5 ,-4 ,-4
21.4761728 ,Left ,+1 ,-1 ,+3 ,+9 ,+5 ,+2 ,0  ,+2
21.4776736 ,Left ,0  ,0  ,-4 ,-2 ,-9 ,-4 ,-5 ,-1
21.477705 ,Left ,-3 ,-4 ,+1 ,+7 ,+2 ,-2 ,+1 ,-2
21.4898335 ,Left ,0  ,0  ,+9 ,+4 ,-4 ,-2 ,-2 ,-1
21.4898364 ,Left ,-1 ,-2 ,-6 ,-9 ,-5 ,-1 ,0  ,0 
21.4987169 ,Left ,-3 ,-4 ,-2 ,+1 ,+2 ,-2 ,+1 ,-1
21.4987194 ,Left ,-2 ,-6 ,-18 ,-10 ,+2 ,+1 ,-2 ,-3
21.513653 ,Left ,0  ,+4 ,+9 ,0  ,-26 ,-4 ,-1 ,-1
21.5136555 ,Left ,+1 ,+7 ,+11 ,-6 ,+25 ,+1 ,0  ,-1
21.5152492 ,Left ,-5 ,-10 ,-15 ,+4 ,-18 ,-6 ,-5 ,-4
21.5152516 ,Left ,-2 ,-6 ,-25 ,+7 ,+7 ,-1 ,-2 ,-2
21.527358 ,Left ,-1 ,-4 ,+4 ,+6 ,+5 ,+1 ,-4 ,0 
21.5273864 ,Left ,0  ,-4 ,-2 ,+2 ,-3 ,0  ,+2 ,-2
21.536362 ,Left ,+1 ,+6 ,+14 ,-8 ,-3 ,-2 ,-1 ,-1
21.5363646 ,Left ,+1 ,+2 ,+4 ,-6 ,0  ,-4 ,0  ,-1
21.5513211 ,Left ,-2 ,-2 ,-3 ,0  ,+2 ,-1 ,-1 ,-1
21.5513239 ,Left ,+1 ,+5 ,+6 ,-3 ,-7 ,-1 ,-1 ,0 
21.5529167 ,Left ,-1 ,-2 ,-5 ,+2 ,+8 ,0  ,0  ,-2
21.5529206 ,Left ,0  ,0  ,+2 ,-9 ,-10 ,-2 ,-1 ,0 
21.5737461 ,Left ,-2 ,0  ,+7 ,+7 ,+6 ,+2 ,-7 ,+2
21.5737489 ,Left ,-3 ,-4 ,-5 ,-4 ,-12 ,-4 ,+15 ,0 
21.5753381 ,Left ,0  ,-1 ,+1 ,+7 ,0  ,+5 ,-3 ,-1
21.5753407 ,Left ,+3 ,+7 ,+9 ,-2 ,+4 ,-21 ,-5 ,0 
21.5879297 ,Left ,+2 ,-4 ,-8 ,-15 ,0  ,+2 ,0  ,-2
21.5879411 ,Left ,-2 ,-6 ,-8 ,-16 ,-6 ,-8 ,-8 ,-2
21.5967597 ,Left ,-2 ,-2 ,-9 ,-18 ,+12 ,+3 ,+1 ,+1
21.5967709 ,Left ,-1 ,+2 ,+13 ,+13 ,-17 ,+5 ,0  ,0 
21.6110342 ,Left ,-4 ,-3 ,+3 ,+17 ,+30 ,+1 ,-1 ,-2
21.6110369 ,Left ,-1 ,+4 ,-1 ,0  ,-21 ,-3 ,-4 ,-2
21.6126662 ,Left ,0  ,+2 ,+6 ,+1 ,+4 ,-1 ,+1 ,+1
21.6126686 ,Left ,-1 ,-4 ,-3 ,-9 ,-2 ,+3 ,-1 ,-1
21.6335216 ,Left ,-1 ,-4 ,-6 ,+2 ,+1 ,-2 ,+2 ,0 
21.6335746 ,Left ,0  ,-2 ,-3 ,+6 ,+5 ,+5 ,-1 ,0 
21.6352734 ,Left ,-1 ,-2 ,0  ,+22 ,-2 ,-1 ,-2 ,-1
21.6353706 ,Left ,0  ,+3 ,+1 ,+5 ,-7 ,-1 ,0  ,-2
21.6472997 ,Left ,0  ,-2 ,-2 ,-25 ,-7 ,0  ,-1 ,-1
21.6473023 ,Left ,+1 ,+1 ,+13 ,+34 ,+9 ,0  ,-2 ,0 
21.6563514 ,Left ,-3 ,-3 ,-13 ,-28 ,-9 ,0  ,-1 ,-1
21.6563567 ,Left ,-2 ,-1 ,-3 ,-20 ,+12 ,+2 ,0  ,0 
21.6713594 ,Left ,+3 ,+2 ,+10 ,+32 ,-3 ,+1 ,0  ,-1
21.6713622 ,Left ,-1 ,-3 ,-8 ,-9 ,-11 ,+5 ,-1 ,-1
21.6727924 ,Left ,-1 ,-3 ,-6 ,+1 ,+53 ,-20 ,-5 ,-2
21.6727952 ,Left ,0  ,0  ,+8 ,+6 ,-13 ,+3 ,0  ,-1
21.6939014 ,Left ,-1 ,+4 ,+5 ,-13 ,-3 ,-2 ,+1 ,0 
21.6939041 ,Left ,-3 ,-4 ,-12 ,-11 ,+1 ,+5 ,-1 ,-1
21.695281 ,Left ,+1 ,+1 ,+11 ,+33 ,-12 ,+3 ,-1 ,+1
21.6952835 ,Left ,0  ,-2 ,-4 ,-6 ,+7 ,-1 ,-1 ,-2
21.7084917 ,Left ,+2 ,+2 ,+3 ,+8 ,-2 ,+4 ,0  ,0 
21.7085035 ,Left ,-1 ,-2 ,-4 ,-4 ,+1 ,-24 ,-5 ,-1
21.7166731 ,Left ,-2 ,-1 ,0  ,-12 ,-14 ,+1 ,-1 ,-2
21.7166842 ,Left ,-3 ,-3 ,+1 ,0  ,0  ,-1 ,-2 ,-1
21.7317151 ,Left ,+2 ,+1 ,-17 ,-8 ,+9 ,+7 ,+2 ,+1
21.7318554 ,Left ,-1 ,-1 ,+6 ,-23 ,-11 ,0  ,-1 ,-3
21.7331034 ,Left ,-1 ,-3 ,-3 ,-26 ,-6 ,+1 ,-2 ,-2
21.7332389 ,Left ,0  ,-2 ,-3 ,+1 ,-3 ,+2 ,+1 ,+1
21.7536645 ,Left ,-3 ,-5 ,-2 ,-1 ,+1 ,-2 ,-2 ,-3
21.7536685 ,Left ,0  ,+3 ,0  ,-5 ,+5 ,0  ,-2 ,0 
21.7553571 ,Left ,-1 ,0  ,+3 ,+7 ,-5 ,0  ,+1 ,-1
21.755361 ,Left ,-2 ,-2 ,-5 ,-11 ,-1 ,+3 ,+2 ,-1
21.7672699 ,Left ,-1 ,0  ,+7 ,-5 ,-8 ,-5 ,-1 ,-2
21.7672725 ,Left ,0  ,+1 ,-13 ,+4 ,+4 ,+4 ,0  ,-1
21.7763297 ,Left ,-2 ,-3 ,+1 ,+16 ,+2 ,+1 ,-1 ,-3
21.7763323 ,Left ,0  ,0  ,-2 ,-3 ,+2 ,+1 ,-1 ,-1
21.7909745 ,Left ,-1 ,-2 ,0  ,+8 ,-9 ,-7 ,-12 ,0 
21.7910587 ,Left ,-2 ,-4 ,+1 ,+4 ,-2 ,0  ,+17 ,-2
21.7926733 ,Left ,+1 ,+3 ,-1 ,+2 ,-9 ,-1 ,0  ,+2
21.7926756 ,Left ,-2 ,0  ,-1 ,-5 ,+4 ,0  ,0  ,-1
21.8135512 ,Left ,-1 ,+1 ,0  ,-3 ,0  ,-1 ,-1 ,-1
21.8135538 ,Left ,0  ,0  ,+5 ,-4 ,+10 ,+3 ,-5 ,0 
21.8152971 ,Left ,-1 ,-4 ,-13 ,-29 ,-25 ,-3 ,0  ,-2
21.8152995 ,Left ,-2 ,-1 ,-3 ,0  ,-17 ,-4 ,-2 ,-4
21.836225 ,Left ,-2 ,-3 ,+3 ,+18 ,+1 ,-1 ,+2 ,-2
21.8362275 ,Left ,+1 ,-2 ,-3 ,-2 ,+4 ,+1 ,-4 ,+1
21.8377138 ,Left ,0  ,+3 ,+6 ,+5 ,+9 ,+6 ,+2 ,+1
21.8377161 ,Left ,-3 ,-3 ,-3 ,+2 ,-14 ,-2 ,-5 ,0 
21.8511016 ,Left ,-2 ,-3 ,-7 ,-9 ,-11 ,-3 ,+1 ,0 
21.8511045 ,Left ,-3 ,-3 ,+6 ,+23 ,0  ,+2 ,-1 ,-3
21.8526854 ,Left ,-1 ,-2 ,-9 ,-16 ,-3 ,-3 ,-3 ,-1
21.8526877 ,Left ,+1 ,+2 ,+4 ,-3 ,-6 ,+3 ,+1 ,-1
21.8737079 ,Left ,-3 ,-3 ,+5 ,+18 ,+22 ,+3 ,+1 ,-1
21.8737111 ,Left ,-2 ,-4 ,-9 ,+2 ,+1 ,-3 ,-3 ,-2
21.8752365 ,Left ,-1 ,-2 ,0  ,+8 ,-2 ,+3 ,+1 ,-2
21.8752392 ,Left ,0  ,-2 ,-5 ,-6 ,+1 ,-4 ,0  ,0 
21.8960551 ,Left ,+2 ,+3 ,+10 ,+7 ,+1 ,-1 ,+1 ,+1
21.8960586 ,Left ,-2 ,-1 ,-6 ,-35 ,-11 ,+1 ,-4 ,-1
21.8976949 ,Left ,-1 ,-1 ,-4 ,-9 ,+4 ,0  ,-1 ,-1
21.8976974 ,Left ,-1 ,+1 ,+6 ,+13 ,+22 ,-1 ,-1 ,-2
21.9113552 ,Left ,-3 ,-5 ,-16 ,-16 ,-25 ,-3 ,-3 ,-2
21.9113583 ,Left ,0  ,-1 ,+1 ,+1 ,+16 ,+1 ,0  ,+1
21.9128044 ,Left ,0  ,+3 ,+4 ,-10 ,-7 ,-4 ,-2 ,0 
21.9128074 ,Left ,-1 ,-5 ,-11 ,-14 ,-4 ,0  ,-3 ,-1
21.9337014 ,Left ,-2 ,0  ,+6 ,+7 ,-6 ,+12 ,-1 ,-2
21.9337044 ,Left ,0  ,0  ,-2 ,-3 ,-12 ,-11 ,-7 ,-3
21.9352472 ,Left ,-2 ,0  ,+1 ,+10 ,+13 ,+1 ,0  ,0 
21.9352497 ,Left ,+2 ,-1 ,+2 ,+1 ,-34 ,-4 ,0  ,-2
21.9563586 ,Left ,-2 ,-1 ,-3 ,-4 ,0  ,+3 ,-2 ,0 
21.9563618 ,Left ,-1 ,+1 ,+2 ,+3 ,+1 ,+3 ,-1 ,-2
21.9578103 ,Left ,-2 ,-3 ,+3 ,+8 ,-15 ,-5 ,-3 ,-2
21.9578131 ,Left ,-1 ,+1 ,-2 ,-1 ,+7 ,+8 ,0  ,+1
21.9711092 ,Left ,+1 ,-4 ,-7 ,+9 ,0  ,-25 ,-4 ,-2
21.9711119 ,Left ,0  ,+1 ,0  ,-20 ,-9 ,-1 ,0  ,-1
21.972686 ,Left ,-2 ,-4 ,+1 ,+4 ,-5 ,-1 ,-1 ,-2
21.9726885 ,Left ,-1 ,0  ,0  ,+1 ,+14 ,0  ,-2 ,-1
21.9936845 ,Left ,-1 ,+1 ,-3 ,-8 ,-5 ,-1 ,+2 ,+1
21.9936908 ,Left ,-1 ,-3 ,+3 ,+16 ,+52 ,-2 ,-1 ,0 
21.9952371 ,Left ,-1 ,-2 ,-15 ,-13 ,-9 ,+4 ,-2 ,-1
21.9952424 ,Left ,-2 ,-4 ,+5 ,-9 ,-1 ,-3 ,-4 ,-4
22.0235267 ,Left ,-2 ,-6 ,-6 ,+3 ,+10 ,0  ,0  ,-4
22.0235899 ,Left ,+1 ,+2 ,+2 ,-2 ,-17 ,0  ,-1 ,+1
22.0251724 ,Left ,0  ,+2 ,-3 ,-2 ,+9 ,+4 ,+1 ,-1
22.025175 ,Left ,+1 ,+1 ,+2 ,+4 ,-6 ,-6 ,-1 ,+1
22.0302129 ,Left ,-2 ,-3 ,0  ,-10 ,-4 ,+1 ,0  ,-1
22.0302155 ,Left ,-1 ,-3 ,-2 ,+6 ,-13 ,-2 ,-1 ,-2
22.0387964 ,Left ,-1 ,-2 ,+1 ,+9 ,+7 ,0  ,+2 ,-1
22.0387995 ,Left ,-2 ,-3 ,-13 ,+28 ,+2 ,-4 ,0  ,0 
22.0535989 ,Left ,+1 ,+2 ,+9 ,-19 ,+4 ,+1 ,-2 ,-1
22.0536016 ,Left ,-3 ,-4 ,-12 ,-11 ,-13 ,+1 ,-2 ,-1
22.0552301 ,Left ,+2 ,+2 ,+5 ,-10 ,+4 ,-5 ,-1 ,-1
22.0552328 ,Left ,-1 ,-2 ,+7 ,+3 ,+24 ,+1 ,0  ,0 
22.0763264 ,Left ,0  ,+1 ,+3 ,+11 ,+10 ,+1 ,+1 ,0 
22.0763294 ,Left ,-2 ,0  ,-2 ,+5 ,-3 ,+1 ,-2 ,-1
22.0777644 ,Left ,-3 ,0  ,+2 ,+4 ,-2 ,-3 ,-2 ,-2
22.0777673 ,Left ,0  ,-1 ,-1 ,-6 ,-4 ,0  ,-2 ,0 
22.0907399 ,Left ,-3 ,0  ,-1 ,-4 ,-5 ,-3 ,-2 ,0 
22.0907442 ,Left ,0  ,0  ,0  ,-11 ,-4 ,-2 ,0  ,0 
22.0974332 ,Left ,-2 ,-4 ,-11 ,+26 ,-3 ,+4 ,-1 ,-2
22.0974369 ,Left ,-1 ,-1 ,-2 ,-14 ,-8 ,-8 ,-1 ,-1
22.1139167 ,Left ,-1 ,+6 ,+5 ,+36 ,+1 ,+1 ,-1 ,-2
22.11392 ,Left ,-1 ,-2 ,-3 ,0  ,0  ,+5 ,-1 ,-1
22.1153717 ,Left ,-1 ,-2 ,-1 ,-20 ,-4 ,-2 ,-8 ,0 
22.1153752 ,Left ,-1 ,-3 ,-4 ,-9 ,-4 ,+1 ,+4 ,-1
22.1361875 ,Left ,+1 ,+2 ,-1 ,+2 ,+15 ,+1 ,-1 ,0 
22.1361908 ,Left ,-1 ,+2 ,+4 ,+5 ,-32 ,-6 ,+1 ,+1
22.1378012 ,Left ,+1 ,0  ,+1 ,-8 ,+1 ,+3 ,-3 ,-1
22.1378044 ,Left ,-1 ,0  ,-1 ,+3 ,+8 ,+1 ,-2 ,-3
22.1504096 ,Left ,-1 ,-4 ,+2 ,-5 ,-3 ,-1 ,+1 ,0 
22.1504129 ,Left ,-3 ,-4 ,-11 ,+14 ,-1 ,0  ,-3 ,-2
22.1572826 ,Left ,+3 ,+7 ,+20 ,+12 ,-7 ,-5 ,+1 ,0 
22.1572864 ,Left ,-2 ,-2 ,-8 ,-5 ,-2 ,-1 ,-3 ,0 
22.1737852 ,Left ,-2 ,-3 ,-4 ,+5 ,-11 ,-1 ,+1 ,-1
22.1737882 ,Left ,-2 ,-3 ,0  ,-13 ,+6 ,-1 ,-1 ,-2
22.1753543 ,Left ,-1 ,-2 ,-2 ,+3 ,-1 ,-5 ,-1 ,-1
22.1753571 ,Left ,0  ,+2 ,+5 ,+8 ,+2 ,+1 ,0  ,-1
22.196324 ,Left ,0  ,0  ,-2 ,-19 ,-8 ,0  ,-2 ,0 
22.1963268 ,Left ,-2 ,-4 ,-2 ,+4 ,+9 ,-1 ,0  ,0 
22.1977179 ,Left ,+2 ,+2 ,+4 ,+4 ,+11 ,-3 ,0  ,0 
22.1977209 ,Left ,-2 ,-1 ,-6 ,-5 ,-5 ,+3 ,-4 ,-1
22.2105999 ,Left ,-2 ,-4 ,+2 ,-37 ,-5 ,+3 ,+1 ,-1
22.2106027 ,Left ,-1 ,+1 ,+9 ,+15 ,-1 ,+5 ,-1 ,0 
22.2175065 ,Left ,-2 ,-5 ,-11 ,-2 ,+8 ,+2 ,+2 ,-2
22.2175093 ,Left ,0  ,+1 ,-1 ,+5 ,-3 ,+1 ,-1 ,+2
22.2336594 ,Left ,0  ,-1 ,-4 ,+1 ,-3 ,-2 ,0  ,-1
22.2337469 ,Left ,-1 ,+1 ,+4 ,-4 ,+8 ,+3 ,0  ,-1
22.2352201 ,Left ,-1 ,-2 ,0  ,-12 ,-22 ,+2 ,+1 ,0 
22.2352555 ,Left ,-3 ,+1 ,+5 ,+17 ,+14 ,-1 ,-1 ,-3
22.2561949 ,Left ,-2 ,-4 ,-7 ,-11 ,-5 ,+1 ,-1 ,0 
22.2561977 ,Left ,+3 ,+2 ,+4 ,+11 ,-1 ,0  ,-1 ,-1
22.2575672 ,Left ,-1 ,-1 ,-3 ,+1 ,-12 ,-7 ,-1 ,-2
22.2576745 ,Left ,0  ,-4 ,+1 ,-10 ,-7 ,-5 ,0  ,-2
22.2706739 ,Left ,-1 ,+1 ,+1 ,+3 ,+3 ,-2 ,+1 ,+1
22.2706771 ,Left ,+1 ,-4 ,-5 ,-1 ,-5 ,-4 ,0  ,0 
22.2775293 ,Left ,-1 ,0  ,-1 ,-6 ,+8 ,-2 ,0  ,+1
22.2775319 ,Left ,-2 ,-2 ,-1 ,-5 ,-28 ,-2 ,0  ,0 
22.2938601 ,Left ,-1 ,0  ,-2 ,-2 ,0  ,+2 ,+1 ,0 
22.2938629 ,Left ,+1 ,+4 ,+12 ,+32 ,+2 ,-2 ,-1 ,0 
22.2953381 ,Left ,-1 ,-1 ,-15 ,-51 ,-1 ,0  ,-10 ,0 
22.2953409 ,Left ,-3 ,-3 ,-9 ,-11 ,+8 ,-1 ,+17 ,-3
22.3161893 ,Left ,0  ,+2 ,+8 ,+11 ,-8 ,-3 ,-4 ,-1
22.3161919 ,Left ,-4 ,-6 ,-17 ,-12 ,-3 ,-3 ,0  ,-2
22.3177023 ,Left ,+1 ,+7 ,+19 ,+31 ,+5 ,-1 ,-1 ,-1
22.3177048 ,Left ,0  ,+1 ,+2 ,-3 ,+1 ,0  ,-4 ,+1
22.3297961 ,Left ,-1 ,-3 ,-8 ,-5 ,+1 ,-1 ,-2 ,-2
22.3297987 ,Left ,-1 ,+1 ,-4 ,-29 ,-15 ,0  ,+3 ,0 
22.3387275 ,Left ,-7 ,-8 ,-1 ,+3 ,+8 ,-4 ,-1 ,-4
22.3387299 ,Left ,+1 ,0  ,0  ,+5 ,0  ,-2 ,-5 ,-2
22.3537271 ,Left ,+1 ,+1 ,-3 ,+23 ,-1 ,-3 ,0  ,-1
22.3537308 ,Left ,-1 ,-1 ,+3 ,-28 ,0  ,-1 ,-3 ,+1
22.3552706 ,Left ,+1 ,-5 ,-15 ,-1 ,0  ,+5 ,+3 ,-1
22.3552735 ,Left ,+1 ,-1 ,-3 ,-13 ,-27 ,0  ,-4 ,-2
22.3762173 ,Left ,-1 ,-1 ,+3 ,+4 ,+6 ,-5 ,-2 ,-2
22.3762207 ,Left ,0  ,+1 ,+1 ,+8 ,+2 ,-1 ,-2 ,-1
22.377807 ,Left ,+1 ,0  ,+2 ,+10 ,-10 ,-1 ,+1 ,-1
22.3778106 ,Left ,-2 ,-5 ,-7 ,-1 ,+18 ,+2 ,-2 ,+1
22.3897417 ,Left ,-1 ,+3 ,-1 ,-14 ,-6 ,+2 ,-1 ,-1
22.3897447 ,Left ,-3 ,-2 ,-2 ,-1 ,-2 ,-3 ,-1 ,0 
22.3987263 ,Left ,+1 ,0  ,+2 ,+2 ,-2 ,+1 ,0  ,-2
22.3987291 ,Left ,-2 ,-1 ,+4 ,+6 ,+11 ,0  ,-3 ,-2
22.4138916 ,Left ,-2 ,-1 ,-4 ,+5 ,-14 ,-1 ,0  ,+1
22.4138966 ,Left ,-2 ,-5 ,-6 ,+9 ,+12 ,-1 ,-1 ,-1
22.415352 ,Left ,-2 ,-1 ,-2 ,-30 ,-4 ,-5 ,0  ,-1
22.4153549 ,Left ,-1 ,+1 ,-1 ,-7 ,-3 ,-2 ,-1 ,0 
22.436113 ,Left ,+1 ,-1 ,-2 ,+1 ,+3 ,0  ,-2 ,0 
22.4361163 ,Left ,0  ,0  ,+4 ,-2 ,0  ,+2 ,0  ,-1
22.4376944 ,Left ,-2 ,-3 ,-1 ,+10 ,-2 ,-2 ,0  ,-2
22.437697 ,Left ,0  ,+3 ,-1 ,-8 ,-1 ,-3 ,-2 ,0 
22.4497826 ,Left ,-1 ,0  ,+1 ,-6 ,+18 ,-1 ,0  ,-1
22.4497857 ,Left ,0  ,-4 ,-2 ,+1 ,-26 ,-3 ,-2 ,0 
22.458826 ,Left ,-3 ,-1 ,+1 ,-3 ,-6 ,0  ,0  ,-1
22.4588289 ,Left ,-1 ,0  ,-3 ,+17 ,+11 ,-1 ,-3 ,-1
22.4736556 ,Left ,-4 ,-9 ,-6 ,-21 ,+3 ,-3 ,-2 ,-1
22.4736587 ,Left ,+2 ,+3 ,+3 ,+5 ,+3 ,-1 ,-1 ,-1
22.4752429 ,Left ,-2 ,0  ,+1 ,+10 ,0  ,-2 ,-1 ,-1
22.4752458 ,Left ,-1 ,0  ,+3 ,-1 ,-3 ,+1 ,-1 ,0 
22.496161 ,Left ,-1 ,+1 ,+1 ,-2 ,-4 ,0  ,0  ,-1
22.4961642 ,Left ,-1 ,-1 ,-3 ,-9 ,-2 ,-2 ,-1 ,-1
22.4977085 ,Left ,0  ,-4 ,-5 ,-53 ,+2 ,+3 ,-1 ,-1
22.4977113 ,Left ,0  ,-1 ,+4 ,+41 ,+3 ,+2 ,0  ,-2
22.5099662 ,Left ,-2 ,-3 ,-7 ,-7 ,-7 ,-12 ,-2 ,-2
22.509969 ,Left ,-1 ,-2 ,0  ,-2 ,+4 ,+1 ,-1 ,-2
22.5262161 ,Left ,-1 ,-2 ,-4 ,+9 ,+2 ,+1 ,-1 ,-1
22.5262186 ,Left ,0  ,0  ,-1 ,0  ,0  ,-3 ,-3 ,-1
22.5338533 ,Left ,-1 ,-2 ,+1 ,-9 ,-4 ,+2 ,+1 ,+1
22.5338563 ,Left ,-3 ,-2 ,-3 ,-8 ,+22 ,-1 ,0  ,-3
22.5353434 ,Left ,-3 ,-2 ,-4 ,+26 ,-21 ,-6 ,-3 ,-1
22.5353461 ,Left ,-2 ,-1 ,0  ,-18 ,+1 ,+2 ,+1 ,-1
22.5561241 ,Left ,0  ,+1 ,+3 ,+4 ,-3 ,+2 ,-1 ,-1
22.5561266 ,Left ,0  ,-2 ,-5 ,+19 ,+10 ,-1 ,-1 ,-1
22.5577443 ,Left ,0  ,-1 ,-5 ,-18 ,-1 ,+1 ,0  ,-1
22.5577469 ,Left ,-1 ,0  ,+6 ,+20 ,0  ,-5 ,-3 ,0 
22.5698228 ,Left ,0  ,-5 ,-12 ,-11 ,+1 ,0  ,-1 ,-2
22.5698256 ,Left ,-1 ,+4 ,+7 ,+3 ,-9 ,-1 ,-1 ,0 
22.5788108 ,Left ,-1 ,0  ,+8 ,+19 ,+8 ,-1 ,0  ,0 
22.5788137 ,Left ,0  ,-2 ,-3 ,+2 ,-2 ,-1 ,-1 ,-1
22.5941369 ,Left ,-1 ,-3 ,-2 ,-5 ,+2 ,+1 ,+1 ,-2
22.5941398 ,Left ,-2 ,-4 ,-3 ,-8 ,-2 ,+3 ,-2 ,-1
22.5956937 ,Left ,+1 ,-2 ,0  ,+6 ,-5 ,-1 ,+1 ,-2
22.5956962 ,Left ,-1 ,-4 ,+2 ,+16 ,+2 ,-3 ,0  ,-2
22.6162156 ,Left ,+3 ,+6 ,+5 ,+16 ,+2 ,+3 ,0  ,0 
22.6162203 ,Left ,-3 ,-3 ,-7 ,-21 ,-37 ,-8 ,-3 ,-2
22.617611 ,Left ,-3 ,+1 ,+3 ,+20 ,+5 ,-1 ,-1 ,0 
22.6176136 ,Left ,-2 ,-5 ,-9 ,-31 ,-5 ,-1 ,-1 ,-2
22.6388283 ,Left ,-1 ,-2 ,0  ,-1 ,+8 ,0  ,-1 ,-2
22.6388314 ,Left ,+3 ,+3 ,+5 ,+55 ,+6 ,0  ,+1 ,-1
22.6403506 ,Left ,+2 ,-2 ,-9 ,-75 ,-7 ,0  ,+1 ,+1
22.6403535 ,Left ,0  ,+2 ,0  ,+11 ,+12 ,+6 ,0  ,0 
22.6538387 ,Left ,-3 ,-4 ,+4 ,+19 ,-8 ,-19 ,-6 ,-1
22.6538416 ,Left ,-2 ,-1 ,0  ,-15 ,+10 ,+1 ,0  ,0 
22.6553371 ,Left ,0  ,-1 ,0  ,+20 ,+6 ,0  ,-2 ,-2
22.6553398 ,Left ,0  ,+1 ,-1 ,-11 ,0  ,+4 ,+3 ,0 
22.6763159 ,Left ,-2 ,-2 ,-5 ,-14 ,-11 ,+4 ,-1 ,-1
22.676319 ,Left ,-1 ,+5 ,+8 ,+4 ,+11 ,0  ,-1 ,-1
22.6777269 ,Left ,-4 ,-6 ,-17 ,+1 ,-14 ,-4 ,-2 ,0 
22.6777408 ,Left ,-1 ,-1 ,0  ,-17 ,-2 ,-5 ,-2 ,-1
22.6900083 ,Left ,+1 ,0  ,+5 ,+36 ,-5 ,+1 ,+1 ,0 
22.6900111 ,Left ,-1 ,-2 ,-3 ,-30 ,-4 ,-3 ,0  ,-1
22.6988875 ,Left ,0  ,+2 ,+9 ,+31 ,+4 ,+2 ,+1 ,-2
22.6988899 ,Left ,-1 ,+1 ,-1 ,-9 ,-1 ,-4 ,-1 ,0 
22.7139073 ,Left ,-1 ,-1 ,+1 ,+5 ,0  ,+1 ,+1 ,0 
22.7139121 ,Left ,-2 ,-5 ,-16 ,-12 ,-5 ,0  ,0  ,-2
22.715321 ,Left ,0  ,+2 ,+1 ,+7 ,+4 ,+1 ,+1 ,-1
22.7153237 ,Left ,-4 ,-8 ,0  ,-15 ,-9 ,-4 ,-2 ,-2
22.7363427 ,Left ,0  ,+8 ,-3 ,-26 ,-4 ,+1 ,0  ,+1
22.7363458 ,Left ,0  ,-2 ,+2 ,-3 ,+1 ,-3 ,-2 ,-1
22.7377992 ,Left ,-3 ,-1 ,-1 ,-1 ,-5 ,-2 ,-1 ,-1
22.7378024 ,Left ,-2 ,+1 ,+1 ,+12 ,+1 ,-1 ,-3 ,-2
22.7500915 ,Left ,0  ,+1 ,-3 ,-17 ,-6 ,+2 ,-1 ,0 
22.7500943 ,Left ,-4 ,-6 ,-1 ,+21 ,+3 ,0  ,0  ,0 
22.7647896 ,Left ,-2 ,-2 ,-3 ,-12 ,+3 ,-3 ,-4 ,-1
22.7647923 ,Left ,+2 ,+4 ,0  ,-25 ,-13 ,+3 ,+2 ,+1
22.7737409 ,Left ,-3 ,-6 ,-4 ,-47 ,-45 ,0  ,-1 ,-3
22.7737441 ,Left ,0  ,+1 ,0  ,+12 ,+5 ,-8 ,-6 ,-4
22.7752908 ,Left ,-2 ,-2 ,+5 ,+4 ,+6 ,+2 ,+1 ,-1
22.7752934 ,Left ,-1 ,-2 ,-9 ,-27 ,+2 ,-2 ,+1 ,0 
22.7961343 ,Left ,-1 ,-1 ,+15 ,+49 ,+8 ,+4 ,0  ,-2
22.7962309 ,Left ,+1 ,+6 ,-4 ,-2 ,+2 ,+2 ,+2 ,+2
22.7977899 ,Left ,-1 ,-5 ,-7 ,-1 ,-17 ,-5 ,-2 ,0 
22.7977931 ,Left ,+1 ,+1 ,+7 ,-6 ,+28 ,+1 ,+1 ,-1
22.8188456 ,Left ,0  ,-1 ,-5 ,+2 ,+9 ,0  ,-2 ,-1
22.8188491 ,Left ,-3 ,-7 ,-16 ,-34 ,-22 ,-4 ,-1 ,-1
22.8203703 ,Left ,-1 ,+3 ,+2 ,+49 ,+7 ,-3 ,-1 ,-2
22.8203735 ,Left ,-1 ,0  ,0  ,+6 ,+6 ,-1 ,-3 ,-1
22.8338633 ,Left ,+1 ,-4 ,+5 ,+1 ,-17 ,-5 ,-1 ,-1
22.8338667 ,Left ,0  ,-1 ,-1 ,-1 ,+8 ,-1 ,-1 ,-1
22.8353859 ,Left ,0  ,+3 ,+8 ,+9 ,+7 ,+2 ,+2 ,-2
22.8353892 ,Left ,-3 ,-3 ,-2 ,+12 ,-5 ,-2 ,-1 ,-1
22.8566305 ,Left ,-2 ,-1 ,-13 ,-30 ,+9 ,0  ,0  ,-2
22.8566339 ,Left ,-3 ,0  ,-1 ,+9 ,-5 ,+3 ,+2 ,-1
22.8582875 ,Left ,-2 ,-3 ,-7 ,-47 ,-1 ,-3 ,-3 ,-2
22.8582907 ,Left ,-1 ,0  ,+6 ,+78 ,-5 ,-2 ,-1 ,-2
22.8788577 ,Left ,+2 ,+4 ,-2 ,-41 ,+12 ,0  ,0  ,0 
22.8788607 ,Left ,-1 ,-2 ,+4 ,-19 ,-6 ,0  ,-2 ,-1
22.8803766 ,Left ,-1 ,-4 ,-5 ,+12 ,+5 ,0  ,0  ,-2
22.8803796 ,Left ,+2 ,+2 ,+1 ,-18 ,-10 ,+4 ,0  ,-1
22.893865 ,Left ,-1 ,-1 ,-3 ,+28 ,+8 ,-16 ,-3 ,-1
22.8938681 ,Left ,-1 ,-4 ,+1 ,-7 ,+23 ,+1 ,-2 ,-1
22.8953038 ,Left ,0  ,-3 ,0  ,-20 ,+8 ,+2 ,-2 ,-8
22.8953065 ,Left ,0  ,-2 ,-3 ,-6 ,-4 ,+4 ,+3 ,+8
22.9163461 ,Left ,-3 ,-2 ,0  ,+9 ,-4 ,-33 ,-8 ,-4
22.9163494 ,Left ,+1 ,0  ,+2 ,+5 ,+3 ,-5 ,+2 ,+3
22.9177606 ,Left ,0  ,+1 ,+3 ,0  ,-7 ,-2 ,-8 ,+2
22.9177632 ,Left ,+4 ,-2 ,-5 ,-23 ,-8 ,-25 ,-4 ,-2
22.9385764 ,Left ,-11 ,-3 ,-5 ,+14 ,+7 ,+10 ,-23 ,-7
22.9385791 ,Left ,+5 ,0  ,+2 ,+13 ,-5 ,-3 ,+28 ,-1
22.9402433 ,Left ,-5 ,-2 ,-3 ,-12 ,-7 ,-2 ,+45 ,+1
22.9402458 ,Left ,-9 ,-1 ,-5 ,-6 ,-7 ,-9 ,-41 ,-14
22.9532925 ,Left ,+13 ,+1 ,+4 ,+29 ,-1 ,-19 ,-4 ,+9
22.9532954 ,Left ,-2 ,-4 ,-1 ,-18 ,-7 ,+3 ,+1 ,-6
22.959967 ,Left ,+2 ,+1 ,0  ,+3 ,-1 ,+18 ,-1 ,+3
22.9599698 ,Left ,+3 ,-1 ,-2 ,-8 ,+3 ,+8 ,+13 ,+3
22.9838936 ,Left ,-15 ,-7 ,-5 ,-2 ,+2 ,+4 ,+3 ,-14
22.9838964 ,Left ,+9 ,+9 ,+5 ,+2 ,-1 ,+22 ,+5 ,0 
22.9853434 ,Left ,-2 ,-3 ,0  ,+9 ,+5 ,-15 ,+2 ,+3
22.9853461 ,Left ,-7 ,-3 ,-5 ,-20 ,-50 ,-42 ,-8 ,-1
22.9988166 ,Left ,-3 ,-4 ,-4 ,+29 ,+11 ,+19 ,+24 ,+1
22.9988194 ,Left ,-2 ,-2 ,+2 ,-11 ,-16 ,-9 ,-14 ,-3
23.0003584 ,Left ,-2 ,0  ,-1 ,-18 ,+20 ,-4 ,-19 ,-2
23.000361 ,Left ,-3 ,-11 ,-4 ,+2 ,-17 ,-1 ,+7 ,-4
23.0130005 ,Left ,+1 ,+3 ,+4 ,+31 ,-17 ,+9 ,+16 ,+2
23.013091 ,Left ,-2 ,+1 ,+1 ,-3 ,-11 ,-7 ,-12 ,+1
23.0197868 ,Left ,+3 ,+1 ,+4 ,+1 ,+4 ,+1 ,-8 ,0 
23.0198249 ,Left ,-4 ,-9 ,-10 ,+39 ,+19 ,+12 ,+12 ,+1
23.0362348 ,Left ,+7 ,+12 ,+16 ,-63 ,+2 ,+4 ,-6 ,+5
23.0362375 ,Left ,-4 ,-5 ,-14 ,+43 ,+3 ,+3 ,-11 ,-4
23.0377491 ,Left ,+1 ,+3 ,+16 ,-25 ,-23 ,-5 ,-6 ,0 
23.0377521 ,Left ,+1 ,-4 ,-9 ,-15 ,+9 ,+8 ,+1 ,-1
23.0586507 ,Left ,-5 ,-9 ,-27 ,-15 ,-3 ,+9 ,-4 ,-3
23.0586536 ,Left ,0  ,+5 ,+12 ,-7 ,0  ,-10 ,-1 ,+1
23.0602158 ,Left ,-4 ,-9 ,-23 ,+3 ,+1 ,+3 ,+6 ,+1
23.0602183 ,Left ,+5 ,+17 ,+43 ,+14 ,+2 ,+7 ,+2 ,+4
23.073051 ,Left ,+1 ,+3 ,+21 ,-15 ,+5 ,0  ,0  ,+2
23.0730538 ,Left ,-5 ,-4 ,+3 ,+36 ,+7 ,-2 ,+2 ,-2
23.0797153 ,Left ,-2 ,-13 ,-63 ,-22 ,-5 ,-3 ,-7 ,-2
23.0797177 ,Left ,-1 ,-4 ,-16 ,-3 ,+6 ,+7 ,-2 ,-2
23.0961071 ,Left ,+1 ,+1 ,+9 ,-25 ,-6 ,-5 ,-2 ,-2
23.0961098 ,Left ,+1 ,+2 ,+22 ,-12 ,+2 ,-1 ,-2 ,0 
23.0976902 ,Left ,+1 ,+4 ,+14 ,+24 ,-6 ,-2 ,-4 ,-1
23.0976926 ,Left ,-1 ,0  ,+3 ,+26 ,+5 ,+1 ,+2 ,0 
23.1187004 ,Left ,-1 ,-3 ,-15 ,+10 ,+1 ,+2 ,+3 ,-1
23.1187033 ,Left ,-3 ,-3 ,-17 ,-35 ,-4 ,-3 ,-4 ,-2
23.1203381 ,Left ,-2 ,+4 ,+17 ,-11 ,-4 ,-2 ,+1 ,-1
23.1203408 ,Left ,+1 ,+2 ,-7 ,-18 ,+1 ,+1 ,+2 ,-1
23.1323949 ,Left ,-1 ,-4 ,-7 ,+3 ,0  ,0  ,-3 ,-1
23.132398 ,Left ,-4 ,-7 ,0  ,+6 ,+1 ,+2 ,-2 ,0 
23.1412137 ,Left ,-4 ,-1 ,-2 ,+18 ,+2 ,0  ,-2 ,-1
23.1412478 ,Left ,+6 ,-1 ,-15 ,-92 ,-12 ,-2 ,-3 ,-10
23.1563746 ,Left ,0  ,0  ,+8 ,+57 ,+7 ,+22 ,+9 ,+14
23.1563781 ,Left ,-3 ,-6 ,-21 ,-26 ,-4 ,-16 ,-14 ,-9
23.1578296 ,Left ,+1 ,+1 ,+22 ,+52 ,+2 ,-6 ,+2 ,+2
23.1578329 ,Left ,-2 ,+2 ,-2 ,-6 ,+2 ,+2 ,0  ,-1
23.1786166 ,Left ,-1 ,0  ,-7 ,-19 ,-1 ,-14 ,-2 ,-9
23.1786195 ,Left ,0  ,-2 ,-4 ,+6 ,0  ,+7 ,-3 ,+9
23.1803419 ,Left ,-1 ,+1 ,+8 ,-7 ,-1 ,-9 ,+9 ,-8
23.1803447 ,Left ,-3 ,-1 ,+2 ,+37 ,+4 ,+25 ,-8 ,-2
23.193244 ,Left ,-1 ,-3 ,-11 ,-23 ,-4 ,-7 ,-3 ,-5
23.193247 ,Left ,-4 ,-2 ,+4 ,+6 ,+4 ,-1 ,+8 ,+2
23.1997596 ,Left ,+3 ,0  ,+4 ,-1 ,-3 ,-2 ,0  ,-1
23.1997619 ,Left ,-2 ,0  ,+3 ,+9 ,+2 ,-7 ,+2 ,+2
23.2162155 ,Left ,-3 ,-2 ,-11 ,-12 ,-4 ,-3 ,0  ,+1
23.2162185 ,Left ,+2 ,+3 ,+4 ,+17 ,+4 ,-1 ,+3 ,-2
23.2178132 ,Left ,-1 ,-3 ,-8 ,-56 ,-11 ,+21 ,-9 ,+1
23.217816 ,Left ,-2 ,-3 ,-12 ,+9 ,+2 ,-18 ,-1 ,0 
23.2461413 ,Left ,0  ,0  ,+8 ,+18 ,-1 ,0  ,-1 ,-3
23.2461443 ,Left ,0  ,-1 ,-6 ,-18 ,+1 ,-2 ,-5 ,-2
23.2477914 ,Left ,+1 ,-1 ,+9 ,+19 ,+4 ,+2 ,-2 ,-2
23.2477942 ,Left ,-1 ,-2 ,-7 ,-4 ,0  ,+1 ,0  ,+1
23.2613641 ,Left ,+2 ,+3 ,+6 ,-26 ,-2 ,-3 ,-2 ,-4
23.2613671 ,Left ,-1 ,+1 ,+16 ,+54 ,+4 ,+3 ,-1 ,-2
23.2628227 ,Left ,-5 ,-5 ,-23 ,-28 ,-2 ,-6 ,-1 ,-2
23.2628255 ,Left ,-2 ,-1 ,+6 ,-12 ,-2 ,+4 ,0  ,-1
23.2761882 ,Left ,-1 ,0  ,+3 ,+31 ,+14 ,0  ,-1 ,+1
23.2761909 ,Left ,-2 ,+2 ,+8 ,-12 ,-10 ,-11 ,-6 ,-12
23.2776472 ,Left ,+2 ,-2 ,-3 ,-30 ,+5 ,+17 ,-1 ,+17
23.2776496 ,Left ,-2 ,-5 ,-2 ,+22 ,-34 ,-49 ,+4 ,+8
23.298664 ,Left ,-8 ,-2 ,-5 ,-19 ,+26 ,+38 ,-27 ,-22
23.2986672 ,Left ,-4 ,-2 ,-8 ,-2 ,-1 ,+4 ,+22 ,+8
23.300235 ,Left ,+7 ,+3 ,+3 ,+19 ,+2 ,+10 ,-37 ,0 
23.3002373 ,Left ,0  ,-1 ,0  ,-15 ,+1 ,-20 ,+29 ,-7
23.3123287 ,Left ,+3 ,0  ,-6 ,-8 ,-13 ,+5 ,+5 ,+15
23.3123315 ,Left ,0  ,-5 ,-8 ,-5 ,-11 ,-52 ,-67 ,-16
23.3213362 ,Left ,-5 ,0  ,-3 ,-17 ,+1 ,0  ,+22 ,+5
23.3213392 ,Left ,-7 ,-1 ,+5 ,-4 ,+35 ,+12 ,+10 ,-6
23.3362147 ,Left ,+1 ,+3 ,0  ,-27 ,-23 ,-14 ,0  ,+1
23.3362175 ,Left ,-2 ,-5 ,0  ,+49 ,+7 ,+4 ,-6 ,-7
23.3377722 ,Left ,-1 ,0  ,+2 ,+16 ,-21 ,-16 ,+19 ,-1
23.3377753 ,Left ,+1 ,-1 ,-4 ,-68 ,+9 ,+14 ,-20 ,-4
23.3586358 ,Left ,-1 ,-3 ,+8 ,+34 ,+5 ,-12 ,+10 ,+1
23.3586389 ,Left ,+3 ,-1 ,-19 ,-53 ,-12 ,+10 ,+7 ,+8
23.3602346 ,Left ,-1 ,-3 ,+6 ,+50 ,+9 ,-5 ,-9 ,-9
23.360237 ,Left ,0  ,+9 ,+19 ,+31 ,-9 ,+14 ,+3 ,+4
23.37241 ,Left ,+1 ,-6 ,+5 ,-13 ,+2 ,-5 ,-15 ,-1
23.372413 ,Left ,-4 ,+1 ,-10 ,-31 ,-4 ,+9 ,+20 ,+4
23.3812345 ,Left ,-3 ,-3 ,+9 ,+62 ,+4 ,-3 ,-5 ,-6
23.3812371 ,Left ,-2 ,-5 ,-30 ,-48 ,+3 ,+8 ,-13 ,-2
23.396195 ,Left ,+2 ,+7 ,+21 ,+13 ,-5 ,-6 ,+9 ,+2
23.396198 ,Left ,-1 ,-1 ,+11 ,+15 ,-11 ,+7 ,+4 ,-2
23.3977642 ,Left ,-3 ,-9 ,-26 ,-31 ,+12 ,-4 ,+2 ,-6
23.3977672 ,Left ,0  ,0  ,+34 ,+70 ,-6 ,+2 ,-7 ,+3
23.4187963 ,Left ,-3 ,-5 ,-58 ,-23 ,+2 ,-5 ,-2 ,-4
23.4187993 ,Left ,0  ,-1 ,0  ,-53 ,+1 ,+5 ,+10 ,+3
23.4202593 ,Left ,-1 ,+2 ,+6 ,+4 ,-9 ,+7 ,-10 ,0 
23.4202618 ,Left ,0  ,+4 ,+22 ,+25 ,-4 ,-22 ,-6 ,0 
23.4323158 ,Left ,-2 ,0  ,+7 ,+41 ,-2 ,-22 ,-6 ,+1
23.4323185 ,Left ,0  ,+4 ,+7 ,+24 ,+14 ,+32 ,+2 ,0 
23.441339 ,Left ,-2 ,-5 ,-29 ,-37 ,-3 ,-5 ,+7 ,0 
23.441342 ,Left ,0  ,-2 ,-2 ,+12 ,-6 ,0  ,-10 ,-1
23.4563049 ,Left ,-2 ,+1 ,+8 ,+27 ,+10 ,+17 ,0  ,+2
23.4563082 ,Left ,-1 ,-6 ,-15 ,-18 ,-14 ,-16 ,+19 ,-3
23.4577138 ,Left ,-3 ,+5 ,+21 ,-38 ,+2 ,+5 ,+5 ,-8
23.4577226 ,Left ,+2 ,0  ,-13 ,+17 ,-2 ,+10 ,-13 ,+20
23.4788765 ,Left ,-4 ,-3 ,-3 ,-16 ,-5 ,-11 ,+99 ,0 
23.4788792 ,Left ,-8 ,-2 ,-5 ,-13 ,-2 ,+1 ,-34 ,-21
23.4803479 ,Left ,0  ,-1 ,+6 ,+10 ,-4 ,+15 ,+19 ,+16
23.4803506 ,Left ,+6 ,-2 ,-10 ,-25 ,+25 ,-4 ,-26 ,-11
23.4923478 ,Left ,-7 ,-5 ,-3 ,-16 ,-39 ,+20 ,+5 ,+4
23.4923508 ,Left ,+1 ,+1 ,+3 ,+5 ,+17 ,-32 ,-19 ,-5
23.501278 ,Left ,0  ,+6 ,+6 ,+10 ,+5 ,-31 ,+20 ,+6
23.5012808 ,Left ,-7 ,-7 ,-12 ,+3 ,-3 ,+4 ,-38 ,-7
23.5160838 ,Left ,+8 ,+2 ,+6 ,+4 ,+5 ,-3 ,-20 ,-2
23.5160871 ,Left ,+5 ,+9 ,+4 ,-32 ,+8 ,+10 ,+46 ,+15
23.5176694 ,Left ,-5 ,-8 ,-8 ,+55 ,-36 ,+3 ,-89 ,-16
23.5176725 ,Left ,-4 ,-4 ,+1 ,-1 ,-5 ,-10 ,+31 ,-5
23.5388594 ,Left ,+4 ,+6 ,+2 ,-26 ,+6 ,+14 ,-17 ,-4
23.5388653 ,Left ,-2 ,-6 ,-10 ,-29 ,-5 ,-8 ,+2 ,+1
23.5403707 ,Left ,-4 ,-6 ,+2 ,+3 ,+11 ,-7 ,+21 ,-2
23.5403739 ,Left ,+2 ,-1 ,-12 ,-21 ,-28 ,+12 ,+6 ,-3
23.5527199 ,Left ,+2 ,+11 ,+15 ,+16 ,+7 ,-6 ,-10 ,-2
23.5527238 ,Left ,0  ,+5 ,+1 ,+5 ,+7 ,+12 ,+4 ,+7
23.5687762 ,Left ,+2 ,-1 ,+28 ,+13 ,-9 ,-6 ,-3 ,-3
23.5687789 ,Left ,-1 ,+4 ,-13 ,-29 ,+5 ,+10 ,+13 ,-4
23.5762648 ,Left ,-3 ,-13 ,-1 ,+18 ,+8 ,-11 ,-15 ,+3
23.5762678 ,Left ,+1 ,+1 ,-13 ,-23 ,-18 ,-5 ,-7 ,-3
23.5777587 ,Left ,0  ,+3 ,+13 ,0  ,+7 ,+7 ,+3 ,-4
23.5777614 ,Left ,-4 ,-7 ,-3 ,+24 ,0  ,-8 ,+6 ,-2
23.5988453 ,Left ,+1 ,+4 ,+17 ,-20 ,+3 ,-1 ,-4 ,-1
23.5988481 ,Left ,0  ,0  ,+21 ,+79 ,+7 ,+15 ,-2 ,+2
23.6003549 ,Left ,-2 ,-5 ,-57 ,-86 ,-5 ,+10 ,+14 ,-3
23.6003574 ,Left ,0  ,-4 ,-7 ,+44 ,+8 ,-52 ,-15 ,+3
23.612403 ,Left ,-5 ,-4 ,-6 ,+15 ,-21 ,+40 ,+1 ,-7
23.6124059 ,Left ,-4 ,-7 ,-4 ,+3 ,-14 ,-8 ,-12 ,-6
23.6212368 ,Left ,+4 ,+10 ,+29 ,+25 ,+4 ,+10 ,+22 ,+4
23.6212392 ,Left ,-1 ,+1 ,+5 ,-31 ,+12 ,-12 ,-5 ,-4
23.6354505 ,Left ,0  ,-4 ,-11 ,+15 ,-26 ,-28 ,+29 ,+6
23.6354531 ,Left ,-1 ,+1 ,0  ,-5 ,+7 ,+40 ,-18 ,-4
23.6422675 ,Left ,+1 ,0  ,-9 ,+8 ,+1 ,+10 ,+4 ,0 
23.64227 ,Left ,-1 ,-2 ,-4 ,-19 ,-14 ,-15 ,-5 ,-3
23.658811 ,Left ,-3 ,-5 ,-3 ,0  ,+10 ,-17 ,+13 ,-7
23.6588142 ,Left ,-5 ,-2 ,-2 ,-3 ,+7 ,-8 ,+31 ,+17
23.6602444 ,Left ,+1 ,-4 ,-4 ,-2 ,+4 ,-8 ,-33 ,-8
23.6602469 ,Left ,-3 ,-2 ,+7 ,+18 ,-23 ,+43 ,+44 ,+4
23.6722702 ,Left ,0  ,0  ,-4 ,-26 ,+15 ,-22 ,-5 ,0 
23.6722727 ,Left ,+4 ,-4 ,-5 ,+8 ,+4 ,+18 ,-8 ,-12
23.6812385 ,Left ,+1 ,+1 ,-1 ,-5 ,-19 ,-4 ,+24 ,+27
23.6812412 ,Left ,-4 ,+1 ,+3 ,-4 ,+32 ,+22 ,+11 ,-10
23.6954656 ,Left ,+4 ,0  ,-5 ,0  ,-9 ,-9 ,-51 ,-3
23.695468 ,Left ,+1 ,-3 ,0  ,+5 ,-8 ,+1 ,+35 ,+1
23.7023418 ,Left ,-1 ,0  ,0  ,+4 ,+10 ,-23 ,-6 ,-3
23.7023442 ,Left ,-2 ,+1 ,0  ,-7 ,-7 ,+37 ,+2 ,+5
23.7185899 ,Left ,+4 ,0  ,-4 ,-9 ,-6 ,-7 ,-15 ,+7
23.7185929 ,Left ,-3 ,-3 ,+2 ,+16 ,+18 ,-7 ,-3 ,-2
23.7202788 ,Left ,+1 ,0  ,-8 ,-60 ,-40 ,-13 ,-8 ,-5
23.7202817 ,Left ,-2 ,+1 ,-1 ,-27 ,+5 ,+2 ,-6 ,+1
23.749404 ,Left ,-4 ,-4 ,-1 ,+12 ,+6 ,+8 ,-1 ,-5
23.7494072 ,Left ,-3 ,-7 ,-9 ,-6 ,-9 ,-17 ,-7 ,-1
23.7509591 ,Left ,-4 ,0  ,0  ,-1 ,+8 ,+5 ,-5 ,-6
23.7509621 ,Left ,+1 ,-5 ,+5 ,+25 ,-7 ,-6 ,-7 ,-3
23.7546603 ,Left ,0  ,+2 ,-1 ,-20 ,+13 ,+6 ,+3 ,+5
23.7546631 ,Left ,0  ,+7 ,+11 ,-18 ,-5 ,-5 ,-7 ,-2
23.7628971 ,Left ,-5 ,-3 ,+1 ,+29 ,+13 ,-2 ,-11 ,-4
23.7628997 ,Left ,-1 ,-5 ,-3 ,-23 ,-7 ,-5 ,+2 ,0 
23.7779363 ,Left ,-7 ,-11 ,-28 ,+45 ,+1 ,-8 ,-10 ,-7
23.7779394 ,Left ,+1 ,0  ,-1 ,+11 ,-22 ,-12 ,-6 ,+2
23.7787301 ,Left ,-2 ,-1 ,+1 ,-28 ,+18 ,+29 ,+2 ,-7
23.778733 ,Left ,+3 ,+7 ,+28 ,+21 ,-2 ,+1 ,+14 ,0 
23.8004097 ,Left ,-3 ,-5 ,-17 ,-18 ,-11 ,-13 ,-20 ,-2
23.8004126 ,Left ,-3 ,-4 ,-16 ,-6 ,+2 ,+2 ,-22 ,+1
23.8011948 ,Left ,0  ,+3 ,+19 ,+21 ,-8 ,-10 ,+64 ,-5
23.8011977 ,Left ,+2 ,-6 ,-42 ,-25 ,+6 ,-1 ,-3 ,+2
23.8150226 ,Left ,-4 ,+3 ,+21 ,-15 ,-23 ,+14 ,+32 ,-2
23.8150256 ,Left ,0  ,+1 ,+10 ,+31 ,+7 ,-6 ,-3 ,+2
23.8229898 ,Left ,-1 ,-1 ,0  ,-16 ,+7 ,-5 ,+3 ,+2
23.8229925 ,Left ,0  ,+3 ,+10 ,+29 ,-3 ,+15 ,+6 ,+3
23.8380045 ,Left ,-2 ,-1 ,-12 ,-27 ,+3 ,-2 ,-4 ,-2
23.8380076 ,Left ,-1 ,-3 ,-4 ,+2 ,-1 ,-4 ,+8 ,0 
23.8388158 ,Left ,0  ,-1 ,-1 ,+7 ,0  ,-2 ,-11 ,-3
23.8388189 ,Left ,-1 ,+1 ,+4 ,+19 ,+5 ,-8 ,-8 ,-1
23.8607332 ,Left ,-3 ,-4 ,-8 ,-17 ,+1 ,0  ,-14 ,-1
23.8607361 ,Left ,-6 ,+3 ,+4 ,-12 ,-1 ,0  ,+6 ,+1
23.861518 ,Left ,+1 ,0  ,-1 ,+18 ,+3 ,-2 ,-16 ,+4
23.861521 ,Left ,-2 ,-3 ,-10 ,-36 ,-6 ,-11 ,-8 ,-2
23.8747796 ,Left ,-1 ,-4 ,+6 ,+34 ,+3 ,-1 ,+1 ,-3
23.8747826 ,Left ,-3 ,-4 ,0  ,+25 ,+3 ,+2 ,-9 ,-2
23.8829061 ,Left ,-2 ,-4 ,-6 ,-22 ,-4 ,-4 ,-5 ,-4
23.8829087 ,Left ,0  ,0  ,-2 ,+11 ,-1 ,-7 ,-3 ,-2
23.8981431 ,Left ,+1 ,0  ,0  ,-27 ,-2 ,+4 ,+2 ,+1
23.898146 ,Left ,0  ,-2 ,+1 ,-37 ,-2 ,-2 ,-2 ,-2
23.8987722 ,Left ,-3 ,-2 ,-15 ,-18 ,-2 ,+1 ,-14 ,-2
23.8987747 ,Left ,-3 ,-5 ,+8 ,+73 ,+5 ,-5 ,-1 ,-2
23.9207234 ,Left ,-1 ,0  ,+2 ,-9 ,+1 ,+10 ,-6 ,-3
23.9207264 ,Left ,+2 ,-1 ,-3 ,+7 ,+3 ,+9 ,+5 ,-2
23.9212611 ,Left ,-1 ,-2 ,+1 ,+13 ,0  ,-8 ,-5 ,-2
23.9212644 ,Left ,-4 ,-4 ,-16 ,-73 ,-6 ,-2 ,-4 ,-1
23.9350056 ,Left ,0  ,-2 ,+6 ,+34 ,+10 ,+7 ,-8 ,-1
23.935009 ,Left ,+1 ,+3 ,+3 ,-20 ,-14 ,+7 ,+2 ,-2
23.943081 ,Left ,-1 ,0  ,+6 ,+25 ,+2 ,-3 ,-5 ,-1
23.943084 ,Left ,+1 ,-2 ,-10 ,-13 ,+1 ,-2 ,+2 ,+1
23.9583585 ,Left ,0  ,-2 ,+3 ,+15 ,+2 ,-1 ,-6 ,+1
23.958469 ,Left ,-1 ,-1 ,-2 ,-4 ,0  ,-14 ,-5 ,-1
23.9590384 ,Left ,-1 ,+1 ,+14 ,0  ,+3 ,+11 ,-1 ,0 
23.9591922 ,Left ,+1 ,+1 ,-5 ,-23 ,-15 ,-6 ,-8 ,-1
23.9805922 ,Left ,-1 ,+1 ,-4 ,-14 ,-1 ,-17 ,0  ,0 
23.9806016 ,Left ,+1 ,-2 ,+3 ,+12 ,-2 ,+5 ,-6 ,-3
23.9813574 ,Left ,-2 ,0  ,+2 ,-33 ,0  ,-6 ,+2 ,-1
23.9813662 ,Left ,+1 ,+2 ,+11 ,+58 ,+36 ,+12 ,-1 ,0 
23.9949383 ,Left ,-1 ,-3 ,-4 ,-30 ,-22 ,-22 ,-3 ,-4
23.9949421 ,Left ,-2 ,0  ,-5 ,0  ,-3 ,-9 ,-3 ,0 
24.0030422 ,Left ,-2 ,-4 ,-6 ,+22 ,-3 ,+2 ,-9 ,-6
24.0030453 ,Left ,+2 ,+2 ,+1 ,-23 ,-15 ,+4 ,+5 ,+2
24.0180225 ,Left ,-2 ,0  ,-2 ,-18 ,+10 ,+9 ,-26 ,-8
24.0180252 ,Left ,-6 ,-2 ,+6 ,+59 ,+5 ,-11 ,+58 ,+9
24.018929 ,Left ,+10 ,0  ,-5 ,+3 ,+13 ,+10 ,-1 ,+3
24.0189318 ,Left ,-6 ,-2 ,+1 ,-19 ,+10 ,-27 ,-13 ,-7
24.0406241 ,Left ,0  ,+3 ,+4 ,+10 ,-10 ,+45 ,+60 ,+6
24.0406269 ,Left ,-5 ,-4 ,-9 ,-38 ,-10 ,+3 ,-22 ,-10
24.0413661 ,Left ,+5 ,-3 ,-7 ,-10 ,+3 ,-33 ,+26 ,+14
24.0413689 ,Left ,-2 ,+1 ,+9 ,+19 ,+4 ,+11 ,-22 ,-4
24.0554098 ,Left ,-5 ,0  ,+3 ,+7 ,+6 ,-20 ,-18 ,-10
24.0554125 ,Left ,+3 ,+1 ,-3 ,-26 ,-6 ,+2 ,+7 ,+4
24.0562801 ,Left ,-3 ,-3 ,-5 ,+31 ,-11 ,+4 ,+35 ,+3
24.0562826 ,Left ,-2 ,-5 ,-9 ,-7 ,-9 ,-3 ,-21 ,-5
24.0781026 ,Left ,-1 ,+1 ,-3 ,-30 ,-4 ,-6 ,-5 ,+3
24.0781054 ,Left ,0  ,-1 ,+5 ,+59 ,+8 ,+3 ,-17 ,-6
24.0788442 ,Left ,-2 ,0  ,-3 ,-50 ,0  ,+3 ,-18 ,-6
24.0788468 ,Left ,-1 ,-4 ,-1 ,+3 ,-24 ,-6 ,+8 ,+2
24.1004606 ,Left ,-3 ,-3 ,+1 ,+29 ,+4 ,+4 ,-5 ,-3
24.100463 ,Left ,+2 ,-3 ,-11 ,-23 ,+8 ,0  ,-1 ,0 
24.1014972 ,Left ,-4 ,+2 ,+6 ,+41 ,+4 ,-2 ,-9 ,-2
24.1015003 ,Left ,+2 ,+6 ,+7 ,-34 ,-11 ,-7 ,+6 ,+2
24.1149678 ,Left ,-5 ,-21 ,-80 ,-60 ,0  ,-1 ,+3 ,0 
24.1149706 ,Left ,+3 ,+1 ,+36 ,+30 ,-7 ,-2 ,-4 ,-2
24.1230948 ,Left ,-3 ,-8 ,-58 ,-40 ,-1 ,+1 ,-15 ,-4
24.1230978 ,Left ,+1 ,0  ,+25 ,+20 ,-2 ,+2 ,+3 ,-2
24.1379127 ,Left ,-1 ,-2 ,+22 ,+66 ,+14 ,-1 ,-3 ,+1
24.1379179 ,Left ,-3 ,-8 ,-48 ,-78 ,-9 ,-3 ,-9 ,-2
24.1387244 ,Left ,-3 ,-2 ,+19 ,+16 ,-2 ,0  ,-8 ,-4
24.1387271 ,Left ,+3 ,+4 ,+9 ,+12 ,+27 ,+3 ,+10 ,+2
24.1605615 ,Left ,+4 ,+13 ,+51 ,+40 ,-5 ,-4 ,+2 ,+3
24.1605647 ,Left ,-3 ,-4 ,-34 ,-29 ,-7 ,-3 ,-6 ,-3
24.1614052 ,Left ,+1 ,+5 ,+12 ,+2 ,+7 ,+1 ,-2 ,-2
24.161487 ,Left ,0  ,-5 ,-12 ,+9 ,-8 ,-2 ,+9 ,+1
24.1911912 ,Left ,-3 ,-2 ,+6 ,-3 ,+24 ,-3 ,-5 ,-3
24.1911943 ,Left ,+2 ,+10 ,+10 ,+6 ,-26 ,-3 ,-5 ,-2
24.1921002 ,Left ,-3 ,-1 ,+4 ,+3 ,+5 ,0  ,-6 ,-1
24.192103 ,Left ,-1 ,-3 ,-19 ,-62 ,-11 ,+1 ,+2 ,0 
24.1980589 ,Left ,+1 ,0  ,+6 ,+89 ,+2 ,-2 ,0  ,-1
24.1980618 ,Left ,-1 ,-3 ,+6 ,+4 ,+4 ,-1 ,-10 ,-3
24.1988462 ,Left ,-3 ,0  ,-1 ,+1 ,-2 ,-4 ,+12 ,-8
24.1988486 ,Left ,-2 ,+1 ,+2 ,+13 ,-6 ,-1 ,+1 ,-1
24.2204512 ,Left ,+2 ,+3 ,-8 ,-88 ,-5 ,+3 ,+1 ,+7
24.2204538 ,Left ,-3 ,-5 ,+2 ,+15 ,+5 ,+1 ,-2 ,-2
24.2213032 ,Left ,-3 ,+1 ,+12 ,+8 ,-13 ,-6 ,-8 ,-4
24.2213057 ,Left ,+2 ,-3 ,-6 ,-8 ,+10 ,+4 ,+5 ,+1
24.243663 ,Left ,-4 ,-2 ,-10 ,-43 ,-11 ,+5 ,-3 ,-7
24.2436655 ,Left ,0  ,+1 ,+11 ,+20 ,+10 ,-5 ,+4 ,+4
24.2446277 ,Left ,-1 ,-3 ,-7 ,-10 ,-9 ,0  ,-10 ,-2
24.2446309 ,Left ,-2 ,-2 ,-2 ,-6 ,-6 ,-1 ,+1 ,0 
24.2578649 ,Left ,0  ,+2 ,0  ,+1 ,0  ,+8 ,+1 ,-1
24.2578677 ,Left ,-1 ,0  ,+2 ,-23 ,0  ,-46 ,-11 ,-2
24.2586907 ,Left ,+1 ,+2 ,+2 ,+20 ,-3 ,-3 ,-7 ,+1
24.2586931 ,Left ,-2 ,-3 ,-6 ,-4 ,+6 ,+3 ,-18 ,-4
24.2806972 ,Left ,0  ,0  ,+3 ,+32 ,-8 ,-4 ,+15 ,0 
24.2807001 ,Left ,0  ,-1 ,+3 ,-1 ,+3 ,+2 ,-9 ,-2
24.2814959 ,Left ,-1 ,+2 ,0  ,-18 ,-3 ,-7 ,+7 ,+4
24.2814993 ,Left ,-1 ,-2 ,-6 ,+10 ,-3 ,+11 ,+8 ,-3
24.2947334 ,Left ,+1 ,-1 ,-2 ,-19 ,-3 ,-6 ,+3 ,+7
24.2947366 ,Left ,-1 ,-2 ,0  ,+3 ,-2 ,+6 ,+14 ,-2
24.3032773 ,Left ,-3 ,-6 ,-2 ,+1 ,-1 ,+4 ,+13 ,+2
24.3032803 ,Left ,-2 ,-2 ,-3 ,-4 ,-14 ,+17 ,-64 ,-19
24.3181103 ,Left ,+8 ,-1 ,+4 ,+36 ,+37 ,+5 ,-13 ,-7
24.3181133 ,Left ,-6 ,-5 ,-7 ,-42 ,-54 ,-1 ,+1 ,-2
24.3189268 ,Left ,+2 ,+1 ,-1 ,-5 ,-5 ,+8 ,-14 ,+5
24.3189297 ,Left ,-1 ,+6 ,+3 ,-21 ,+14 ,-12 ,+44 ,+6
24.3404544 ,Left ,-8 ,-7 ,0  ,+18 ,-15 ,-5 ,-23 ,-5
24.3404575 ,Left ,0  ,+1 ,0  ,-19 ,+14 ,+15 ,-3 ,-1
24.3412028 ,Left ,0  ,-4 ,-8 ,+5 ,-1 ,-1 ,+14 ,-2
24.3412055 ,Left ,-3 ,-5 ,+4 ,+30 ,-19 ,-13 ,-5 ,+1
24.3546802 ,Left ,-1 ,+4 ,-16 ,-40 ,-4 ,-8 ,-1 ,-1
24.3546827 ,Left ,+2 ,+3 ,+4 ,+26 ,+14 ,+8 ,+7 ,+2
24.3705326 ,Left ,0  ,+12 ,+19 ,-11 ,-7 ,-4 ,0  ,-1
24.3705354 ,Left ,-1 ,-3 ,-16 ,-11 ,+14 ,-5 ,+5 ,+3
24.3781482 ,Left ,-4 ,-13 ,-3 ,-21 ,-8 ,-4 ,-11 ,-2
24.3781509 ,Left ,-2 ,-1 ,-7 ,+22 ,+1 ,+4 ,+6 ,0 
24.3790066 ,Left ,+1 ,+3 ,-7 ,+24 ,+8 ,-1 ,-9 ,-3
24.3790099 ,Left ,+2 ,+5 ,+17 ,+15 ,+2 ,-4 ,-3 ,+2
24.4006502 ,Left ,0  ,-2 ,+9 ,-6 ,-20 ,0  ,+14 ,+1
24.400653 ,Left ,-3 ,-1 ,+7 ,-10 ,+5 ,-1 ,-5 ,-2
24.4014161 ,Left ,0  ,+4 ,+6 ,+3 ,-5 ,-5 ,-5 ,-2
24.4014189 ,Left ,-2 ,-8 ,-22 ,-6 ,0  ,0  ,+11 ,+2
24.4228689 ,Left ,-3 ,-5 ,-35 ,-44 ,-4 ,-3 ,+3 ,-1
24.4228718 ,Left ,0  ,-1 ,+4 ,+15 ,+24 ,+2 ,-4 ,-1
24.4236805 ,Left ,-5 ,-5 ,+5 ,-23 ,-20 ,-3 ,-10 ,-5
24.4236831 ,Left ,+3 ,+6 ,+22 ,+31 ,+1 ,-2 ,+7 ,+1
24.4381772 ,Left ,-1 ,+7 ,+29 ,+30 ,+4 ,-3 ,0  ,0 
24.4381801 ,Left ,-2 ,-5 ,-28 ,-1 ,+15 ,+3 ,-3 ,-1
24.4389713 ,Left ,-1 ,-7 ,-4 ,+1 ,+2 ,+3 ,+5 ,-1
24.4389744 ,Left ,-1 ,-3 ,-7 ,-15 ,-4 ,-4 ,0  ,+2
24.4605532 ,Left ,-1 ,+3 ,+8 ,+18 ,-2 ,-3 ,0  ,-1
24.4605561 ,Left ,+3 ,+1 ,+1 ,-34 ,-10 ,0  ,+2 ,+1
24.4613497 ,Left ,-3 ,-4 ,-12 ,-17 ,+4 ,+10 ,+2 ,+1
24.4613521 ,Left ,-4 ,-5 ,+1 ,+36 ,-3 ,-25 ,-4 ,-2
24.4833181 ,Left ,+1 ,+5 ,+2 ,-6 ,-2 ,+3 ,-7 ,0 
24.4833262 ,Left ,0  ,-1 ,+4 ,+1 ,-1 ,-7 ,+13 ,-2
24.483809 ,Left ,-2 ,-5 ,-10 ,-2 ,0  ,+2 ,-4 ,-4
24.4838117 ,Left ,0  ,+1 ,+4 ,-24 ,0  ,+6 ,-2 ,0 
24.4974071 ,Left ,-2 ,-1 ,-6 ,-2 ,+7 ,+5 ,+3 ,-2
24.4974941 ,Left ,+1 ,-2 ,-1 ,+1 ,-9 ,-16 ,-14 ,-1
24.5054658 ,Left ,0  ,-4 ,+1 ,-1 ,-15 ,-4 ,-9 ,-2
24.5054686 ,Left ,-2 ,+1 ,0  ,-5 ,+3 ,+4 ,+7 ,-1
24.5288838 ,Left ,0  ,-1 ,-3 ,-4 ,+2 ,+2 ,+3 ,-1
24.5288865 ,Left ,-2 ,0  ,+5 ,+2 ,-12 ,+6 ,0  ,-1
24.5295938 ,Left ,0  ,-1 ,+2 ,+14 ,+20 ,-4 ,+1 ,-1
24.5295965 ,Left ,-2 ,-1 ,-8 ,-16 ,-6 ,+2 ,0  ,-3
24.5430692 ,Left ,0  ,-3 ,+6 ,+8 ,+8 ,-2 ,-1 ,-1
24.5430719 ,Left ,+1 ,+9 ,+2 ,+3 ,+1 ,+3 ,-1 ,+1
24.5438755 ,Left ,-3 ,-6 ,+2 ,+17 ,+9 ,-4 ,-1 ,-2
24.5438784 ,Left ,+1 ,-3 ,-20 ,-18 ,-3 ,+1 ,0  ,-1
24.5575065 ,Left ,-3 ,-5 ,-1 ,-44 ,-3 ,-2 ,+1 ,-1
24.5575101 ,Left ,+2 ,+7 ,+13 ,+32 ,+1 ,+2 ,-1 ,0 
24.5657332 ,Left ,-1 ,-10 ,-28 ,-42 ,-6 ,-2 ,-2 ,0 
24.5657361 ,Left ,0  ,-6 ,+7 ,+29 ,-1 ,-1 ,-3 ,-3
24.5803887 ,Left ,+3 ,+17 ,+9 ,+4 ,-6 ,-5 ,0  ,+1
24.580486 ,Left ,-6 ,-6 ,-9 ,-4 ,+3 ,+1 ,-2 ,-2
24.5812953 ,Left ,-4 ,0  ,+6 ,+4 ,-13 ,-2 ,-1 ,0 
24.5813124 ,Left ,-4 ,-8 ,-3 ,-4 ,+20 ,+2 ,+1 ,-2
24.603026 ,Left ,+7 ,0  ,+1 ,+19 ,+9 ,-1 ,-1 ,+1
24.6030287 ,Left ,0  ,0  ,-1 ,-28 ,+2 ,+4 ,+2 ,+2
24.60396 ,Left ,-1 ,-1 ,+5 ,+70 ,+4 ,-3 ,-2 ,-1
24.6039629 ,Left ,-2 ,-2 ,-6 ,-22 ,-15 ,-4 ,-2 ,-2
24.6175115 ,Left ,-4 ,-5 ,+2 ,+19 ,+3 ,-2 ,0  ,-3
24.6175146 ,Left ,+1 ,+1 ,-16 ,-14 ,+4 ,+2 ,-1 ,-2
24.632965 ,Left ,+2 ,+1 ,+10 ,-9 ,-1 ,-3 ,-2 ,-1
24.632968 ,Left ,-2 ,+2 ,+4 ,+12 ,+4 ,0  ,-1 ,+1
24.6406732 ,Left ,-2 ,0  ,+1 ,+2 ,-9 ,-1 ,-1 ,+1
24.6406766 ,Left ,-1 ,-5 ,+2 ,+2 ,-5 ,+3 ,+1 ,-1
24.6413676 ,Left ,-1 ,-1 ,-2 ,-1 ,+5 ,-8 ,-3 ,-2
24.6413706 ,Left ,0  ,+3 ,+3 ,+6 ,-6 ,+1 ,+1 ,0 
24.6632351 ,Left ,0  ,-5 ,-7 ,-13 ,-6 ,-1 ,0  ,0 
24.6632386 ,Left ,-2 ,-4 ,-1 ,+8 ,+1 ,0  ,-1 ,-3
24.6639569 ,Left ,+1 ,+3 ,+4 ,+14 ,-7 ,+2 ,0  ,+1
24.6639599 ,Left ,-2 ,0  ,-5 ,-55 ,+17 ,0  ,-3 ,-1
24.6778551 ,Left ,-4 ,-7 ,-10 ,-2 ,-6 ,-4 ,-3 ,-2
24.6778585 ,Left ,0  ,+2 ,+5 ,+2 ,0  ,+2 ,0  ,0 
24.6786663 ,Left ,+1 ,+1 ,-1 ,+3 ,+18 ,+4 ,0  ,-1
24.6786689 ,Left ,0  ,+1 ,+3 ,+16 ,-42 ,-5 ,-2 ,-1
24.7086223 ,Left ,-1 ,+2 ,+1 ,0  ,+1 ,+1 ,+1 ,-1
24.7086251 ,Left ,-1 ,-6 ,0  ,-1 ,+4 ,-4 ,-1 ,-2
24.7093873 ,Left ,+1 ,0  ,-7 ,-36 ,-10 ,-2 ,+1 ,-1
24.7093899 ,Left ,+2 ,0  ,-3 ,+32 ,0  ,-2 ,-2 ,-1
24.7236777 ,Left ,+1 ,+2 ,-2 ,-14 ,+2 ,-1 ,+1 ,+1
24.7236803 ,Left ,-1 ,-1 ,+8 ,+10 ,-10 ,-2 ,-3 ,0 
24.7244956 ,Left ,-1 ,-2 ,-3 ,0  ,+1 ,0  ,-1 ,-1
24.7245278 ,Left ,-1 ,0  ,+7 ,-7 ,+3 ,+4 ,+1 ,-1
24.7372162 ,Left ,+1 ,0  ,+1 ,+17 ,-5 ,0  ,+1 ,-1
24.7372187 ,Left ,-3 ,-2 ,-6 ,+24 ,+9 ,-4 ,-4 ,-3
24.7457367 ,Left ,-1 ,-4 ,-1 ,-17 ,-7 ,-2 ,-2 ,0 
24.74574 ,Left ,-2 ,-1 ,+1 ,+4 ,+6 ,-1 ,-1 ,-1
24.760455 ,Left ,-3 ,-1 ,-6 ,-11 ,-2 ,0  ,+1 ,-2
24.760458 ,Left ,+2 ,-5 ,-1 ,-5 ,0  ,0  ,-1 ,-2
24.7612709 ,Left ,-1 ,-3 ,-8 ,-3 ,-3 ,-1 ,0  ,-1
24.7612735 ,Left ,+1 ,+2 ,+3 ,+9 ,-8 ,-3 ,0  ,-2
24.7839152 ,Left ,-1 ,-7 ,+1 ,0  ,+47 ,0  ,-1 ,0 
24.7839182 ,Left ,0  ,+8 ,+16 ,+13 ,-34 ,-2 ,+2 ,+2
24.7846264 ,Left ,-4 ,-8 ,-35 ,-40 ,-11 ,0  ,-5 ,-2
24.7846293 ,Left ,-2 ,-1 ,+1 ,+4 ,+21 ,+3 ,-2 ,-1
24.7979408 ,Left ,-3 ,-3 ,0  ,-2 ,-6 ,-2 ,-1 ,0 
24.7979438 ,Left ,-1 ,+2 ,+4 ,-4 ,+7 ,+2 ,-2 ,+1
24.7987371 ,Left ,+3 ,+4 ,+10 ,+7 ,+8 ,+1 ,+1 ,0 
24.7987397 ,Left ,-3 ,-1 ,-3 ,-3 ,-8 ,+2 ,+3 ,0 
24.8207005 ,Left ,-1 ,-1 ,-4 ,-8 ,-12 ,-2 ,-3 ,-2
24.8207035 ,Left ,-1 ,-3 ,-5 ,0  ,+7 ,-1 ,+1 ,-2
24.8215267 ,Left ,-3 ,-3 ,+2 ,+12 ,-5 ,+3 ,-1 ,-1
24.8215298 ,Left ,+1 ,+5 ,-5 ,-21 ,-19 ,-4 ,-1 ,0 
24.8435852 ,Left ,-1 ,-1 ,+10 ,+63 ,+12 ,+1 ,0  ,+2
24.8435915 ,Left ,-1 ,-4 ,-8 ,-63 ,-6 ,-3 ,-2 ,-3
24.8443605 ,Left ,-3 ,-4 ,-8 ,-13 ,-12 ,-4 ,-2 ,-3
24.8443635 ,Left ,+1 ,+1 ,+4 ,+14 ,0  ,-3 ,-3 ,0 
24.8580273 ,Left ,-1 ,-1 ,-6 ,-14 ,-9 ,-3 ,-1 ,-1
24.858031 ,Left ,-1 ,-1 ,+3 ,+6 ,+2 ,+2 ,+3 ,-1
24.8588514 ,Left ,-1 ,+2 ,+4 ,+12 ,-14 ,-1 ,0  ,-1
24.858854 ,Left ,0  ,-4 ,-6 ,-11 ,+7 ,0  ,-2 ,-1
24.8805552 ,Left ,-1 ,-2 ,-2 ,-20 ,-8 ,+2 ,0  ,-4
24.8805581 ,Left ,-3 ,-3 ,-8 ,+6 ,+20 ,-2 ,-3 ,-3
24.8812646 ,Left ,+1 ,+3 ,+7 ,+2 ,+7 ,-2 ,-1 ,0 
24.8812675 ,Left ,-1 ,-5 ,-1 ,+9 ,-1 ,-1 ,-1 ,0 
24.9039305 ,Left ,-1 ,0  ,-2 ,-8 ,-3 ,-1 ,-2 ,0 
24.9039338 ,Left ,-4 ,-5 ,-6 ,+5 ,-4 ,-1 ,0  ,0 
24.9046453 ,Left ,-2 ,+1 ,+4 ,+6 ,+1 ,-3 ,0  ,0 
24.9046487 ,Left ,-3 ,-1 ,0  ,0  ,+29 ,+2 ,-2 ,-2
24.9260814 ,Left ,+1 ,0  ,+1 ,+36 ,0  ,+6 ,0  ,-1
24.9260848 ,Left ,0  ,-3 ,-11 ,-65 ,-2 ,-11 ,-6 ,-2
24.9270385 ,Left ,0  ,+3 ,+11 ,+6 ,-4 ,+1 ,0  ,-1
24.9270417 ,Left ,-2 ,-4 ,-1 ,+19 ,-1 ,+1 ,+3 ,-1
24.9406702 ,Left ,-3 ,-1 ,-2 ,-10 ,-8 ,-3 ,-1 ,0 
24.940673 ,Left ,0  ,0  ,+1 ,+26 ,+2 ,+4 ,+1 ,-1
24.9413816 ,Left ,0  ,-4 ,-5 ,-23 ,+11 ,0  ,0  ,-3
24.9413843 ,Left ,0  ,-1 ,+3 ,+32 ,-7 ,-2 ,-1 ,0 
24.9636798 ,Left ,+1 ,-1 ,-7 ,-7 ,+6 ,+1 ,0  ,-1
24.9636829 ,Left ,0  ,+1 ,+9 ,+12 ,-2 ,0  ,+2 ,+1
24.9643869 ,Left ,-2 ,-2 ,-3 ,+6 ,-2 ,-4 ,-3 ,-2
24.964483 ,Left ,-1 ,-1 ,-2 ,-10 ,-6 ,-1 ,-1 ,-2
24.9781227 ,Left ,-1 ,-1 ,-4 ,-18 ,-18 ,-2 ,-2 ,-1
24.9781255 ,Left ,+1 ,0  ,+3 ,+25 ,+18 ,0  ,-2 ,0 
24.9789218 ,Left ,-1 ,0  ,-7 ,+3 ,-1 ,0  ,-1 ,+1
24.9789246 ,Left ,-1 ,-1 ,+3 ,-12 ,-36 ,-4 ,-2 ,-1
25.0003621 ,Left ,-1 ,-1 ,-3 ,+3 ,+4 ,-4 ,-2 ,-3
25.0003646 ,Left ,-2 ,-2 ,-5 ,-17 ,-21 ,-2 ,-1 ,0 
25.0011148 ,Left ,-1 ,-3 ,+7 ,+23 ,+10 ,+5 ,+2 ,0 
25.0012144 ,Left ,0  ,+2 ,-3 ,+11 ,+10 ,-4 ,-2 ,-1
25.0237606 ,Left ,-3 ,-4 ,+2 ,-35 ,-13 ,-3 ,-2 ,-4
25.0237634 ,Left ,-1 ,-1 ,-1 ,+34 ,-1 ,-1 ,+1 ,-1
25.0245221 ,Left ,-2 ,0  ,0  ,-19 ,+4 ,0  ,-1 ,-2
25.024525 ,Left ,-1 ,-3 ,-3 ,-13 ,-3 ,-2 ,-1 ,+1
25.0379801 ,Left ,+1 ,+2 ,+3 ,+5 ,-10 ,-4 ,-1 ,+1
25.0379828 ,Left ,-1 ,-2 ,-7 ,0  ,+6 ,+1 ,0  ,-2
25.0389762 ,Left ,-2 ,-3 ,-3 ,-7 ,-34 ,0  ,-1 ,0 
25.0389792 ,Left ,+1 ,-2 ,-6 ,-18 ,-1 ,-2 ,-1 ,-1
25.0605934 ,Left ,0  ,+2 ,+3 ,+3 ,-1 ,0  ,-1 ,0 
25.0605962 ,Left ,-2 ,-3 ,-3 ,-7 ,-6 ,+2 ,-2 ,0 
25.0615589 ,Left ,-1 ,-1 ,+1 ,+10 ,+7 ,-2 ,-2 ,-1
25.0615624 ,Left ,-1 ,+2 ,+1 ,-9 ,+2 ,+4 ,0  ,0 
25.0836952 ,Left ,+1 ,0  ,0  ,+2 ,-5 ,-1 ,-2 ,-2
25.083698 ,Left ,0  ,+1 ,-1 ,+7 ,+3 ,-3 ,-1 ,-1
25.0844858 ,Left ,-2 ,-1 ,-3 ,-8 ,-4 ,-1 ,0  ,-2
25.0844883 ,Left ,-1 ,0  ,-2 ,-2 ,-2 ,-2 ,-1 ,-2
25.1064457 ,Left ,0  ,-2 ,-6 ,-5 ,+23 ,+1 ,+2 ,-1
25.1064488 ,Left ,-2 ,+1 ,+2 ,-5 ,-3 ,-2 ,-1 ,-2
25.107036 ,Left ,0  ,-4 ,+4 ,+12 ,+6 ,-4 ,-2 ,-2
25.1070389 ,Left ,0  ,-5 ,-15 ,-34 ,-7 ,0  ,-1 ,-1
25.1204628 ,Left ,-3 ,-2 ,+1 ,+6 ,+17 ,-1 ,0  ,+1
25.1204654 ,Left ,0  ,-4 ,-8 ,+12 ,+11 ,0  ,-3 ,-2
25.1212201 ,Left ,-1 ,+4 ,-3 ,-13 ,-18 ,-4 ,-3 ,-1
25.1213019 ,Left ,-1 ,-1 ,+9 ,+4 ,-1 ,-5 ,-4 ,-1
25.1438829 ,Left ,-1 ,-3 ,-5 ,-14 ,-6 ,+2 ,-1 ,0 
25.1438862 ,Left ,-3 ,-1 ,-4 ,-7 ,-1 ,-1 ,+2 ,+2
25.144632 ,Left ,0  ,0  ,+3 ,+5 ,+7 ,0  ,-10 ,+1
25.1446348 ,Left ,0  ,-2 ,-3 ,+9 ,+17 ,-2 ,+17 ,-2
25.1580592 ,Left ,0  ,-2 ,-5 ,-14 ,-18 ,-1 ,-2 ,-2
25.1580621 ,Left ,+1 ,+3 ,+8 ,+8 ,-2 ,0  ,-1 ,0 
25.1589474 ,Left ,-1 ,-1 ,-6 ,-6 ,+9 ,+5 ,+2 ,-1
25.1589505 ,Left ,0  ,0  ,+2 ,+23 ,-7 ,-14 ,-7 ,0 
25.1804751 ,Left ,-3 ,-3 ,-2 ,-5 ,+3 ,+1 ,0  ,-1
25.1804777 ,Left ,0  ,+1 ,+2 ,-4 ,-8 ,0  ,+1 ,0 
25.1812827 ,Left ,-1 ,0  ,+1 ,-2 ,+10 ,+3 ,+1 ,-2
25.1812851 ,Left ,+1 ,+2 ,+3 ,+25 ,+4 ,+4 ,-2 ,0 
25.2037018 ,Left ,-1 ,-3 ,-7 ,+23 ,-17 ,-3 ,-1 ,-2
25.2037049 ,Left ,-1 ,-1 ,-1 ,+15 ,+11 ,-2 ,-5 ,+2
25.2043354 ,Left ,0  ,-1 ,+1 ,+8 ,0  ,0  ,+3 ,-1
25.2044315 ,Left ,-3 ,-2 ,-2 ,-20 ,+3 ,+2 ,-2 ,0 
25.2262284 ,Left ,-1 ,+1 ,+7 ,+11 ,-3 ,-3 ,-1 ,-1
25.2262315 ,Left ,-1 ,-3 ,-2 ,-9 ,-8 ,+4 ,0  ,-2
25.2271395 ,Left ,+1 ,+2 ,+4 ,+3 ,+16 ,+1 ,+3 ,0 
25.2271426 ,Left ,-4 ,-7 ,-3 ,+9 ,+5 ,-4 ,-5 ,-4
25.248961 ,Left ,+3 ,-1 ,-5 ,-9 ,-2 ,0  ,-1 ,0 
25.2489643 ,Left ,0  ,-1 ,-5 ,-13 ,-8 ,-3 ,-2 ,-1
25.2494882 ,Left ,-3 ,-2 ,0  ,-3 ,-2 ,+1 ,+3 ,-1
25.2494913 ,Left ,+1 ,+2 ,-1 ,-8 ,+4 ,+14 ,-1 ,+2
25.2636714 ,Left ,0  ,0  ,+2 ,-5 ,-15 ,-6 ,+2 ,-1
25.2636744 ,Left ,0  ,-3 ,-3 ,-6 ,+5 ,0  ,-2 ,-1
25.2646749 ,Left ,-1 ,-1 ,+1 ,+10 ,+4 ,-3 ,-2 ,0 
25.2646785 ,Left ,-1 ,0  ,+1 ,+12 ,-9 ,+9 ,+1 ,-1
25.2774249 ,Left ,-4 ,-2 ,-6 ,-18 ,-18 ,+4 ,0  ,0 
25.2774284 ,Left ,+1 ,+1 ,+2 ,+4 ,-9 ,-13 ,-1 ,-1
25.28542 ,Left ,-3 ,-2 ,-4 ,-10 ,+1 ,+1 ,-1 ,-2
25.2854229 ,Left ,-1 ,-3 ,-3 ,-7 ,-4 ,-5 ,-3 ,0 
25.300642 ,Left ,+1 ,+4 ,+11 ,+4 ,+13 ,+4 ,0  ,-1
25.300645 ,Left ,-1 ,-4 ,-13 ,-2 ,-2 ,-4 ,-4 ,-2
25.3014341 ,Left ,-3 ,-3 ,-4 ,-1 ,-37 ,-6 ,-1 ,-3
25.3014386 ,Left ,-1 ,-1 ,-2 ,-7 ,0  ,-4 ,-4 ,-1
25.323126 ,Left ,0  ,-4 ,+2 ,+6 ,+7 ,-3 ,-4 ,-2
25.3231289 ,Left ,-1 ,+5 ,0  ,-4 ,+4 ,+5 ,+1 ,0 
25.3237592 ,Left ,-1 ,+2 ,+5 ,-7 ,-16 ,-10 ,-4 ,-1
25.3237617 ,Left ,-4 ,-2 ,-3 ,0  ,-1 ,+1 ,-1 ,-2
25.3373269 ,Left ,-1 ,0  ,-6 ,-9 ,-2 ,-2 ,+2 ,0 
25.3373299 ,Left ,-3 ,-4 ,+6 ,+43 ,+4 ,0  ,-5 ,-2
25.3532335 ,Left ,-3 ,-2 ,-5 ,-48 ,+3 ,+1 ,-1 ,-2
25.3532366 ,Left ,+1 ,0  ,0  ,-12 ,-6 ,-4 ,-1 ,-1
25.3605738 ,Left ,-2 ,-1 ,-9 ,+20 ,+9 ,+1 ,-1 ,-1
25.3605768 ,Left ,0  ,+1 ,+5 ,-7 ,-5 ,0  ,+2 ,0 
25.3613389 ,Left ,0  ,-1 ,-2 ,+18 ,+14 ,-1 ,0  ,0 
25.3613417 ,Left ,-1 ,0  ,+1 ,-20 ,-37 ,-1 ,0  ,-1
25.3836905 ,Left ,0  ,-2 ,-3 ,+2 ,+6 ,-4 ,-4 ,0 
25.3836934 ,Left ,-2 ,-3 ,+1 ,+2 ,+4 ,+6 ,+2 ,-2
25.3844312 ,Left ,0  ,-3 ,-12 ,-29 ,-19 ,-3 ,-3 ,-2
25.3844339 ,Left ,-1 ,-2 ,+1 ,+7 ,+17 ,-1 ,-1 ,-1
25.3975406 ,Left ,-1 ,+3 ,+1 ,-4 ,+7 ,+1 ,+1 ,0 
25.3975438 ,Left ,-2 ,0  ,-3 ,-18 ,-16 ,-2 ,0  ,-1
25.4129586 ,Left ,-1 ,-3 ,-1 ,+4 ,+15 ,+7 ,+1 ,0 
25.4129615 ,Left ,-4 ,-4 ,-6 ,-1 ,+6 ,-13 ,-2 ,-3
25.4206852 ,Left ,-2 ,0  ,+6 ,+16 ,-9 ,-2 ,-3 ,-2
25.4206887 ,Left ,-2 ,0  ,+2 ,-14 ,+7 ,-2 ,+1 ,-3
25.4215357 ,Left ,-1 ,-2 ,-4 ,+33 ,+24 ,+1 ,-1 ,-3
25.4215388 ,Left ,+2 ,+2 ,-3 ,-13 ,+24 ,+6 ,+3 ,+1
25.4438459 ,Left ,-2 ,-5 ,0  ,+6 ,-11 ,-2 ,-1 ,-1
25.4438491 ,Left ,+1 ,+5 ,0  ,-13 ,-10 ,-1 ,+2 ,+1
25.4444938 ,Left ,+2 ,-1 ,+8 ,+33 ,+6 ,+2 ,-2 ,-1
25.4444968 ,Left ,0  ,+3 ,+2 ,-7 ,-5 ,+1 ,-1 ,-1
25.4661703 ,Left ,-1 ,-4 ,-11 ,-16 ,+4 ,-2 ,-2 ,+1
25.4661733 ,Left ,-3 ,-2 ,-1 ,+4 ,+1 ,+2 ,+1 ,0 
25.4668269 ,Left ,-1 ,-2 ,-8 ,-25 ,-4 ,-2 ,-1 ,+1
25.4669124 ,Left ,-1 ,+3 ,+4 ,+26 ,-2 ,-1 ,-2 ,-2
25.4805278 ,Left ,-1 ,-3 ,0  ,+8 ,+1 ,-1 ,-2 ,-4
25.4805306 ,Left ,0  ,-2 ,+2 ,+6 ,-7 ,-3 ,-1 ,-1
25.4813937 ,Left ,-1 ,-2 ,+4 ,-1 ,-2 ,-1 ,-1 ,+1
25.4813966 ,Left ,0  ,+3 ,+3 ,+5 ,-3 ,-1 ,0  ,0 
25.5032052 ,Left ,-2 ,0  ,-1 ,-47 ,-6 ,-1 ,+1 ,-2
25.5032084 ,Left ,0  ,-5 ,-9 ,+38 ,+6 ,0  ,-1 ,-2
25.503902 ,Left ,-1 ,-3 ,-3 ,-2 ,-7 ,+4 ,+1 ,0 
25.5039049 ,Left ,0  ,-6 ,+6 ,+34 ,+5 ,-19 ,-16 ,-2
25.5263861 ,Left ,-1 ,0  ,-1 ,-12 ,-2 ,+8 ,+21 ,-1
25.5263905 ,Left ,-5 ,0  ,-1 ,-11 ,-3 ,-7 ,-11 ,-2
25.5271472 ,Left ,+8 ,+3 ,-2 ,-21 ,-4 ,+30 ,+6 ,+10
25.5271504 ,Left ,0  ,-1 ,+1 ,+4 ,-6 ,-8 ,-35 ,-1
25.5404375 ,Left ,-5 ,-5 ,-5 ,-20 ,-2 ,+40 ,+57 ,+6
25.5404411 ,Left ,+2 ,+2 ,+7 ,+19 ,+3 ,-11 ,-15 ,-15
25.541205 ,Left ,+3 ,-2 ,-5 ,-24 ,-10 ,+8 ,+16 ,+7
25.5412083 ,Left ,-1 ,0  ,0  ,-11 ,+14 ,+3 ,-37 ,-3
25.5631175 ,Left ,-1 ,-3 ,-2 ,+22 ,+24 ,+31 ,+23 ,-2
25.5631211 ,Left ,-2 ,-1 ,-3 ,-21 ,-8 ,+18 ,+6 ,-11
25.5640103 ,Left ,-5 ,-1 ,+1 ,+6 ,-2 ,-2 ,-4 ,+11
25.564014 ,Left ,+6 ,-1 ,-8 ,-26 ,-2 ,-11 ,-12 ,-6
25.5774577 ,Left ,-3 ,+1 ,+3 ,+46 ,-2 ,-45 ,-18 ,-7
25.5774615 ,Left ,-1 ,+1 ,+1 ,-2 ,0  ,-7 ,+9 ,+4
25.5854195 ,Left ,0  ,+1 ,+4 ,+10 ,-8 ,-12 ,+2 ,-4
25.5854231 ,Left ,-4 ,+1 ,-3 ,-12 ,+3 ,+8 ,+24 ,0 
25.6006673 ,Left ,0  ,-2 ,0  ,-6 ,-7 ,-7 ,-31 ,-9
25.6006748 ,Left ,0  ,-2 ,-5 ,-19 ,+29 ,-4 ,+5 ,+4
25.601429 ,Left ,0  ,+4 ,+1 ,-6 ,-10 ,-7 ,-3 ,-3
25.6014324 ,Left ,-5 ,-6 ,-5 ,+22 ,-13 ,+6 ,+12 ,+2
25.622884 ,Left ,+3 ,+4 ,+7 ,+4 ,+3 ,-7 ,-15 ,-5
25.6228873 ,Left ,-1 ,-6 ,-2 ,+5 ,-5 ,+1 ,+2 ,+5
25.6237294 ,Left ,-3 ,-7 ,-16 ,-33 ,+8 ,-9 ,-3 ,-7
25.6237326 ,Left ,+3 ,+19 ,+32 ,+20 ,+1 ,+6 ,+17 ,+3
25.6462111 ,Left ,-1 ,-4 ,-19 ,-32 ,-15 ,-12 ,-20 ,+1
25.6462138 ,Left ,+7 ,+12 ,+10 ,+18 ,+27 ,+11 ,+6 ,+5
25.6470365 ,Left ,-8 ,-6 ,+10 ,+68 ,+1 ,-8 ,-10 ,-3
25.6470393 ,Left ,-3 ,-13 ,-24 ,-56 ,-15 ,+1 ,+4 ,-5
25.6606379 ,Left ,-2 ,-4 ,+2 ,+15 ,+29 ,-3 ,-4 ,0 
25.6606406 ,Left ,0  ,-4 ,-15 ,-15 ,-17 ,-4 ,-8 ,+2
25.6615325 ,Left ,+1 ,-2 ,-14 ,-12 ,+4 ,-6 ,-6 ,-7
25.6615354 ,Left ,+3 ,+14 ,+29 ,+36 ,+1 ,+2 ,+12 ,+3
25.6987046 ,Left ,+3 ,+14 ,+70 ,+75 ,0  ,-4 ,-3 ,+3
25.6987073 ,Left ,-7 ,-16 ,-65 ,-56 ,-10 ,+1 ,+2 ,0 
25.6993329 ,Left ,-1 ,-4 ,-14 ,-3 ,-2 ,-5 ,-5 ,-3
25.6993682 ,Left ,-3 ,-6 ,-22 ,-16 ,+3 ,+4 ,+5 ,-2
25.7061965 ,Left ,-1 ,-1 ,-15 ,-17 ,-8 ,-3 ,-7 ,+2
25.7061993 ,Left ,0  ,+5 ,+27 ,+13 ,-10 ,-1 ,-4 ,-1
25.7069127 ,Left ,-2 ,+3 ,+30 ,+34 ,+3 ,-3 ,0  ,-3
25.7069153 ,Left ,-3 ,-6 ,-17 ,-8 ,-6 ,-3 ,+1 ,0 
25.7207437 ,Left ,+1 ,-1 ,-9 ,-22 ,-7 ,-1 ,-3 ,+1
25.7207465 ,Left ,-1 ,-2 ,+17 ,+57 ,-4 ,+16 ,+3 ,+1
25.7215193 ,Left ,-8 ,0  ,-10 ,-43 ,-5 ,-19 ,-4 ,-6
25.7215221 ,Left ,+5 ,-1 ,-2 ,-14 ,-1 ,+4 ,+5 ,+5
25.7432358 ,Left ,-1 ,-2 ,-11 ,-9 ,-4 ,-5 ,-5 ,0 
25.7432391 ,Left ,-3 ,-2 ,+3 ,+11 ,+5 ,+8 ,-5 ,+1
25.743884 ,Left ,-2 ,-2 ,+1 ,-4 ,0  ,+19 ,+8 ,-1
25.7438877 ,Left ,-4 ,-5 ,-4 ,+3 ,-2 ,-21 ,+1 ,-5
25.7663372 ,Left ,+2 ,-4 ,-9 ,-15 ,-7 ,-5 ,-3 ,+3
25.7663409 ,Left ,-1 ,+2 ,+2 ,-23 ,-4 ,-17 ,-2 ,+1
25.7671965 ,Left ,+3 ,+1 ,+2 ,+14 ,-3 ,-11 ,-13 ,-1
25.7672005 ,Left ,-8 ,-7 ,-4 ,+12 ,0  ,-4 ,-3 ,-8
25.7804089 ,Left ,0  ,+4 ,-2 ,-2 ,-1 ,+3 ,+9 ,+5
25.7804124 ,Left ,-1 ,+1 ,+3 ,-16 ,-7 ,-5 ,-20 ,-4
25.7813304 ,Left ,-1 ,-2 ,-1 ,-9 ,-3 ,-18 ,+14 ,-6
25.7813338 ,Left ,-4 ,-5 ,+4 ,+33 ,-1 ,-31 ,-13 ,-9
25.803065 ,Left ,-4 ,-2 ,-10 ,+5 ,-1 ,+10 ,-2 ,-1
25.8030689 ,Left ,0  ,-1 ,-2 ,-36 ,-8 ,-15 ,-4 ,-4
25.8037316 ,Left ,+2 ,+2 ,0  ,-11 ,+2 ,+9 ,-4 ,+3
25.8037341 ,Left ,-1 ,+1 ,+2 ,-16 ,+3 ,+16 ,+1 ,+1
25.8262433 ,Left ,-2 ,-6 ,-20 ,-3 ,-5 ,-8 ,-8 ,-2
25.8262463 ,Left ,0  ,-1 ,+4 ,+7 ,-6 ,-3 ,+8 ,-4
25.8269174 ,Left ,-3 ,0  ,+1 ,+6 ,+3 ,+7 ,-4 ,-2
25.82692 ,Left ,0  ,-1 ,+3 ,-9 ,-9 ,0  ,+8 ,+4
25.8406418 ,Left ,+2 ,+1 ,+6 ,+7 ,+9 ,0  ,-7 ,-2
25.8406452 ,Left ,-4 ,-5 ,-5 ,-2 ,-16 ,+6 ,+7 ,+3
25.8413296 ,Left ,+2 ,-2 ,-1 ,-11 ,-5 ,0  ,-7 ,+3
25.8413325 ,Left ,-2 ,0  ,-2 ,+15 ,-9 ,-21 ,-4 ,-11
25.8630694 ,Left ,+1 ,0  ,0  ,-8 ,+4 ,+7 ,+16 ,+13
25.8630723 ,Left ,-2 ,-3 ,-2 ,-2 ,+17 ,+20 ,+13 ,-3
25.8639622 ,Left ,+5 ,+4 ,+6 ,+23 ,-32 ,-15 ,0  ,+3
25.8639652 ,Left ,-2 ,-3 ,-6 ,-31 ,+3 ,+40 ,+26 ,+2
25.8862106 ,Left ,-3 ,-5 ,-9 ,-37 ,-13 ,+15 ,+36 ,-14
25.8862137 ,Left ,-1 ,-2 ,+2 ,+5 ,+11 ,-10 ,-27 ,-13
25.8871336 ,Left ,+2 ,+3 ,+3 ,+40 ,+11 ,+17 ,+3 ,+12
25.8871364 ,Left ,-5 ,-1 ,-9 ,-25 ,-6 ,+15 ,+11 ,-7
25.9007078 ,Left ,+1 ,0  ,+5 ,+33 ,-3 ,-12 ,+5 ,+9
25.9007105 ,Left ,-2 ,-1 ,-2 ,-5 ,-3 ,+25 ,+41 ,-5
25.9015183 ,Left ,-3 ,-4 ,-4 ,-23 ,+20 ,-34 ,-32 ,-8
25.9015211 ,Left ,-1 ,+2 ,+2 ,-8 ,-11 ,-11 ,-11 ,+7
25.9232185 ,Left ,-5 ,-4 ,-9 ,-7 ,-16 ,+14 ,-15 ,-8
25.9232212 ,Left ,-4 ,0  ,0  ,-31 ,-1 ,-25 ,-4 ,-1
25.9236954 ,Left ,-4 ,-2 ,-5 ,+3 ,+8 ,+7 ,+1 ,-1
25.9236981 ,Left ,0  ,-6 ,0  ,+37 ,+5 ,+3 ,-9 ,+2
25.9464228 ,Left ,+2 ,+15 ,+16 ,-1 ,+10 ,-12 ,-1 ,-4
25.9464257 ,Left ,+1 ,-11 ,-27 ,+5 ,-12 ,-1 ,-7 ,+3
25.9470737 ,Left ,-1 ,+9 ,+37 ,-47 ,-29 ,+4 ,+8 ,-1
25.9470763 ,Left ,-2 ,-13 ,-31 ,-38 ,+8 ,0  ,-3 ,-1
25.9604961 ,Left ,-3 ,-8 ,-22 ,+27 ,-3 ,-5 ,-20 ,-4
25.9605655 ,Left ,-2 ,+2 ,+25 ,-9 ,+3 ,-4 ,-8 ,+4
25.9612119 ,Left ,-1 ,+2 ,-6 ,+45 ,+11 ,+2 ,-1 ,-5
25.9612377 ,Left ,0  ,-2 ,+2 ,-10 ,-1 ,+1 ,+1 ,+1
25.9832263 ,Left ,+1 ,+7 ,+39 ,+4 ,+11 ,-7 ,-10 ,+1
25.9832294 ,Left ,-5 ,-16 ,-66 ,-16 ,-27 ,-4 ,-7 ,-2
25.9837541 ,Left ,-1 ,-5 ,-5 ,-10 ,-7 ,+2 ,+7 ,-4
25.9837567 ,Left ,-1 ,+6 ,+25 ,+14 ,+30 ,+2 ,-8 ,+1
26.0063757 ,Left ,-3 ,-4 ,-4 ,-9 ,-12 ,-5 ,-3 ,-3
26.0063797 ,Left ,+2 ,+7 ,+31 ,+13 ,+6 ,+3 ,-5 ,+1
26.0069627 ,Left ,-1 ,-1 ,-2 ,+29 ,+3 ,-2 ,+14 ,-2
26.0069657 ,Left ,0  ,-3 ,-20 ,-38 ,-21 ,-2 ,-4 ,+2
26.0207135 ,Left ,-7 ,+1 ,+6 ,+19 ,+11 ,+6 ,-5 ,+1
26.0207164 ,Left ,+10 ,+4 ,-1 ,-27 ,-10 ,-36 ,-33 ,-5
26.0214149 ,Left ,-5 ,-5 ,-10 ,-1 ,+1 ,+10 ,+21 ,+8
26.021418 ,Left ,0  ,+2 ,+5 ,+9 ,+7 ,0  ,-1 ,-4
26.0429092 ,Left ,-2 ,-4 ,-5 ,0  ,-13 ,-4 ,-1 ,+14
26.042912 ,Left ,0  ,+1 ,+10 ,+18 ,+17 ,+17 ,+69 ,-6
26.0435933 ,Left ,-3 ,-3 ,-15 ,-33 ,+6 ,-29 ,-39 ,+9
26.0436533 ,Left ,-1 ,0  ,+8 ,+35 ,+7 ,+16 ,-45 ,-8
26.067663 ,Left ,+3 ,-1 ,-3 ,+20 ,-16 ,-20 ,-6 ,-3
26.0676658 ,Left ,-7 ,+2 ,0  ,0  ,+20 ,+13 ,+9 ,+13
26.0683202 ,Left ,-3 ,-2 ,+1 ,+2 ,-5 ,+28 ,-16 ,-7
26.0683839 ,Left ,+2 ,+3 ,+4 ,-3 ,+20 ,+1 ,+39 ,+12
26.0813654 ,Left ,-1 ,-5 ,-10 ,-8 ,-2 ,-8 ,-67 ,-15
26.0815322 ,Left ,-1 ,+3 ,+2 ,-2 ,-12 ,+1 ,+12 ,0 
26.0819484 ,Left ,-2 ,-5 ,+2 ,+13 ,+13 ,-31 ,-5 ,-9
26.0820448 ,Left ,-2 ,-1 ,-8 ,-41 ,-35 ,-4 ,-9 ,-2
26.1031326 ,Left ,+3 ,+1 ,-2 ,-6 ,+5 ,-3 ,+16 ,+3
26.1031355 ,Left ,+1 ,-1 ,+7 ,+39 ,-3 ,-6 ,-7 ,-2
26.1039344 ,Left ,-3 ,-3 ,+1 ,-2 ,-3 ,+13 ,-3 ,0 
26.1039372 ,Left ,+1 ,+4 ,-3 ,-10 ,-12 ,-15 ,-3 ,-3
26.1265196 ,Left ,-3 ,-6 ,-2 ,-17 ,-3 ,-8 ,+13 ,-7
26.1265224 ,Left ,-7 ,-10 ,-6 ,-33 ,-5 ,+5 ,-12 ,+3
26.1273853 ,Left ,+6 ,+7 ,-11 ,-20 ,-20 ,+4 ,+4 ,-1
26.1273875 ,Left ,-7 ,-7 ,-8 ,+29 ,+25 ,-7 ,+5 ,-2
26.1410379 ,Left ,-1 ,+1 ,+24 ,+17 ,-2 ,+8 ,+12 ,+1
26.1410479 ,Left ,-3 ,-5 ,-24 ,-16 ,-3 ,+3 ,-16 ,-1
26.1416908 ,Left ,-6 ,-17 ,-11 ,+3 ,-7 ,-5 ,+3 ,-7
26.1417002 ,Left ,+2 ,+3 ,+11 ,-4 ,-8 ,0  ,+7 ,0 
26.1634728 ,Left ,+1 ,-6 ,-35 ,-65 ,+4 ,+7 ,+2 ,+2
26.1634808 ,Left ,-1 ,+3 ,+39 ,+95 ,+1 ,-11 ,-12 ,-3
26.1640512 ,Left ,0  ,+6 ,+16 ,+9 ,+11 ,+3 ,+7 ,0 
26.1640589 ,Left ,0  ,-11 ,-58 ,-13 ,+4 ,+5 ,+1 ,+1
26.1863382 ,Left ,-5 ,-4 ,+13 ,+25 ,+21 ,+1 ,0  ,-3
26.1863423 ,Left ,+4 ,+4 ,+5 ,-18 ,0  ,+3 ,-2 ,+1
26.1871599 ,Left ,-1 ,-1 ,+3 ,-15 ,-18 ,-15 ,-13 ,-1
26.1871654 ,Left ,-1 ,+7 ,+34 ,+35 ,+4 ,+8 ,+38 ,0 
26.2006031 ,Left ,-4 ,-8 ,-30 ,+21 ,-7 ,-11 ,-15 ,-7
26.2006337 ,Left ,+2 ,+1 ,-12 ,-65 ,+1 ,+11 ,+21 ,+1
26.2012204 ,Left ,+2 ,+5 ,+19 ,+19 ,+19 ,+11 ,+60 ,+9
26.2012424 ,Left ,0  ,-1 ,+8 ,+11 ,+2 ,+8 ,-48 ,-1
26.223094 ,Left ,-2 ,+2 ,-4 ,+1 ,+2 ,+3 ,-2 ,-1
26.2230968 ,Left ,-1 ,+4 ,+7 ,+8 ,-7 ,+17 ,+6 ,-13
26.2239297 ,Left ,0  ,-2 ,-8 ,+25 ,+30 ,+5 ,-5 ,+17
26.2239337 ,Left ,-3 ,-3 ,-12 ,+1 ,-19 ,-9 ,+26 ,-2
26.2461469 ,Left ,+3 ,-1 ,0  ,-33 ,-23 ,-29 ,+30 ,+7
26.2461625 ,Left ,-4 ,+2 ,+1 ,+9 ,0  ,+15 ,-28 ,-9
26.2469081 ,Left ,0  ,-3 ,-12 ,-58 ,-17 ,-12 ,-9 ,-7
26.24699 ,Left ,-2 ,+1 ,+13 ,+12 ,+8 ,+5 ,-2 ,+1
26.2600616 ,Left ,-4 ,+2 ,+10 ,+24 ,-25 ,-1 ,-11 ,-1
26.2600649 ,Left ,+3 ,-2 ,-9 ,-13 ,-6 ,-10 ,+12 ,+7
26.2681198 ,Left ,-2 ,-3 ,-8 ,+2 ,+12 ,0  ,-12 ,-12
26.2681227 ,Left ,-5 ,-8 ,0  ,-14 ,-3 ,-15 ,-15 ,-6
26.2830067 ,Left ,+2 ,+5 ,-3 ,-30 ,-21 ,+10 ,-5 ,-6
26.2830097 ,Left ,-1 ,-3 ,-1 ,+18 ,+7 ,+1 ,+35 ,+15
26.28374 ,Left ,0  ,+1 ,-2 ,-14 ,-6 ,-14 ,-6 ,-4
26.2837426 ,Left ,+1 ,-1 ,+2 ,+1 ,+12 ,-17 ,-49 ,-12
26.3062745 ,Left ,-1 ,-1 ,-1 ,-21 ,+23 ,0  ,+49 ,-3
26.3062778 ,Left ,0  ,-1 ,-2 ,+8 ,+53 ,-18 ,-58 ,-1
26.3069954 ,Left ,-2 ,-2 ,-3 ,-21 ,-59 ,-16 ,+6 ,+3
26.3069983 ,Left ,+3 ,+3 ,+6 ,+12 ,-4 ,+42 ,+21 ,-3
26.3198192 ,Left ,+1 ,+2 ,+2 ,+15 ,0  ,+4 ,+27 ,0 
26.319822 ,Left ,-2 ,+1 ,0  ,+2 ,0  ,-14 ,-10 ,-1
26.3280033 ,Left ,-3 ,-5 ,-8 ,-6 ,+1 ,+10 ,+1 ,-5
26.3280065 ,Left ,-1 ,-3 ,-9 ,-23 ,-9 ,-13 ,+6 ,+1
26.3429828 ,Left ,+3 ,+6 ,+3 ,-20 ,+8 ,+6 ,-18 ,+2
26.3429855 ,Left ,-2 ,-3 ,+11 ,+38 ,-6 ,+2 ,+9 ,+2
26.3437852 ,Left ,-3 ,-8 ,-10 ,+12 ,+2 ,+3 ,-19 ,-8
26.3437875 ,Left ,+8 ,+18 ,+7 ,-1 ,-9 ,+1 ,+14 ,+5
26.3662669 ,Left ,-3 ,-9 ,-6 ,+20 ,+8 ,+7 ,-15 ,+2
26.3662696 ,Left ,+3 ,+12 ,+12 ,-37 ,-17 ,-14 ,-13 ,-2
26.3671767 ,Left ,-2 ,-3 ,-20 ,-38 ,-1 ,+9 ,+7 ,-1
26.3671795 ,Left ,-5 ,-5 ,+9 ,+39 ,-1 ,-9 ,-9 ,+1
26.3798856 ,Left ,+4 ,+8 ,+44 ,+2 ,+6 ,+2 ,-7 ,+1
26.3798888 ,Left ,0  ,-8 ,-34 ,+14 ,-6 ,0  ,+4 ,-4
26.388136 ,Left ,0  ,0  ,+3 ,-9 ,+6 ,+7 ,-4 ,-1
26.3881387 ,Left ,-2 ,0  ,+11 ,+7 ,-4 ,-3 ,+6 ,+1
26.4111355 ,Left ,-3 ,-5 ,-15 ,-26 ,+8 ,-1 ,-12 ,-2
26.4111396 ,Left ,-1 ,-4 ,+9 ,+3 ,-26 ,-4 ,+4 ,-1
26.412081 ,Left ,+2 ,+3 ,+4 ,+27 ,+8 ,+16 ,-14 ,0 
26.4120835 ,Left ,-4 ,-4 ,-10 ,-29 ,-4 ,-25 ,-1 ,-1
26.4341292 ,Left ,+2 ,+2 ,+13 ,+18 ,+2 ,+9 ,+2 ,+1
26.4341321 ,Left ,-2 ,-1 ,+9 ,+46 ,-1 ,-5 ,-2 ,+1
26.4351235 ,Left ,-4 ,-1 ,-17 ,-46 ,-10 ,-1 ,+12 ,-4
26.4351266 ,Left ,+1 ,-2 ,+5 ,+9 ,+9 ,+11 ,-9 ,-13
26.439763 ,Left ,-2 ,-5 ,-12 ,-7 ,-4 ,-8 ,-7 ,+8
26.4398533 ,Left ,-4 ,0  ,-4 ,-4 ,-1 ,-2 ,+13 ,-4
26.4480637 ,Left ,+1 ,0  ,+4 ,+15 ,-2 ,+8 ,-3 ,+2
26.4480665 ,Left ,-2 ,-5 ,-10 ,-25 ,-3 ,-14 ,-14 ,-1
26.4632489 ,Left ,-3 ,0  ,-3 ,+18 ,+3 ,+17 ,+18 ,-1
26.4632518 ,Left ,+6 ,-2 ,-9 ,-21 ,-1 ,+3 ,-4 ,+1
26.4637482 ,Left ,-3 ,0  ,+11 ,+18 ,+5 ,-8 ,0  ,-3
26.4637507 ,Left ,-2 ,+1 ,+3 ,-1 ,0  ,+6 ,0  ,+1
26.4863233 ,Left ,0  ,-5 ,-19 ,-45 ,-4 ,0  ,-8 ,-3
26.4863263 ,Left ,-1 ,-2 ,+2 ,-6 ,-6 ,-2 ,-11 ,+1
26.486993 ,Left ,+1 ,-1 ,+1 ,0  ,-24 ,-3 ,+5 ,-2
26.4869954 ,Left ,+1 ,-3 ,-2 ,+11 ,+8 ,+14 ,+12 ,+4
26.4997051 ,Left ,0  ,-2 ,+2 ,+23 ,-3 ,-12 ,-5 ,-4
26.4997293 ,Left ,-2 ,+3 ,-8 ,-46 ,-7 ,+11 ,+2 ,-3
26.5080266 ,Left ,0  ,+1 ,+7 ,-4 ,+7 ,-30 ,-10 ,-1
26.5080294 ,Left ,-5 ,-4 ,-13 ,-21 ,-10 ,-7 ,-2 ,-1
26.5231824 ,Left ,-2 ,-2 ,+12 ,+30 ,-3 ,+2 ,-7 ,-3
26.5231853 ,Left ,-5 ,-4 ,-15 ,-11 ,+7 ,+4 ,-1 ,+1
26.5237565 ,Left ,0  ,+1 ,+3 ,+20 ,+11 ,+10 ,+1 ,+5
26.523759 ,Left ,-1 ,0  ,+2 ,-10 ,-10 ,-10 ,-11 ,-1
26.5463586 ,Left ,-4 ,-2 ,-9 ,-1 ,+1 ,-14 ,-1 ,-5
26.5463615 ,Left ,0  ,-1 ,-2 ,-9 ,-3 ,-6 ,-3 ,-4
26.5471499 ,Left ,-2 ,-3 ,-20 ,-17 ,+7 ,-6 ,-2 ,-1
26.5471527 ,Left ,-3 ,-2 ,-3 ,+4 ,-10 ,-3 ,+2 ,-2
26.5686609 ,Left ,+1 ,+1 ,+9 ,-8 ,+5 ,+13 ,-1 ,+1
26.5686655 ,Left ,0  ,-1 ,+5 ,+12 ,-1 ,0  ,-1 ,+2
26.5692344 ,Left ,-4 ,-1 ,-2 ,+26 ,-2 ,-8 ,0  ,-6
26.5692374 ,Left ,+8 ,-1 ,-8 ,-35 ,+2 ,+4 ,-2 ,+11
26.5912156 ,Left ,+1 ,+1 ,-7 ,-21 ,-7 ,-12 ,-17 ,-2
26.5912191 ,Left ,+1 ,+3 ,+13 ,+10 ,-13 ,+1 ,+6 ,0 
26.5921752 ,Left ,-1 ,-3 ,-1 ,-42 ,+5 ,+2 ,+4 ,-4
26.5921783 ,Left ,-3 ,0  ,-4 ,+9 ,+37 ,+14 ,+4 ,-3
26.6062368 ,Left ,+2 ,-5 ,+3 ,+29 ,-32 ,-16 ,-1 ,-1
26.6062399 ,Left ,-2 ,-5 ,-5 ,-17 ,-6 ,+5 ,-10 ,-7
26.6070275 ,Left ,0  ,+4 ,+8 ,+6 ,+3 ,+5 ,+5 ,+3
26.6070304 ,Left ,0  ,0  ,+2 ,+14 ,-8 ,+13 ,+14 ,0 
26.6289128 ,Left ,+2 ,+1 ,-3 ,-6 ,+19 ,-7 ,+23 ,+4
26.6289169 ,Left ,-1 ,-2 ,+8 ,+23 ,+2 ,+3 ,+59 ,+3
26.6296717 ,Left ,+1 ,-3 ,-8 ,-8 ,-9 ,-27 ,-45 ,-9
26.6296743 ,Left ,-2 ,+1 ,-5 ,-49 ,-8 ,+7 ,-24 ,+6
26.6432028 ,Left ,+1 ,+1 ,+4 ,+66 ,+19 ,-6 ,-19 ,-3
26.6432056 ,Left ,-6 ,-5 ,-6 ,-34 ,-39 ,-41 ,+28 ,-3
26.6439547 ,Left ,-7 ,+1 ,+8 ,+37 ,+13 ,+14 ,+5 ,-12
26.6439578 ,Left ,+15 ,+4 ,+2 ,0  ,+12 ,-2 ,+23 ,+25
26.6662188 ,Left ,-9 ,-6 ,-8 ,-53 ,-24 ,-9 ,-27 ,-11
26.6662217 ,Left ,0  ,+1 ,+2 ,+47 ,+29 ,-4 ,-28 ,+6
26.6668686 ,Left ,-1 ,+4 ,+13 ,+29 ,-6 ,+7 ,-4 ,-6
26.6668974 ,Left ,-5 ,-3 ,+2 ,+27 ,+15 ,0  ,-15 ,-22
26.6888978 ,Left ,+4 ,+2 ,-6 ,-51 ,-16 ,+21 ,+16 ,+11
26.6889009 ,Left ,-2 ,-2 ,+2 ,-12 ,+24 ,-4 ,-17 ,-3
26.689496 ,Left ,-2 ,-8 ,-13 ,+33 ,-12 ,+3 ,+8 ,+2
26.6894988 ,Left ,-1 ,-2 ,0  ,+33 ,+31 ,-1 ,+8 ,-3
26.7029639 ,Left ,-2 ,-8 ,-15 ,-30 ,-9 ,-11 ,-10 ,-2
26.7029666 ,Left ,0  ,+11 ,+23 ,+4 ,+9 ,+11 ,-6 ,-3
26.703746 ,Left ,+2 ,-2 ,+7 ,+5 ,+3 ,+9 ,+13 ,+6
26.7037486 ,Left ,-1 ,-2 ,-26 ,-2 ,-27 ,-15 ,-10 ,-3
26.726321 ,Left ,-3 ,+3 ,+35 ,+24 ,+6 ,+5 ,+2 ,-4
26.7263241 ,Left ,0  ,-8 ,-37 ,-39 ,-6 ,+3 ,-11 ,-1
26.7272098 ,Left ,+2 ,+1 ,+30 ,+41 ,+12 ,+6 ,+1 ,+3
26.7272131 ,Left ,-7 ,-7 ,-25 ,-60 ,-25 ,-12 ,-2 ,-2
26.748664 ,Left ,-3 ,-10 ,-45 ,-23 ,+1 ,+5 ,+4 ,-5
26.7486678 ,Left ,+5 ,+13 ,+57 ,+52 ,-5 ,+1 ,-6 ,0 
26.7494382 ,Left ,-3 ,-6 ,-24 ,-40 ,+4 ,+6 ,0  ,+4
26.7494415 ,Left ,-5 ,-5 ,-8 ,-4 ,-12 ,-35 ,+3 ,-7
26.7630714 ,Left ,+2 ,+1 ,-10 ,+10 ,+7 ,+12 ,+2 ,0 
26.7630747 ,Left ,-2 ,-2 ,+9 ,-2 ,-19 ,-1 ,-7 ,-2
26.7638662 ,Left ,+3 ,+4 ,+12 ,+20 ,+6 ,+1 ,+1 ,0 
26.7638697 ,Left ,-1 ,+4 ,+34 ,+32 ,-12 ,-2 ,-2 ,-1
26.7862791 ,Left ,-1 ,0  ,-8 ,-10 ,-13 ,+1 ,-1 ,0 
26.7862824 ,Left ,-3 ,-10 ,-26 ,+1 ,+26 ,+2 ,-4 ,-2
26.7869614 ,Left ,+4 ,+7 ,+9 ,-16 ,-15 ,-3 ,+1 ,+1
26.7869643 ,Left ,-1 ,-2 ,-3 ,+28 ,-24 ,+6 ,+3 ,-1
26.8088204 ,Left ,-1 ,-3 ,+13 ,+7 ,+25 ,-4 ,-1 ,-3
26.8088235 ,Left ,0  ,+1 ,-8 ,-21 ,-17 ,+2 ,-2 ,0 
26.8096161 ,Left ,+1 ,+6 ,-13 ,-2 ,-2 ,-4 ,+2 ,+3
26.8096191 ,Left ,-3 ,+1 ,+3 ,-5 ,+14 ,+3 ,-3 ,-3
26.8228989 ,Left ,0  ,+2 ,+15 ,+30 ,+10 ,+3 ,+5 ,+2
26.8229019 ,Left ,-7 ,-11 ,-27 ,+1 ,-19 ,-10 ,-6 ,-3
26.8237071 ,Left ,+1 ,-5 ,-18 ,-32 ,+12 ,+4 ,-2 ,+2
26.8237098 ,Left ,-3 ,-1 ,+7 ,+18 ,-5 ,0  ,-2 ,-14
26.8462711 ,Left ,+7 ,+3 ,0  ,-32 ,-9 ,0  ,0  ,+16
26.8462738 ,Left ,+3 ,+2 ,-12 ,-1 ,+11 ,+2 ,+9 ,+1
26.8471226 ,Left ,-4 ,-3 ,+9 ,+18 ,-2 ,0  ,-7 ,-3
26.8471272 ,Left ,+2 ,+1 ,+6 ,-3 ,+1 ,+10 ,-1 ,+2
26.8686404 ,Left ,-3 ,0  ,-4 ,-1 ,+9 ,+1 ,-5 ,-11
26.8686431 ,Left ,+4 ,+2 ,+6 ,-15 ,-25 ,-11 ,+9 ,+5
26.8694124 ,Left ,-6 ,-7 ,-13 ,-24 ,+7 ,-1 ,-31 ,-11
26.8694149 ,Left ,+3 ,-1 ,+8 ,+16 ,0  ,+2 ,+23 ,+6
26.883236 ,Left ,-4 ,0  ,-8 ,-15 ,-7 ,+1 ,+7 ,+4
26.8832388 ,Left ,-1 ,+1 ,+4 ,-6 ,+7 ,+9 ,+45 ,-3
26.8839637 ,Left ,-1 ,-1 ,+4 ,+10 ,-7 ,+1 ,-38 ,+9
26.8839665 ,Left ,+2 ,-1 ,-5 ,-6 ,-5 ,+6 ,+42 ,-4
26.9061355 ,Left ,-3 ,-2 ,0  ,-12 ,+5 ,+43 ,-62 ,-13
26.9061389 ,Left ,-5 ,-1 ,0  ,+7 ,+8 ,-14 ,-48 ,-8
26.9076593 ,Left ,+7 ,+3 ,0  ,-10 ,+10 ,+10 ,+36 ,+9
26.9076817 ,Left ,+4 ,-1 ,-8 ,-13 ,-36 ,+22 ,0  ,+13
26.9289625 ,Left ,-4 ,-6 ,-3 ,+5 ,-12 ,-16 ,+16 ,-11
26.9289659 ,Left ,0  ,0  ,+2 ,-5 ,+4 ,-7 ,-10 ,-4
26.9303399 ,Left ,-8 ,-3 ,-3 ,+9 ,-5 ,-13 ,-2 ,-8
26.9303427 ,Left ,-1 ,+3 ,-5 ,-57 ,+12 ,-3 ,-14 ,-3
26.9423886 ,Left ,-6 ,-6 ,+14 ,+89 ,+8 ,-20 ,+8 ,-3
26.9423915 ,Left ,-3 ,-1 ,-6 ,-21 ,-9 ,+11 ,-14 ,0 
26.9512785 ,Left ,+2 ,-4 ,-1 ,-21 ,-6 ,-11 ,+6 ,-1
26.9512812 ,Left ,-3 ,0  ,+6 ,+29 ,+11 ,-8 ,+1 ,-1
26.9663611 ,Left ,-2 ,-1 ,-5 ,-59 ,-15 ,-11 ,-3 ,-2
26.9663642 ,Left ,-2 ,-13 ,-6 ,+29 ,+12 ,+7 ,-9 ,-1
26.9678151 ,Left ,+7 ,+21 ,+19 ,-47 ,-7 ,+6 ,+18 ,+3
26.9678183 ,Left ,-6 ,-6 ,-11 ,-27 ,+2 ,-10 ,-20 ,-7
26.9889005 ,Left ,+2 ,-1 ,+25 ,+61 ,+6 ,-3 ,-3 ,-2
26.9889036 ,Left ,+3 ,+8 ,+13 ,+10 ,+2 ,+4 ,+4 ,+4
26.9896146 ,Left ,-7 ,-15 ,-20 ,+7 ,-6 ,-6 ,0  ,-5
26.9896179 ,Left ,-4 ,+1 ,-25 ,-7 ,+2 ,-6 ,-10 ,-2
27.0114152 ,Left ,-2 ,-6 ,+6 ,-10 ,+6 ,-3 ,+8 ,+4
27.0114178 ,Left ,+4 ,+15 ,+34 ,-1 ,-3 ,-4 ,+4 ,0 
27.0127651 ,Left ,-1 ,-13 ,-12 ,+24 ,-15 ,-3 ,-3 ,-2
27.0127678 ,Left ,+2 ,+1 ,+23 ,+26 ,+7 ,0  ,-8 ,+1
27.0255042 ,Left ,-2 ,-12 ,-67 ,-14 ,+12 ,+3 ,+9 ,-1
27.025507 ,Left ,-2 ,+1 ,+15 ,-3 ,-13 ,-2 ,-6 ,-2
27.0323539 ,Left ,-3 ,-1 ,+3 ,+4 ,0  ,-1 ,-3 ,-1
27.0323573 ,Left ,-4 ,-9 ,-20 ,-12 ,+24 ,-2 ,-4 ,-3
27.0487559 ,Left ,+3 ,+7 ,+9 ,-18 ,-19 ,+7 ,+7 ,+3
27.0487585 ,Left ,+2 ,-1 ,+2 ,+22 ,+10 ,-37 ,-9 ,-2
27.050314 ,Left ,-2 ,+2 ,+25 ,+21 ,-6 ,+2 ,+1 ,-3
27.0503166 ,Left ,+2 ,-1 ,-8 ,-30 ,-9 ,-17 ,-5 ,0 
27.0714058 ,Left ,0  ,+5 ,+6 ,-4 ,-4 ,-4 ,+15 ,+2
27.0714092 ,Left ,-3 ,-7 ,-15 ,+4 ,+11 ,-6 ,-13 ,-1
27.0729336 ,Left ,+1 ,-1 ,-12 ,-28 ,-7 ,+15 ,+6 ,-1
27.0729365 ,Left ,-1 ,+1 ,+6 ,+17 ,-5 ,+4 ,-6 ,0 
27.0857007 ,Left ,-1 ,+2 ,+3 ,-3 ,+8 ,-6 ,-5 ,0 
27.0857038 ,Left ,-1 ,-5 ,-8 ,-3 ,-7 ,+3 ,-7 ,+1
27.0925626 ,Left ,0  ,-1 ,-10 ,-10 ,+1 ,-15 ,+13 ,-3
27.0925657 ,Left ,+1 ,-1 ,+12 ,+10 ,+5 ,+6 ,0  ,+1
27.1086476 ,Left ,+2 ,+2 ,0  ,-17 ,-13 ,+4 ,+5 ,+1
27.1086509 ,Left ,+1 ,+3 ,-9 ,0  ,+2 ,+8 ,+13 ,+1
27.1102532 ,Left ,-2 ,+2 ,+1 ,+19 ,+11 ,-8 ,-8 ,-3
27.1102565 ,Left ,-2 ,-3 ,+1 ,+9 ,-6 ,-1 ,-2 ,-2
27.1311952 ,Left ,-4 ,-4 ,-1 ,-9 ,+6 ,-2 ,0  ,-3
27.1311977 ,Left ,-1 ,-6 ,-17 ,-15 ,0  ,+4 ,+3 ,-1
27.1327303 ,Left ,+3 ,+4 ,+5 ,+40 ,+8 ,0  ,0  ,+2
27.1327325 ,Left ,-3 ,-2 ,+5 ,-8 ,-13 ,0  ,-1 ,+1
27.1462292 ,Left ,0  ,+4 ,-2 ,-3 ,-17 ,0  ,-4 ,0 
27.1462318 ,Left ,-5 ,-4 ,-5 ,-8 ,+16 ,+16 ,+3 ,-1
27.1469723 ,Left ,-1 ,-4 ,-3 ,-10 ,0  ,-1 ,-3 ,-3
27.1469747 ,Left ,-1 ,0  ,+1 ,+16 ,+24 ,0  ,-1 ,-2
27.1689139 ,Left ,+3 ,+4 ,+1 ,-7 ,-5 ,-5 ,-6 ,0 
27.1689166 ,Left ,-1 ,-3 ,-4 ,-9 ,-8 ,+11 ,0  ,-1
27.1695268 ,Left ,0  ,-2 ,0  ,+6 ,-1 ,-2 ,-3 ,0 
27.1695294 ,Left ,+1 ,+1 ,+3 ,-6 ,+7 ,0  ,+8 ,+1
27.1823681 ,Left ,-4 ,+2 ,+8 ,0  ,-10 ,-1 ,-14 ,-4
27.1823707 ,Left ,-2 ,-3 ,-6 ,-25 ,-31 ,-3 ,-9 ,-5
27.1907366 ,Left ,0  ,0  ,-3 ,+1 ,+5 ,+1 ,+1 ,+1
27.19074 ,Left ,-3 ,+1 ,+2 ,+9 ,0  ,-1 ,-3 ,-2
27.2062253 ,Left ,+1 ,0  ,+6 ,+16 ,+5 ,-1 ,+3 ,-1
27.2063156 ,Left ,-3 ,-2 ,0  ,+8 ,+8 ,0  ,+1 ,-1
27.2068986 ,Left ,0  ,0  ,-9 ,-14 ,-8 ,-4 ,-3 ,-1
27.2069952 ,Left ,+2 ,+4 ,+10 ,+3 ,+11 ,+1 ,-3 ,0 
27.2288395 ,Left ,0  ,0  ,-3 ,-7 ,+12 ,-2 ,+2 ,-1
27.2288422 ,Left ,+1 ,-1 ,-4 ,-2 ,-7 ,-3 ,+2 ,-1
27.2296402 ,Left ,-1 ,-3 ,-6 ,-20 ,0  ,+6 ,0  ,0 
27.2296429 ,Left ,-1 ,-2 ,-2 ,+10 ,-16 ,-12 ,-3 ,-2
27.2422728 ,Left ,+1 ,-2 ,-2 ,+4 ,+4 ,-1 ,-2 ,-3
27.2422756 ,Left ,-3 ,+2 ,-4 ,-7 ,+5 ,-2 ,-1 ,-1
27.2513568 ,Left ,-4 ,+2 ,+11 ,+22 ,0  ,-1 ,-2 ,-3
27.2513595 ,Left ,0  ,-4 ,-12 ,-1 ,-3 ,+2 ,+1 ,+1
27.2649632 ,Left ,-4 ,-1 ,-12 ,-15 ,-11 ,-4 ,-3 ,0 
27.264981 ,Left ,0  ,+2 ,+3 ,+21 ,+6 ,+7 ,+4 ,+1
27.2738664 ,Left ,-1 ,-1 ,+2 ,-5 ,-3 ,+8 ,+1 ,-1
27.2738691 ,Left ,+1 ,0  ,+5 ,-6 ,-2 ,-2 ,0  ,0 
27.2887074 ,Left ,-1 ,-1 ,+1 ,+10 ,-11 ,+5 ,-5 ,+2
27.2887101 ,Left ,+1 ,-1 ,0  ,-2 ,+10 ,-12 ,+18 ,+1
27.2901891 ,Left ,-1 ,-4 ,-5 ,-13 ,-10 ,+3 ,-1 ,-1
27.290212 ,Left ,0  ,-1 ,-2 ,0  ,+7 ,0  ,-3 ,-1
27.3114353 ,Left ,0  ,0  ,-2 ,-4 ,-10 ,-1 ,+2 ,+1
27.3114382 ,Left ,-1 ,+1 ,+7 ,+27 ,+2 ,+7 ,-7 ,+1
27.3128991 ,Left ,-2 ,-4 ,-18 ,-64 ,-7 ,-12 ,-4 ,-3
27.312902 ,Left ,-4 ,0  ,+3 ,+3 ,-19 ,+3 ,-3 ,-3
27.3255909 ,Left ,-3 ,-2 ,-3 ,-3 ,+6 ,-1 ,-1 ,-3
27.3255937 ,Left ,-3 ,-4 ,-3 ,-5 ,+3 ,-1 ,-6 ,0 
27.3324161 ,Left ,-1 ,+2 ,+3 ,+25 ,+13 ,-3 ,0  ,+1
27.3324189 ,Left ,-1 ,-1 ,-3 ,-7 ,-30 ,+1 ,-2 ,-1
27.3486902 ,Left ,-1 ,0  ,+4 ,+18 ,+2 ,-3 ,0  ,-3
27.3486927 ,Left ,-1 ,-2 ,-9 ,-39 ,-3 ,-4 ,-4 ,-1
27.3502742 ,Left ,0  ,-4 ,+3 ,+21 ,-12 ,-3 ,-1 ,-1
27.3502765 ,Left ,-3 ,-1 ,-4 ,-2 ,+17 ,0  ,0  ,+1
27.3623887 ,Left ,0  ,-1 ,+4 ,+3 ,+7 ,-3 ,+1 ,-1
27.3623922 ,Left ,0  ,-1 ,-5 ,-4 ,-18 ,-3 ,-1 ,-3
27.3712527 ,Left ,-1 ,+2 ,+1 ,+4 ,+32 ,-3 ,-2 ,0 
27.3712843 ,Left ,0  ,+1 ,-1 ,-15 ,-9 ,+1 ,+39 ,+2
27.3862408 ,Left ,-2 ,-2 ,-2 ,+16 ,+5 ,-5 ,-70 ,-5
27.3862439 ,Left ,-4 ,-4 ,+2 ,-11 ,+1 ,+4 ,-11 ,-2
27.3878279 ,Left ,+1 ,+1 ,+8 ,+15 ,-7 ,+11 ,-2 ,-1
27.3878308 ,Left ,-4 ,-5 ,-5 ,-25 ,-11 ,-25 ,-12 ,-1
27.4088885 ,Left ,-1 ,-3 ,-9 ,-6 ,+4 ,+2 ,+21 ,0 
27.4088916 ,Left ,+1 ,+1 ,+4 ,+11 ,-3 ,0  ,+4 ,-1
27.410354 ,Left ,-2 ,-3 ,-1 ,+3 ,-3 ,+5 ,-14 ,-2
27.4103572 ,Left ,-1 ,0  ,+3 ,+8 ,0  ,+3 ,+17 ,-3
27.4223475 ,Left ,+1 ,+3 ,+2 ,-12 ,+14 ,-2 ,+12 ,+2
27.4223506 ,Left ,-3 ,-4 ,-5 ,-17 ,-7 ,+1 ,-7 ,-2
27.4312854 ,Left ,-2 ,0  ,+2 ,-1 ,+1 ,-4 ,+8 ,-1
27.4312881 ,Left ,0  ,-1 ,-3 ,+36 ,+7 ,+4 ,-12 ,-3
27.4461402 ,Left ,-2 ,-4 ,-3 ,-16 ,0  ,-4 ,+4 ,-2
27.4461431 ,Left ,-1 ,0  ,-3 ,-7 ,0  ,0  ,-5 ,-2
27.4477519 ,Left ,+1 ,0  ,+2 ,+2 ,-3 ,-6 ,+2 ,+1
27.4477547 ,Left ,0  ,-1 ,-7 ,-5 ,-1 ,-1 ,-10 ,0 
27.4688875 ,Left ,+1 ,+3 ,+1 ,+6 ,+5 ,+8 ,+6 ,-2
27.4688906 ,Left ,-1 ,-4 ,-3 ,-19 ,+6 ,-16 ,0  ,-2
27.4703649 ,Left ,0  ,-1 ,-2 ,+39 ,-4 ,-2 ,+1 ,0 
27.4703681 ,Left ,-3 ,-3 ,-1 ,+8 ,+1 ,+1 ,-13 ,-4
27.4911522 ,Left ,+2 ,+2 ,+1 ,-6 ,-10 ,0  ,+10 ,0 
27.4911558 ,Left ,0  ,+2 ,+1 ,+15 ,-4 ,-2 ,+4 ,+2
27.4926338 ,Left ,0  ,0  ,-3 ,-12 ,+1 ,0  ,-5 ,0 
27.4927021 ,Left ,0  ,-4 ,+3 ,-5 ,+6 ,+1 ,-5 ,-2
27.5054632 ,Left ,-2 ,-1 ,0  ,-12 ,-54 ,-8 ,+2 ,-2
27.5055227 ,Left ,+2 ,-1 ,+2 ,+15 ,+18 ,-2 ,0  ,-2
27.5123458 ,Left ,-3 ,-4 ,-1 ,-3 ,-3 ,+13 ,+4 ,-1
27.5123485 ,Left ,-3 ,-5 ,-13 ,-23 ,-15 ,-16 ,-10 ,-1
27.536186 ,Left ,-2 ,-1 ,+3 ,+8 ,+10 ,-1 ,+1 ,-1
27.5361946 ,Left ,-1 ,-1 ,-1 ,-4 ,-7 ,+4 ,-1 ,-2
27.5377906 ,Left ,-1 ,-1 ,-1 ,-2 ,-8 ,-6 ,+1 ,-1
27.537794 ,Left ,+2 ,+2 ,+3 ,-13 ,-6 ,+10 ,0  ,0 
27.5512347 ,Left ,-2 ,-6 ,-2 ,+2 ,+19 ,-3 ,+1 ,-1
27.5512376 ,Left ,0  ,+4 ,+1 ,+8 ,-4 ,-1 ,0  ,0 
27.5528116 ,Left ,0  ,-1 ,-3 ,-9 ,-15 ,+6 ,+1 ,0 
27.5528151 ,Left ,-2 ,-3 ,-2 ,+22 ,-3 ,-1 ,-5 ,-1
27.565484 ,Left ,-1 ,-2 ,-5 ,-32 ,-3 ,-4 ,+1 ,+1
27.5654865 ,Left ,-2 ,-7 ,-1 ,+31 ,-5 ,+1 ,-1 ,-3
27.5722954 ,Left ,+2 ,+5 ,+3 ,-26 ,+5 ,-5 ,-1 ,0 
27.572298 ,Left ,+2 ,+3 ,+3 ,-4 ,+4 ,0  ,-1 ,+1
27.5888801 ,Left ,-5 ,0  ,-1 ,+9 ,-3 ,-1 ,+3 ,-1
27.5888833 ,Left ,0  ,0  ,0  ,-16 ,+10 ,-1 ,-7 ,0 
27.5903379 ,Left ,-4 ,-5 ,-4 ,-2 ,-6 ,-9 ,+8 ,-3
27.5903427 ,Left ,-2 ,-1 ,+2 ,+4 ,+4 ,+2 ,-4 ,-2
27.6111435 ,Left ,0  ,+2 ,+3 ,-11 ,+16 ,+5 ,0  ,0 
27.6111465 ,Left ,-3 ,+1 ,+3 ,+19 ,-16 ,-3 ,+1 ,+1
27.6127208 ,Left ,-3 ,-5 ,-12 ,-49 ,-17 ,-8 ,-7 ,-2
27.6127234 ,Left ,-1 ,0  ,+9 ,+25 ,+36 ,+4 ,+1 ,0 
27.6338159 ,Left ,-3 ,-7 ,-10 ,-21 ,-12 ,-1 ,+1 ,-1
27.6338186 ,Left ,+1 ,+5 ,+3 ,+6 ,+3 ,-2 ,-2 ,-1
27.6353574 ,Left ,-2 ,-2 ,-1 ,+14 ,+2 ,-3 ,-1 ,-2
27.6353599 ,Left ,0  ,-2 ,-4 ,-30 ,-9 ,+1 ,+1 ,-1
27.6487827 ,Left ,+1 ,+4 ,+7 ,+50 ,+11 ,+1 ,-1 ,+2
27.648786 ,Left ,-3 ,-8 ,-3 ,-2 ,-4 ,+11 ,+7 ,-3
27.6502848 ,Left ,+1 ,0  ,0  ,+7 ,+11 ,-2 ,-8 ,0 
27.6502883 ,Left ,+1 ,+1 ,+1 ,-3 ,-9 ,-2 ,-1 ,-2
27.6713593 ,Left ,-2 ,-3 ,-2 ,0  ,+3 ,0  ,+2 ,0 
27.6713642 ,Left ,-1 ,-2 ,-5 ,-9 ,-8 ,+3 ,+1 ,-2
27.6728083 ,Left ,-2 ,-3 ,-3 ,+2 ,+2 ,+4 ,0  ,0 
27.6728112 ,Left ,-1 ,+1 ,+2 ,-3 ,-8 ,-2 ,-2 ,+1
27.6855184 ,Left ,+2 ,0  ,-1 ,+1 ,+16 ,-2 ,-2 ,-1
27.6855216 ,Left ,-2 ,-2 ,-1 ,+16 ,-45 ,-9 ,+1 ,-1
27.6998096 ,Left ,-4 ,-4 ,-7 ,-15 ,-4 ,+3 ,-6 ,-3
27.6998127 ,Left ,+1 ,+1 ,0  ,-30 ,-6 ,-2 ,0  ,-1
27.7086876 ,Left ,-4 ,-3 ,-2 ,+10 ,+11 ,-1 ,+2 ,-2
27.7086909 ,Left ,0  ,-2 ,-3 ,-12 ,+8 ,0  ,-5 ,-1
27.7102264 ,Left ,+3 ,+2 ,+5 ,+21 ,+6 ,-4 ,0  ,0 
27.7102293 ,Left ,+1 ,+4 ,+1 ,+5 ,-16 ,+1 ,0  ,0 
27.7325249 ,Left ,-1 ,-2 ,-2 ,-12 ,-13 ,0  ,-1 ,0 
27.7325283 ,Left ,-3 ,-5 ,-1 ,-8 ,+19 ,-2 ,-2 ,-2
27.7345505 ,Left ,-1 ,+1 ,-2 ,-11 ,-18 ,-4 ,0  ,0 
27.7345533 ,Left ,-3 ,-2 ,-3 ,-11 ,0  ,0  ,0  ,-2
27.7457004 ,Left ,+1 ,-1 ,+3 ,+23 ,-4 ,-1 ,-7 ,-2
27.7457035 ,Left ,-2 ,-2 ,-4 ,+6 ,+20 ,-3 ,+15 ,-2
27.7525571 ,Left ,-1 ,-3 ,+2 ,+6 ,-27 ,-4 ,-4 ,-2
27.7525602 ,Left ,-2 ,-2 ,-2 ,-25 ,-16 ,-2 ,-2 ,-2
27.7688983 ,Left ,0  ,-1 ,-3 ,-20 ,+1 ,+3 ,+1 ,-1
27.7689018 ,Left ,-1 ,-3 ,-9 ,-10 ,-19 ,-23 ,-10 ,-2
27.7703768 ,Left ,-1 ,-1 ,+3 ,+24 ,+19 ,+1 ,+4 ,0 
27.7703798 ,Left ,0  ,+2 ,+9 ,+9 ,+2 ,-1 ,+1 ,0 
27.7912535 ,Left ,-1 ,+1 ,-6 ,-25 ,-6 ,-1 ,-2 ,-1
27.7912567 ,Left ,0  ,+6 ,+7 ,-3 ,+2 ,+8 ,-3 ,0 
27.79282 ,Left ,-2 ,-3 ,-2 ,-20 ,+5 ,-3 ,+1 ,-1
27.7928524 ,Left ,-3 ,-3 ,-1 ,+26 ,+7 ,-4 ,-3 ,-3
27.8136948 ,Left ,-2 ,0  ,0  ,+17 ,-1 ,-2 ,0  ,-3
27.8136979 ,Left ,-2 ,-4 ,-7 ,-27 ,-1 ,+2 ,-2 ,0 
27.8152789 ,Left ,-1 ,-1 ,-2 ,-4 ,-2 ,-4 ,-4 ,0 
27.8152818 ,Left ,+1 ,0  ,-4 ,+7 ,-2 ,+1 ,-1 ,0 
27.8288879 ,Left ,+3 ,+2 ,+8 ,+27 ,+4 ,0  ,0  ,+1
27.8288911 ,Left ,-3 ,-4 ,-3 ,-13 ,+23 ,0  ,-2 ,-1
27.8303716 ,Left ,-3 ,-4 ,-11 ,-3 ,-18 ,-4 ,-3 ,-1
27.8303745 ,Left ,-2 ,-3 ,-2 ,+8 ,+9 ,+8 ,0  ,0 
27.8512771 ,Left ,-3 ,-5 ,-10 ,-10 ,-9 ,-23 ,-5 ,-4
27.8512804 ,Left ,+2 ,+7 ,+19 ,+14 ,-3 ,+3 ,-1 ,+2
27.8527205 ,Left ,-2 ,-4 ,-11 ,-22 ,+13 ,+3 ,+2 ,-1
27.8527232 ,Left ,-5 ,-3 ,+1 ,+43 ,+21 ,-5 ,-3 ,-4
27.8654875 ,Left ,-1 ,-1 ,-6 ,-39 ,-16 ,+2 ,-1 ,-1
27.8654903 ,Left ,-1 ,-1 ,+8 ,+25 ,-12 ,+2 ,-1 ,0 
27.8725772 ,Left ,-1 ,-2 ,-20 ,-78 ,-2 ,-3 ,-2 ,-2
27.8725803 ,Left ,0  ,-1 ,-1 ,-4 ,-10 ,+2 ,-1 ,+1
27.8886943 ,Left ,0  ,-3 ,+1 ,+17 ,+4 ,+3 ,-2 ,0 
27.8886976 ,Left ,0  ,0  ,+1 ,+3 ,-23 ,-5 ,-2 ,-1
27.890216 ,Left ,0  ,+1 ,-3 ,-8 ,+7 ,+6 ,+2 ,+1
27.8902197 ,Left ,-4 ,-5 ,+1 ,+38 ,+1 ,-1 ,-2 ,-3
27.9111796 ,Left ,-1 ,-2 ,-2 ,-15 ,+3 ,0  ,0  ,-1
27.9111827 ,Left ,-1 ,-2 ,-4 ,-11 ,+4 ,0  ,-1 ,0 
27.9127806 ,Left ,+2 ,+8 ,+16 ,+30 ,+8 ,-1 ,+1 ,-1
27.9127836 ,Left ,0  ,0  ,-6 ,-22 ,-9 ,+3 ,+2 ,+1
27.9255893 ,Left ,-5 ,-5 ,-3 ,-12 ,-7 ,-2 ,-1 ,-3
27.9255925 ,Left ,-2 ,-1 ,-6 ,+21 ,+7 ,+2 ,-1 ,-2
27.9322972 ,Left ,-3 ,-3 ,+7 ,-5 ,-6 ,0  ,-1 ,-1
27.9322999 ,Left ,0  ,-1 ,+1 ,+9 ,-5 ,-3 ,-2 ,0 
27.9485785 ,Left ,0  ,+1 ,-1 ,-8 ,+10 ,-1 ,+1 ,0 
27.9485813 ,Left ,+1 ,-2 ,-3 ,+4 ,+5 ,-1 ,-2 ,-1
27.9502363 ,Left ,+1 ,-2 ,-4 ,-21 ,-13 ,-4 ,-2 ,0 
27.9502388 ,Left ,+1 ,0  ,-3 ,-38 ,-2 ,-4 ,-1 ,0 
27.9709589 ,Left ,-3 ,-6 ,-3 ,+15 ,-10 ,0  ,-1 ,0 
27.9709621 ,Left ,+1 ,+6 ,-2 ,-17 ,+3 ,+1 ,-2 ,0 
27.9773293 ,Left ,0  ,-3 ,+5 ,+42 ,-1 ,0  ,0  ,-2
27.9773316 ,Left ,0  ,+2 ,-3 ,+4 ,0  ,-6 ,-2 ,-2
27.9854018 ,Left ,-1 ,+1 ,0  ,-10 ,-1 ,+11 ,+1 ,+2
27.9854688 ,Left ,-3 ,-1 ,-1 ,-7 ,0  ,-24 ,-7 ,-3
27.9923146 ,Left ,-2 ,0  ,+2 ,+17 ,+3 ,+2 ,-1 ,0 
27.9923173 ,Left ,-1 ,-2 ,-5 ,-18 ,0  ,+3 ,+3 ,+1
28.008857 ,Left ,-1 ,-2 ,+1 ,+6 ,-15 ,-36 ,-8 ,-4
28.0088599 ,Left ,0  ,-1 ,-2 ,-4 ,-23 ,+6 ,-4 ,-14
28.0103203 ,Left ,-3 ,+1 ,+1 ,+15 ,+13 ,+6 ,-4 ,+14
28.0103231 ,Left ,-1 ,-6 ,-4 ,-2 ,-8 ,+3 ,+3 ,-5
28.0314004 ,Left ,-8 ,0  ,0  ,-1 ,-1 ,+7 ,-13 ,+8
28.0314036 ,Left ,+7 ,-3 ,-6 ,-9 ,+3 ,-10 ,-30 ,-11
28.0328622 ,Left ,+4 ,0  ,+6 ,+42 ,+4 ,-8 ,+20 ,-1
28.0328653 ,Left ,-9 ,+1 ,-7 ,-46 ,-8 ,-23 ,-38 ,-3
28.0450048 ,Left ,+16 ,+2 ,-1 ,+4 ,+6 ,+70 ,+14 ,+5
28.045008 ,Left ,-11 ,-5 ,-6 ,+4 ,-10 ,-47 ,-19 ,-8
28.0538487 ,Left ,+3 ,0  ,+2 ,-12 ,+32 ,+7 ,+51 ,+7
28.0538512 ,Left ,-12 ,-5 ,+1 ,+32 ,+20 ,-25 ,-25 ,-5
28.0686702 ,Left ,-7 ,-1 ,+1 ,+7 ,-23 ,-6 ,-17 ,-17
28.068673 ,Left ,+5 ,+4 ,+2 ,-24 ,+2 ,+29 ,+11 ,+10
28.0702329 ,Left ,+2 ,0  ,+1 ,+6 ,-23 ,-7 ,-5 ,-1
28.0702354 ,Left ,+2 ,+2 ,-3 ,+2 ,+15 ,+10 ,+40 ,+6
28.0911346 ,Left ,-3 ,-1 ,0  ,-31 ,+5 ,-11 ,-3 ,-6
28.0911374 ,Left ,+3 ,0  ,+1 ,+11 ,-1 ,+14 ,+8 ,+8
28.0926952 ,Left ,-10 ,-10 ,-11 ,+3 ,+7 ,-4 ,-17 ,-9
28.0926978 ,Left ,+4 ,-3 ,+2 ,-6 ,+25 ,+13 ,+3 ,-2
28.1048342 ,Left ,+7 ,+19 ,+31 ,-9 ,-31 ,-9 ,-4 ,+5
28.1048367 ,Left ,-10 ,-14 ,-39 ,-45 ,-35 ,-6 ,+2 ,-7
28.1137956 ,Left ,+3 ,+15 ,+36 ,+12 ,-3 ,-4 ,-14 ,-4
28.1137984 ,Left ,+2 ,-6 ,-13 ,+5 ,-2 ,-1 ,-8 ,+2
28.1286598 ,Left ,-3 ,-14 ,+5 ,+3 ,+15 ,-7 ,+7 ,-5
28.1286628 ,Left ,+1 ,+10 ,-4 ,-37 ,+14 ,+6 ,+19 ,+9
28.1302489 ,Left ,-5 ,-8 ,+1 ,+23 ,-11 ,-2 ,-17 ,-9
28.1302517 ,Left ,+1 ,-2 ,-8 ,-28 ,-19 ,+4 ,+1 ,-1
28.1511807 ,Left ,-4 ,-4 ,-25 ,-64 ,-2 ,-2 ,+4 ,+3
28.1511836 ,Left ,0  ,-8 ,-3 ,+63 ,+8 ,+8 ,+6 ,+2
28.1527888 ,Left ,0  ,-2 ,+4 ,-5 ,+2 ,-4 ,-14 ,-2
28.1527916 ,Left ,-1 ,+1 ,-1 ,+31 ,0  ,+2 ,+3 ,-3
28.1648638 ,Left ,-2 ,+1 ,-1 ,+18 ,+6 ,-6 ,+3 ,+1
28.164867 ,Left ,-2 ,-1 ,-13 ,-26 ,+7 ,-1 ,-3 ,+1
28.1737837 ,Left ,-1 ,+2 ,-10 ,-12 ,-1 ,0  ,+1 ,-3
28.1737864 ,Left ,-3 ,0  ,+19 ,+25 ,-6 ,+2 ,+8 ,+2
28.1886524 ,Left ,-1 ,+1 ,+1 ,+20 ,+1 ,-5 ,-2 ,-3
28.1886549 ,Left ,+1 ,0  ,+4 ,-4 ,0  ,+3 ,0  ,+2
28.1902556 ,Left ,-9 ,-1 ,+8 ,+46 ,+3 ,+4 ,0  ,+2
28.1902581 ,Left ,+3 ,-1 ,-16 ,-82 ,-17 ,0  ,-3 ,+2
28.2114816 ,Left ,0  ,-2 ,-10 ,+29 ,+10 ,+8 ,+14 ,-10
28.2114845 ,Left ,+1 ,+4 ,+22 ,+21 ,+5 ,-28 ,-5 ,+12
28.2128457 ,Left ,-7 ,-4 ,-11 ,-22 ,-1 ,+3 ,-3 ,-1
28.2128491 ,Left ,+6 ,+5 ,+1 ,+20 ,+1 ,0  ,+1 ,0 
28.2249878 ,Left ,+1 ,0  ,0  ,-13 ,0  ,-11 ,+6 ,+8
28.2249906 ,Left ,-5 ,-2 ,+7 ,-3 ,+2 ,+17 ,+2 ,-6
28.2337967 ,Left ,+2 ,-2 ,-9 ,-6 ,-2 ,0  ,+2 ,-1
28.2337994 ,Left ,0  ,+4 ,+5 ,+13 ,-2 ,-9 ,-15 ,-6
28.2487115 ,Left ,0  ,-2 ,-5 ,-32 ,-5 ,+8 ,-7 ,-2
28.2487143 ,Left ,-4 ,-2 ,+7 ,+50 ,+4 ,0  ,+7 ,+3
28.2548805 ,Left ,+1 ,-6 ,-11 ,-31 ,-6 ,-10 ,0  ,+8
28.2548833 ,Left ,-2 ,+1 ,+9 ,+18 ,+5 ,+7 ,+4 ,-3
28.2714265 ,Left ,-1 ,-2 ,-4 ,+18 ,+1 ,-10 ,-1 ,-3
28.2714295 ,Left ,-2 ,0  ,+1 ,-8 ,+2 ,+2 ,-8 ,-4
28.2729464 ,Left ,-1 ,0  ,-3 ,-11 ,0  ,-2 ,-5 ,-7
28.2729496 ,Left ,-2 ,-2 ,+1 ,+12 ,-3 ,+8 ,+5 ,+2
28.2847819 ,Left ,-4 ,-1 ,-4 ,-1 ,0  ,-12 ,+5 ,0 
28.2847852 ,Left ,+1 ,0  ,+3 ,-11 ,-3 ,+15 ,-3 ,-3
28.2938608 ,Left ,+1 ,0  ,-3 ,-24 ,0  ,-1 ,-5 ,-4
28.2938642 ,Left ,0  ,-2 ,-8 ,-1 ,-3 ,+4 ,-1 ,-1
28.3086481 ,Left ,-1 ,-3 ,-2 ,+5 ,+1 ,-1 ,-2 ,-5
28.3086512 ,Left ,+1 ,+2 ,+2 ,-11 ,-14 ,+10 ,+26 ,+4
28.3102601 ,Left ,-1 ,-1 ,+3 ,+19 ,+2 ,0  ,+15 ,-9
28.310263 ,Left ,-2 ,-2 ,-7 ,-31 ,-15 ,-13 ,-57 ,+5
28.3312013 ,Left ,-2 ,+3 ,+1 ,+14 ,-9 ,-16 ,-9 ,-1
28.3312046 ,Left ,+3 ,-3 ,0  ,+3 ,+36 ,-9 ,-42 ,-8
28.3327406 ,Left ,+1 ,+2 ,-5 ,-39 ,-8 ,-3 ,+8 ,0 
28.3327433 ,Left ,-10 ,-3 ,+5 ,+52 ,+11 ,-19 ,+6 ,+8
28.3537741 ,Left ,+11 ,+1 ,-4 ,-22 ,-12 ,+5 ,+28 ,+2
28.3538133 ,Left ,-4 ,0  ,+6 ,+37 ,-3 ,-8 ,-12 ,-7
28.3553362 ,Left ,0  ,-4 ,-10 ,-20 ,-9 ,-4 ,-9 ,+6
28.3553398 ,Left ,+2 ,+2 ,+7 ,-13 ,+7 ,+19 ,+21 ,-7
28.3689152 ,Left ,-8 ,-2 ,-8 ,+24 ,+4 ,-13 ,-4 ,-2
28.3689186 ,Left ,-1 ,-2 ,-12 ,-84 ,-8 ,-6 ,+11 ,+5
28.3703696 ,Left ,-2 ,-4 ,+4 ,+51 ,+3 ,+12 ,-15 ,-9
28.3703729 ,Left ,-1 ,-3 ,-6 ,-9 ,-30 ,+2 ,+13 ,-2
28.3913312 ,Left ,-3 ,-4 ,+6 ,-21 ,+6 ,-1 ,-15 ,+1
28.3913346 ,Left ,-1 ,+1 ,+5 ,+43 ,+6 ,-3 ,+12 ,-5
28.39282 ,Left ,-2 ,+1 ,-28 ,-81 ,-16 ,-9 ,-11 ,-1
28.3928232 ,Left ,+2 ,+10 ,+18 ,-20 ,+10 ,-5 ,+3 ,0 
28.4047768 ,Left ,-3 ,-6 ,+22 ,+79 ,-10 ,-1 ,-7 ,-2
28.4047814 ,Left ,+6 ,+12 ,+26 ,-10 ,-3 ,+12 ,+2 ,0 
28.4137572 ,Left ,-2 ,-4 ,-5 ,+1 ,+5 ,-6 ,+1 ,+1
28.4137603 ,Left ,-1 ,-2 ,-3 ,+15 ,+1 ,-2 ,-2 ,-5
28.4280956 ,Left ,-1 ,0  ,-7 ,-33 ,0  ,+9 ,+3 ,+3
28.4280985 ,Left ,-4 ,-3 ,+22 ,+12 ,-8 ,+2 ,+5 ,+1
28.4348615 ,Left ,0  ,-4 ,-9 ,+17 ,-4 ,-2 ,-6 ,+1
28.4348644 ,Left ,0  ,-3 ,-16 ,-7 ,+3 ,+1 ,+6 ,-3
28.451265 ,Left ,-3 ,-4 ,-16 ,-42 ,+3 ,+14 ,-4 ,-2
28.4512679 ,Left ,-5 ,-6 ,-9 ,+9 ,-11 ,-24 ,-4 ,-2
28.4528059 ,Left ,+2 ,+9 ,+25 ,+4 ,+7 ,-1 ,-6 ,+1
28.4528083 ,Left ,-4 ,-8 ,-10 ,+8 ,-5 ,+8 ,+8 ,-5
28.4736743 ,Left ,0  ,+1 ,+9 ,+26 ,+3 ,+4 ,-2 ,0 
28.4736767 ,Left ,-1 ,+1 ,-10 ,-16 ,+11 ,-4 ,-2 ,0 
28.4753906 ,Left ,-2 ,-4 ,-9 ,-1 ,-8 ,-7 ,-8 ,-2
28.4753933 ,Left ,0  ,+1 ,+9 ,+15 ,-6 ,-7 ,-3 ,+1
28.4879798 ,Left ,-4 ,-4 ,-9 ,-20 ,+1 ,+13 ,+22 ,0 
28.4879827 ,Left ,0  ,-3 ,-8 ,0  ,-7 ,+10 ,+4 ,-1
28.4948531 ,Left ,0  ,0  ,+2 ,0  ,+7 ,+7 ,0  ,-15
28.4948563 ,Left ,-2 ,0  ,-3 ,-14 ,-3 ,-19 ,-4 ,+9
28.511224 ,Left ,+2 ,+3 ,+5 ,+12 ,+12 ,+18 ,+14 ,+2
28.5112269 ,Left ,0  ,-4 ,-21 ,-12 ,-2 ,-9 ,-70 ,-2
28.5128376 ,Left ,-4 ,-1 ,+11 ,+28 ,-14 ,+10 ,+13 ,-14
28.5129557 ,Left ,-5 ,-1 ,-4 ,-28 ,+5 ,-5 ,+19 ,-4
28.5339844 ,Left ,+2 ,-1 ,-4 ,+6 ,-8 ,-16 ,-41 ,+6
28.5339872 ,Left ,+12 ,-1 ,-2 ,-19 ,-26 ,+34 ,+59 ,+25
28.535328 ,Left ,-3 ,0  ,+7 ,+56 ,+21 ,-47 ,-19 ,-5
28.5353382 ,Left ,-2 ,-3 ,-3 ,-44 ,-2 ,+56 ,+18 ,-4
28.5488708 ,Left ,-5 ,-3 ,-6 ,-19 ,-38 ,-26 ,-46 ,-3
28.5488737 ,Left ,-3 ,-1 ,-2 ,+4 ,+5 ,+3 ,+24 ,-25
28.5503013 ,Left ,+1 ,-2 ,-3 ,+12 ,0  ,+15 ,+19 ,+40
28.550304 ,Left ,+5 ,+1 ,+4 ,+16 ,+2 ,-12 ,-9 ,-6
28.5712199 ,Left ,-5 ,+2 ,+4 ,+12 ,+15 ,+12 ,+31 ,+1
28.5712227 ,Left ,-6 ,-5 ,-9 ,-15 ,+10 ,+2 ,-31 ,-12
28.5727329 ,Left ,-3 ,-5 ,-7 ,-28 ,-33 ,-7 ,-22 ,-9
28.5727354 ,Left ,-1 ,+2 ,0  ,+34 ,-12 ,-7 ,-3 ,-1
28.5936533 ,Left ,+1 ,-2 ,+1 ,+6 ,+12 ,+3 ,+1 ,0 
28.5936559 ,Left ,-5 ,-2 ,+3 ,+15 ,-6 ,-13 ,+14 ,+1
28.5951727 ,Left ,+2 ,-5 ,-13 ,-38 ,-8 ,+9 ,+10 ,-3
28.595175 ,Left ,+3 ,0  ,+1 ,+25 ,+6 ,-7 ,-18 ,+2
28.6078798 ,Left ,+4 ,+16 ,-4 ,-21 ,-3 ,-3 ,+1 ,-1
28.6079077 ,Left ,-2 ,-3 ,+25 ,+70 ,+4 ,-6 ,+1 ,-3
28.6147648 ,Left ,-2 ,-5 ,-17 ,-22 ,+9 ,+7 ,-4 ,-1
28.6147672 ,Left ,-4 ,-8 ,-3 ,-18 ,+4 ,-2 ,-5 ,0 
28.6312008 ,Left ,-1 ,-9 ,+2 ,+33 ,-3 ,-7 ,+3 ,-3
28.6312032 ,Left ,-4 ,-1 ,-14 ,-32 ,+1 ,0  ,-2 ,+1
28.6327364 ,Left ,+2 ,0  ,-15 ,-11 ,+3 ,+4 ,-1 ,+1
28.6327386 ,Left ,+1 ,+7 ,+57 ,+39 ,+3 ,-3 ,+6 ,-1
28.6539135 ,Left ,-4 ,-7 ,-9 ,-4 ,+16 ,+1 ,0  ,-5
28.653918 ,Left ,+1 ,-5 ,-37 ,-23 ,+37 ,-1 ,-6 ,+4
28.6553373 ,Left ,-2 ,-4 ,-6 ,-36 ,-30 ,0  ,0  ,-3
28.6553399 ,Left ,-2 ,0  ,-3 ,+6 ,+20 ,+5 ,-3 ,-3
28.6674315 ,Left ,+2 ,+2 ,+8 ,+20 ,-7 ,-1 ,-3 ,-3
28.6674342 ,Left ,-1 ,-5 ,-12 ,+3 ,-10 ,+9 ,-4 ,+2
28.6763326 ,Left ,+1 ,+7 ,+12 ,+4 ,+30 ,-26 ,+10 ,-2
28.6763352 ,Left ,0  ,+1 ,-11 ,-17 ,+18 ,+13 ,+14 ,-2
28.6910962 ,Left ,-1 ,-1 ,+11 ,+14 ,+3 ,-20 ,+16 ,+2
28.691099 ,Left ,-1 ,+4 ,+9 ,+1 ,-11 ,+6 ,-10 ,0 
28.6926937 ,Left ,+1 ,-5 ,+5 ,+55 ,+6 ,+2 ,+90 ,+11
28.6927305 ,Left ,-3 ,-3 ,-6 ,-26 ,-12 ,-2 ,-47 ,-6
28.7137221 ,Left ,0  ,-2 ,-9 ,-16 ,+7 ,+5 ,+19 ,-2
28.7137266 ,Left ,-7 ,0  ,0  ,-28 ,-3 ,-19 ,-16 ,-9
28.715348 ,Left ,+12 ,+2 ,+11 ,+42 ,+7 ,-12 ,+31 ,+21
28.7153506 ,Left ,-2 ,-1 ,-5 ,+3 ,-7 ,-12 ,+21 ,-6
28.7273998 ,Left ,-3 ,+2 ,-3 ,-10 ,-3 ,-11 ,-20 ,+7
28.7274027 ,Left ,+8 ,+1 ,-1 ,-21 ,-2 ,+24 ,+7 ,+1
28.742578 ,Left ,-11 ,-1 ,+5 ,-3 ,-6 ,+3 ,-80 ,-16
28.7425807 ,Left ,+5 ,-4 ,-13 ,-12 ,-13 ,-3 ,+11 ,+16
28.7513919 ,Left ,-9 ,-4 ,-6 ,-18 ,-9 ,-2 ,-19 ,-12
28.7513947 ,Left ,-2 ,-1 ,+9 ,+12 ,-5 ,-15 ,-5 ,-1
28.7528146 ,Left ,-3 ,-1 ,0  ,-12 ,-10 ,-8 ,-19 ,-26
28.7528444 ,Left ,-2 ,-5 ,-10 ,+4 ,+23 ,+23 ,-35 ,+6
28.7735927 ,Left ,+2 ,+2 ,+4 ,-12 ,+3 ,+8 ,+15 ,-3
28.7736146 ,Left ,-3 ,+1 ,+8 ,+57 ,-2 ,-5 ,+2 ,-2
28.7753125 ,Left ,+6 ,-1 ,-2 ,-14 ,+16 ,+9 ,-13 ,+4
28.7753152 ,Left ,-6 ,-3 ,-5 ,+10 ,-50 ,-16 ,-2 ,-6
28.7874787 ,Left ,+4 ,-1 ,-2 ,-77 ,+5 ,+10 ,-1 ,+4
28.7875052 ,Left ,-3 ,-6 ,-1 ,+59 ,+10 ,+5 ,+8 ,-3
28.7962397 ,Left ,-4 ,-1 ,-6 ,-29 ,-6 ,-9 ,-4 ,0 
28.7962436 ,Left ,+1 ,-2 ,-7 ,-8 ,+2 ,-2 ,+8 ,-1
28.8111983 ,Left ,-1 ,-9 ,-9 ,+44 ,+4 ,-10 ,-4 ,-3
28.8112009 ,Left ,+3 ,+13 ,+9 ,-30 ,-10 ,+18 ,+11 ,+2
28.8127124 ,Left ,-2 ,+1 ,+20 ,+28 ,+11 ,+12 ,-4 ,+1
28.8127148 ,Left ,-1 ,+2 ,+6 ,+4 ,-1 ,-8 ,-1 ,-4
28.8338481 ,Left ,-9 ,-17 ,-69 ,-44 ,-2 ,-6 ,-12 ,-8
28.833851 ,Left ,0  ,0  ,+28 ,-25 ,+1 ,-11 ,-2 ,+2
28.8353467 ,Left ,-1 ,-1 ,+4 ,+56 ,+1 ,+9 ,+1 ,+1
28.8353497 ,Left ,0  ,-3 ,-56 ,-90 ,-12 ,-6 ,+3 ,-3
28.8481308 ,Left ,+1 ,+8 ,+53 ,+57 ,-11 ,+3 ,+3 ,+1
28.8481335 ,Left ,-1 ,-10 ,-42 ,-29 ,0  ,-3 ,+5 ,0 
28.8547592 ,Left ,0  ,+3 ,+29 ,+26 ,+3 ,+14 ,-7 ,-4
28.8547619 ,Left ,-5 ,-9 ,-10 ,-12 ,-7 ,-21 ,+11 ,-2
28.8714706 ,Left ,+1 ,+1 ,-25 ,-16 ,+11 ,+18 ,-22 ,-3
28.8714734 ,Left ,+3 ,+5 ,+19 ,+4 ,-2 ,-9 ,+5 ,-1
28.8728155 ,Left ,-4 ,+1 ,-3 ,-10 ,-10 ,+17 ,0  ,-2
28.87282 ,Left ,0  ,+2 ,+9 ,+25 ,+5 ,-32 ,-15 ,-3
28.8939906 ,Left ,+2 ,+2 ,+17 ,0  ,+3 ,+3 ,+14 ,+4
28.8939935 ,Left ,-1 ,-1 ,+5 ,+9 ,-7 ,-10 ,-1 ,-2
28.8953416 ,Left ,+3 ,-4 ,-22 ,-39 ,+1 ,+3 ,-4 ,-4
28.8953444 ,Left ,-1 ,+2 ,+13 ,+6 ,+2 ,+12 ,+6 ,+1
28.9072872 ,Left ,-3 ,-1 ,+4 ,+32 ,-2 ,-8 ,+1 ,-3
28.9073086 ,Left ,-2 ,-5 ,-10 ,-3 ,-1 ,-4 ,-11 ,-6
28.9326227 ,Left ,-3 ,-2 ,-10 ,-24 ,-11 ,-3 ,+9 ,+11
28.9327121 ,Left ,0  ,-1 ,+6 ,+3 ,+8 ,+8 ,+2 ,-3
28.9334033 ,Left ,0  ,+2 ,+8 ,+20 ,-9 ,-6 ,-3 ,-2
28.9334693 ,Left ,+1 ,-6 ,-11 ,-15 ,0  ,0  ,+4 ,-3
28.9372383 ,Left ,0  ,+2 ,+5 ,+24 ,+7 ,-3 ,-5 ,-5
28.9372602 ,Left ,-3 ,-3 ,0  ,-26 ,-4 ,+1 ,+4 ,-1
28.9539375 ,Left ,0  ,0  ,-2 ,-18 ,-1 ,-1 ,+4 ,+1
28.9539405 ,Left ,+4 ,+1 ,+1 ,-6 ,-4 ,-1 ,-3 ,-1
28.9553304 ,Left ,-5 ,-7 ,-10 ,-24 ,-4 ,-7 ,-3 ,-7
28.955333 ,Left ,+1 ,+1 ,+3 ,+5 ,0  ,+3 ,0  ,-1
28.9764049 ,Left ,-2 ,-2 ,+2 ,+2 ,-4 ,+7 ,0  ,+1
28.9764084 ,Left ,-3 ,-2 ,-5 ,-15 ,-3 ,-2 ,-3 ,+2
28.977876 ,Left ,-2 ,+1 ,+2 ,+9 ,+1 ,-2 ,+4 ,-1
28.9778797 ,Left ,-4 ,-4 ,-1 ,+5 ,0  ,+5 ,+2 ,+3
28.9906649 ,Left ,+3 ,0  ,-1 ,-18 ,-2 ,-5 ,-2 ,-2
28.9906685 ,Left ,-1 ,+3 ,+5 ,+24 ,+4 ,+12 ,-4 ,+4
28.9973852 ,Left ,-2 ,-1 ,-6 ,-15 ,0  ,-28 ,-3 ,-1
28.9973879 ,Left ,-2 ,+2 ,+3 ,+2 ,-8 ,-13 ,-2 ,-3
29.0138834 ,Left ,-2 ,-5 ,-5 ,-30 ,-1 ,-2 ,-1 ,-2
29.013886 ,Left ,-1 ,-2 ,-5 ,-3 ,+4 ,+2 ,-3 ,+2
29.0153494 ,Left ,0  ,+1 ,+8 ,+9 ,-2 ,+4 ,-2 ,0 
29.015352 ,Left ,+2 ,-1 ,+5 ,+18 ,-4 ,+3 ,+3 ,-2
29.0361999 ,Left ,+1 ,+1 ,-12 ,-17 ,-2 ,-6 ,-1 ,-1
29.0362033 ,Left ,-2 ,-5 ,-1 ,-7 ,-21 ,-7 ,+5 ,+2
29.0377378 ,Left ,0  ,-1 ,-3 ,-12 ,+21 ,+6 ,-4 ,-3
29.0377406 ,Left ,0  ,+2 ,+10 ,+33 ,+4 ,-15 ,-2 ,0 
29.0505161 ,Left ,-1 ,-1 ,+8 ,+32 ,+3 ,+14 ,-4 ,+1
29.0505191 ,Left ,-5 ,-2 ,-9 ,-15 ,-9 ,-6 ,+4 ,-2
29.0573046 ,Left ,0  ,+2 ,+4 ,+5 ,+3 ,-2 ,+3 ,0 
29.0573096 ,Left ,0  ,-4 ,-7 ,-16 ,+6 ,+3 ,-3 ,-1
29.0740877 ,Left ,-4 ,+1 ,+4 ,+6 ,+6 ,-7 ,+7 ,+2
29.0742251 ,Left ,+5 ,+2 ,-6 ,-15 ,-1 ,-3 ,-3 ,+7
29.075712 ,Left ,-2 ,-2 ,-2 ,+5 ,-6 ,+1 ,-3 ,-2
29.0758404 ,Left ,+3 ,+1 ,-6 ,-15 ,+2 ,0  ,+1 ,+2
29.0970411 ,Left ,-3 ,-3 ,+3 ,+36 ,-4 ,+7 ,+1 ,-2
29.0970578 ,Left ,-3 ,-1 ,+3 ,0  ,+8 ,-16 ,-6 ,-6
29.0982331 ,Left ,+2 ,+2 ,-19 ,-23 ,-6 ,+4 ,+2 ,+1
29.0983286 ,Left ,-2 ,-1 ,+6 ,-8 ,-6 ,+6 ,+2 ,-2
29.1109576 ,Left ,+1 ,0  ,+1 ,+17 ,+2 ,+4 ,-2 ,-2
29.1111046 ,Left ,-4 ,0  ,+6 ,+1 ,-1 ,-1 ,-10 ,-2
29.1174409 ,Left ,0  ,-2 ,-8 ,-10 ,-9 ,+2 ,+3 ,-4
29.1174466 ,Left ,-2 ,-2 ,-2 ,-19 ,+2 ,+4 ,-1 ,-4
29.1339399 ,Left ,-2 ,0  ,+3 ,+19 ,-4 ,-8 ,-1 ,-1
29.1339436 ,Left ,-1 ,0  ,0  ,+23 ,+9 ,+5 ,-1 ,-2
29.1353919 ,Left ,-2 ,-1 ,+6 ,-4 ,-14 ,+3 ,+1 ,0 
29.1353956 ,Left ,-3 ,-6 ,-20 ,-10 ,+28 ,+2 ,0  ,-2
29.1473807 ,Left ,+1 ,+3 ,+6 ,-24 ,-1 ,+7 ,+4 ,-1
29.1473836 ,Left ,-2 ,0  ,0  ,+25 ,-1 ,-15 ,+3 ,-2
29.1564128 ,Left ,-2 ,-1 ,+3 ,-27 ,+8 ,-1 ,-5 ,+1
29.1564157 ,Left ,+1 ,0  ,0  ,+61 ,-5 ,+2 ,0  ,-2
29.1705963 ,Left ,-2 ,-5 ,-11 ,-14 ,-1 ,-7 ,-3 ,-1
29.170599 ,Left ,-2 ,-4 ,-8 ,-10 ,-3 ,+4 ,0  ,-2
29.177528 ,Left ,0  ,-1 ,+5 ,+16 ,-1 ,-6 ,-3 ,-1
29.1775329 ,Left ,+1 ,0  ,+4 ,-11 ,-5 ,0  ,-2 ,0 
29.2014914 ,Left ,-1 ,+2 ,+10 ,-5 ,-3 ,-3 ,-6 ,-3
29.2014945 ,Left ,-2 ,-2 ,+3 ,+14 ,-4 ,+5 ,+5 ,-2
29.202853 ,Left ,-4 ,-7 ,-23 ,-27 ,-5 ,-3 ,+1 ,+2
29.2028557 ,Left ,-4 ,+2 ,+7 ,+61 ,-1 ,+9 ,+3 ,+1
29.2161413 ,Left ,+13 ,0  ,+3 ,-7 ,-4 ,-5 ,-3 ,+7
29.2161438 ,Left ,-1 ,+2 ,+1 ,-19 ,0  ,-2 ,-6 ,+9
29.2176989 ,Left ,-2 ,-3 ,-4 ,-8 ,-1 ,-5 ,+7 ,-4
29.2177012 ,Left ,-4 ,+2 ,-2 ,-14 ,+4 ,+6 ,+3 ,+1
29.2307557 ,Left ,-4 ,-4 ,-2 ,+40 ,-8 ,-10 ,-17 ,-10
29.2307585 ,Left ,-1 ,-2 ,-5 ,-27 ,-6 ,-20 ,-12 ,-8
29.2373438 ,Left ,0  ,0  ,+5 ,+36 ,+2 ,+11 ,-9 ,0 
29.2373466 ,Left ,0  ,0  ,+1 ,-23 ,-4 ,-12 ,+10 ,0 
29.2542025 ,Left ,-9 ,-4 ,-11 ,-31 ,-12 ,-5 ,+30 ,+2
29.2542052 ,Left ,+9 ,+1 ,+1 ,-20 ,+10 ,+14 ,+41 ,+2
29.2613314 ,Left ,-6 ,-1 ,+2 ,+27 ,-2 ,-4 ,+14 ,-20
29.2613342 ,Left ,+5 ,0  ,+1 ,-3 ,-6 ,-29 ,-15 ,+15
29.2763268 ,Left ,-5 ,-2 ,+2 ,-7 ,+2 ,+28 ,-6 ,-5
29.2763297 ,Left ,-10 ,0  ,-6 ,-14 ,+8 ,+6 ,-20 ,-4
29.2777678 ,Left ,+1 ,+1 ,+3 ,+13 ,+20 ,+12 ,+52 ,+15
29.2777703 ,Left ,+3 ,+2 ,+6 ,-23 ,+1 ,+25 ,-10 ,-11
29.2905182 ,Left ,+5 ,0  ,+3 ,+23 ,-11 ,-14 ,-17 ,+4
29.2905207 ,Left ,-3 ,-1 ,-7 ,-7 ,+35 ,+14 ,+7 ,+6
29.297329 ,Left ,+3 ,0  ,+3 ,-13 ,-12 ,-15 ,-2 ,+3
29.2973358 ,Left ,0  ,+3 ,-2 ,-25 ,+1 ,+18 ,+7 ,0 
29.3137204 ,Left ,-5 ,-3 ,-3 ,+22 ,+28 ,-7 ,+2 ,0 
29.313724 ,Left ,0  ,-4 ,-4 ,-6 ,-36 ,+3 ,-15 ,-9
29.3152335 ,Left ,-2 ,-3 ,-13 ,-46 ,-17 ,-8 ,-10 ,0 
29.315236 ,Left ,-4 ,-10 ,+7 ,+71 ,-5 ,-13 ,-8 ,-3
29.3362092 ,Left ,-1 ,-3 ,+10 ,-28 ,+9 ,+3 ,+2 ,-7
29.3362123 ,Left ,-1 ,+6 ,+8 ,+67 ,+7 ,-10 ,+8 ,+3
29.3378097 ,Left ,+5 ,+12 ,-14 ,-30 ,-9 ,+4 ,-22 ,+2
29.337813 ,Left ,-4 ,-4 ,+18 ,+37 ,-1 ,-7 ,+7 ,-6
29.3504829 ,Left ,0  ,-4 ,-32 ,-38 ,-3 ,-3 ,-4 ,0 
29.3504858 ,Left ,-5 ,-13 ,-7 ,-9 ,-7 ,+2 ,-4 ,-2
29.3573986 ,Left ,-1 ,-7 ,-12 ,+9 ,+7 ,-1 ,-9 ,+1
29.3574227 ,Left ,+4 ,+16 ,-3 ,-37 ,-5 ,+4 ,-5 ,-3
29.3737654 ,Left ,+1 ,+1 ,+1 ,-24 ,-4 ,+1 ,+8 ,+4
29.3737682 ,Left ,-6 ,-14 ,-17 ,-4 ,-7 ,-17 ,-14 ,-2
29.3753419 ,Left ,-2 ,-4 ,-4 ,+15 ,+7 ,+33 ,-6 ,-6
29.3753445 ,Left ,-5 ,-4 ,+10 ,-30 ,-8 ,-9 ,+7 ,-4
29.3962328 ,Left ,-2 ,0  ,+9 ,+12 ,+6 ,-1 ,-2 ,0 
29.3962354 ,Left ,+3 ,+6 ,-13 ,-41 ,-7 ,+5 ,+6 ,+2
29.3976606 ,Left ,-3 ,-3 ,+14 ,-3 ,-1 ,-7 ,-12 ,-1
29.3976726 ,Left ,-1 ,-2 ,+2 ,+23 ,+24 ,+1 ,-2 ,+1
29.409989 ,Left ,0  ,+2 ,+5 ,-35 ,-34 ,+1 ,+1 ,-1
29.4099917 ,Left ,0  ,-5 ,+9 ,+52 ,+8 ,+6 ,0  ,-2
29.4194295 ,Left ,+1 ,+6 ,+10 ,+20 ,+9 ,-7 ,-3 ,0 
29.4194321 ,Left ,-1 ,-7 ,-33 ,-4 ,-13 ,-4 ,-3 ,-1
29.4336872 ,Left ,-1 ,-2 ,-1 ,+2 ,+24 ,-5 ,+1 ,-2
29.4336899 ,Left ,+2 ,+1 ,+2 ,-22 ,-34 ,-5 ,+2 ,-1
29.4351791 ,Left ,0  ,+3 ,+12 ,+42 ,+14 ,-8 ,-4 ,-1
29.4352637 ,Left ,-1 ,-8 ,-2 ,-26 ,-7 ,-3 ,-1 ,-1
29.4563861 ,Left ,-1 ,+6 ,-9 ,+19 ,-8 ,-3 ,-1 ,-1
29.4563889 ,Left ,-2 ,-4 ,+8 ,+5 ,+5 ,-1 ,0  ,-1
29.4578605 ,Left ,+1 ,+8 ,-1 ,+28 ,+5 ,-4 ,-2 ,0 
29.4579245 ,Left ,-4 ,-4 ,-2 ,-11 ,+4 ,+4 ,-1 ,-1
29.4707173 ,Left ,0  ,-4 ,-10 ,+1 ,-41 ,-8 ,-1 ,-1
29.47072 ,Left ,-3 ,-2 ,+2 ,-17 ,+7 ,0  ,-2 ,-12
29.4773164 ,Left ,-4 ,-8 ,-1 ,-2 ,-8 ,-6 ,-5 ,-3
29.4773192 ,Left ,+3 ,+2 ,0  ,+6 ,0  ,0  ,0  ,+1
29.4939121 ,Left ,-1 ,-4 ,+4 ,-6 ,+5 ,-2 ,-2 ,-1
29.4939155 ,Left ,+1 ,+6 ,+4 ,-2 ,-8 ,-2 ,0  ,0 
29.4953473 ,Left ,0  ,0  ,-3 ,-11 ,-14 ,-3 ,-1 ,-1
29.4953499 ,Left ,-3 ,-3 ,-7 ,-43 ,-8 ,-3 ,-11 ,-1
29.5163693 ,Left ,-3 ,0  ,+9 ,+37 ,+12 ,-2 ,+16 ,-2
29.5163722 ,Left ,+1 ,+2 ,+3 ,+12 ,-3 ,-2 ,-4 ,0 
29.517834 ,Left ,-1 ,-5 ,-3 ,-13 ,-1 ,-3 ,-3 ,0 
29.5178368 ,Left ,-1 ,+1 ,0  ,-6 ,+8 ,+9 ,+5 ,-6
29.5304209 ,Left ,+1 ,-1 ,-1 ,-3 ,0  ,-13 ,-4 ,+12
29.5304236 ,Left ,+3 ,+1 ,-10 ,-53 ,-7 ,+14 ,+1 ,+1
29.5372707 ,Left ,-1 ,-3 ,+2 ,-10 ,-2 ,-27 ,-19 ,-2
29.537273 ,Left ,-1 ,0  ,-1 ,+18 ,-6 ,+12 ,+2 ,-6
29.5538179 ,Left ,-2 ,-2 ,-1 ,+15 ,+4 ,-3 ,-9 ,-4
29.5538207 ,Left ,-1 ,+1 ,+1 ,+1 ,+2 ,+3 ,+11 ,+1
29.5552503 ,Left ,+1 ,0  ,0  ,-23 ,-4 ,+7 ,+28 ,+8
29.5553146 ,Left ,+7 ,-1 ,-1 ,+5 ,-4 ,-35 ,-13 ,+6
29.5764221 ,Left ,-8 ,+2 ,0  ,-17 ,+26 ,-23 ,-4 ,-4
29.5764248 ,Left ,+12 ,-1 ,0  ,+19 ,-11 ,-2 ,-50 ,+6
29.577833 ,Left ,-12 ,-3 ,+3 ,+1 ,+10 ,+7 ,-2 ,-17
29.577836 ,Left ,0  ,-2 ,-1 ,+4 ,+1 ,-7 ,+69 ,+26
29.59068 ,Left ,+13 ,+2 ,-1 ,-5 ,+7 ,+10 ,-12 ,+5
29.5906827 ,Left ,-9 ,-5 ,-3 ,+18 ,+16 ,-7 ,+71 ,-11
29.5973555 ,Left ,0  ,-1 ,+1 ,+14 ,-16 ,-37 ,-53 ,-3
29.5973583 ,Left ,-2 ,-2 ,-7 ,-14 ,+8 ,+28 ,+12 ,+2
29.6137074 ,Left ,-3 ,0  ,+1 ,-17 ,-5 ,+12 ,+13 ,-10
29.6137101 ,Left ,-1 ,+1 ,-6 ,+6 ,+33 ,-3 ,+5 ,+2
29.615307 ,Left ,0  ,-3 ,-6 ,-11 ,-32 ,+17 ,+8 ,-3
29.6153098 ,Left ,-2 ,0  ,+6 ,+17 ,-4 ,-4 ,-15 ,-7
29.6362591 ,Left ,-5 ,-5 ,-12 ,-29 ,-2 ,+5 ,-4 ,+3
29.6362836 ,Left ,0  ,-7 ,-3 ,-22 ,+8 ,-1 ,-12 ,-2
29.6377414 ,Left ,+3 ,+9 ,-4 ,+42 ,+10 ,+2 ,+13 ,+5
29.6377437 ,Left ,-3 ,-3 ,+8 ,-42 ,-17 ,-6 ,-27 ,-8
29.6500393 ,Left ,+1 ,0  ,+12 ,+71 ,+2 ,+2 ,-1 ,-4
29.650042 ,Left ,-1 ,-6 ,-12 ,-15 ,-14 ,-3 ,-7 ,+5
29.6588324 ,Left ,-1 ,-1 ,+3 ,-30 ,+3 ,+2 ,+3 ,-2
29.6588479 ,Left ,-2 ,0  ,-7 ,+2 ,-4 ,+4 ,-1 ,-4
29.6737438 ,Left ,-4 ,-3 ,+3 ,+9 ,-1 ,-4 ,-8 ,-5
29.6737467 ,Left ,-5 ,-3 ,-11 ,-17 ,+2 ,+1 ,-3 ,+2
29.6752687 ,Left ,+2 ,+2 ,+53 ,+46 ,-6 ,+5 ,+3 ,+2
29.6752714 ,Left ,-4 ,-6 ,-53 ,-37 ,-2 ,-5 ,-11 ,-9
29.6963857 ,Left ,-1 ,-5 ,-19 ,-13 ,-3 ,+1 ,+5 ,+3
29.6963885 ,Left ,-5 ,-9 ,-48 ,-25 ,-10 ,-4 ,-12 ,-5
29.6978197 ,Left ,-1 ,+1 ,+10 ,-13 ,-1 ,+1 ,-3 ,0 
29.6978224 ,Left ,-2 ,+3 ,+31 ,+42 ,-3 ,-8 ,-3 ,-2
29.7100154 ,Left ,0  ,+6 ,+35 ,+23 ,-5 ,-3 ,-2 ,-1
29.7100185 ,Left ,-2 ,-3 ,-41 ,-53 ,-9 ,+3 ,+1 ,+2
29.7188765 ,Left ,+1 ,-1 ,+1 ,+31 ,+8 ,+12 ,+6 ,-1
29.7188792 ,Left ,-2 ,+5 ,+19 ,+33 ,+1 ,-24 ,-12 ,-3
29.7336232 ,Left ,0  ,-7 ,-25 ,-15 ,-6 ,+2 ,-2 ,0 
29.7336262 ,Left ,+3 ,+9 ,+47 ,+23 ,+5 ,-3 ,-2 ,-2
29.7352903 ,Left ,-2 ,-4 ,-22 ,-18 ,-21 ,+14 ,+5 ,+3
29.7352932 ,Left ,-2 ,-2 ,-11 ,-2 ,+22 ,-15 ,-7 ,-2
29.7568007 ,Left ,+3 ,+4 ,+17 ,+20 ,-5 ,-3 ,+1 ,-2
29.7568039 ,Left ,-2 ,0  ,+10 ,+11 ,-8 ,-5 ,-14 ,0 
29.7583231 ,Left ,-3 ,-7 ,-21 ,-17 ,+5 ,+7 ,+3 ,+1
29.7583263 ,Left ,0  ,+5 ,+11 ,+14 ,+2 ,+12 ,+3 ,+1
29.7698203 ,Left ,0  ,-1 ,-10 ,-31 ,-10 ,-3 ,-4 ,-1
29.7698236 ,Left ,-5 ,0  ,+8 ,+39 ,0  ,-1 ,+3 ,-5
29.7788674 ,Left ,-1 ,-5 ,-19 ,-64 ,-4 ,-11 ,-2 ,-1
29.7788704 ,Left ,+2 ,+1 ,+3 ,+10 ,+1 ,-3 ,+1 ,-3
29.7936284 ,Left ,-2 ,-4 ,-12 ,-21 ,-4 ,+3 ,-7 ,-1
29.7936318 ,Left ,+1 ,+3 ,+10 ,+20 ,-3 ,0  ,-1 ,0 
29.795201 ,Left ,0  ,+2 ,+8 ,+8 ,+10 ,-4 ,+1 ,-1
29.7952036 ,Left ,-1 ,-1 ,-9 ,+20 ,-4 ,+2 ,-3 ,0 
29.8161731 ,Left ,-1 ,-4 ,-8 ,-48 ,-12 ,+3 ,+2 ,0 
29.8161772 ,Left ,-1 ,-1 ,+11 ,+18 ,+4 ,0  ,0  ,0 
29.8177072 ,Left ,-2 ,0  ,-8 ,-6 ,0  ,-6 ,-4 ,-4
29.8177233 ,Left ,-1 ,-4 ,-7 ,-9 ,-5 ,+6 ,-1 ,-1
29.8307357 ,Left ,-1 ,+1 ,0  ,+14 ,+4 ,-2 ,-1 ,-2
29.8307386 ,Left ,+1 ,+2 ,+7 ,0  ,-4 ,-1 ,0  ,+1
29.8375392 ,Left ,-1 ,-1 ,-6 ,-10 ,-12 ,-5 ,-1 ,-1
29.8375422 ,Left ,-3 ,-3 ,-3 ,0  ,+5 ,+9 ,-1 ,-1
29.8538556 ,Left ,-3 ,-1 ,-7 ,-9 ,-6 ,-3 ,+2 ,-1
29.8538583 ,Left ,-2 ,-2 ,+12 ,+17 ,+8 ,-6 ,-4 ,-3
29.855307 ,Left ,+2 ,+1 ,+3 ,+16 ,-28 ,-3 ,-1 ,+1
29.8553097 ,Left ,-1 ,-9 ,-42 ,-40 ,-12 ,+6 ,-1 ,-1
29.8764022 ,Left ,-1 ,-2 ,-4 ,-8 ,+4 ,0  ,-1 ,-1
29.876405 ,Left ,-2 ,+3 ,+4 ,+4 ,+1 ,0  ,-1 ,0 
29.877839 ,Left ,-2 ,-1 ,+4 ,+3 ,+15 ,-3 ,+3 ,-2
29.877842 ,Left ,-2 ,-1 ,+12 ,-5 ,-6 ,0  ,-3 ,-1
29.8898653 ,Left ,0  ,-1 ,-5 ,+14 ,+9 ,-3 ,0  ,-1
29.8898683 ,Left ,+1 ,+3 ,+2 ,-21 ,-18 ,+1 ,+3 ,0 
29.8987719 ,Left ,-5 ,-4 ,-8 ,0  ,-2 ,+2 ,-5 ,-3
29.8988307 ,Left ,-2 ,-4 ,+1 ,+6 ,-3 ,+6 ,-3 ,0 
29.9135479 ,Left ,-1 ,-2 ,-3 ,+1 ,-7 ,-8 ,+1 ,-1
29.9136575 ,Left ,+1 ,+1 ,+7 ,+3 ,+1 ,0  ,-5 ,-1
29.9220004 ,Left ,-2 ,-4 ,-7 ,-19 ,+8 ,+1 ,-1 ,0 
29.9221012 ,Left ,-1 ,+5 ,+8 ,+1 ,-2 ,0  ,+1 ,0 
29.9365411 ,Left ,-2 ,+1 ,0  ,+3 ,-1 ,+3 ,-2 ,-1
29.9367141 ,Left ,-1 ,-5 ,-3 ,-3 ,0  ,0  ,-1 ,-2
29.9379738 ,Left ,0  ,-3 ,-3 ,+22 ,+9 ,-3 ,-2 ,-1
29.9380416 ,Left ,0  ,+1 ,+6 ,-4 ,+4 ,+2 ,+1 ,-1
29.9503875 ,Left ,0  ,-1 ,+7 ,+24 ,-3 ,-3 ,-2 ,0 
29.9503926 ,Left ,-2 ,+1 ,-7 ,-17 ,-5 ,-3 ,+3 ,-1
29.9588645 ,Left ,-1 ,0  ,+5 ,+5 ,+12 ,-2 ,-2 ,-1
29.958868 ,Left ,-2 ,-4 ,-11 ,+5 ,+16 ,-1 ,-2 ,+1
29.9736533 ,Left ,0  ,0  ,-1 ,-5 ,-2 ,-1 ,-1 ,0 
29.9736564 ,Left ,-1 ,-1 ,+1 ,+12 ,0  ,0  ,-1 ,-2
29.9752677 ,Left ,0  ,-1 ,+1 ,-4 ,0  ,-2 ,-1 ,-1
29.9752706 ,Left ,-1 ,0  ,+4 ,-1 ,+1 ,-3 ,-1 ,-2
29.9963513 ,Left ,0  ,+1 ,-1 ,-17 ,-3 ,+2 ,0  ,-2
29.9963546 ,Left ,+1 ,0  ,+1 ,+25 ,-1 ,0  ,-2 ,+2
29.9978107 ,Left ,0  ,0  ,-3 ,-12 ,+3 ,0  ,-2 ,-2
29.9978143 ,Left ,+3 ,0  ,+2 ,+12 ,-3 ,-4 ,0  ,-1
30.0187512 ,Left ,-3 ,-4 ,-7 ,-36 ,-9 ,-1 ,0  ,-3
30.0187545 ,Left ,+1 ,+2 ,-4 ,-13 ,+3 ,-2 ,-3 ,0 
30.0202616 ,Left ,-1 ,-1 ,-3 ,-6 ,-6 ,-3 ,-4 ,-3
30.0202646 ,Left ,+1 ,-3 ,-3 ,-1 ,-1 ,0  ,-1 ,+1
30.0338465 ,Left ,+1 ,-2 ,+6 ,+7 ,-7 ,-4 ,-1 ,-2
30.0338498 ,Left ,-1 ,+2 ,-2 ,-23 ,-12 ,-1 ,+2 ,-2
30.0353737 ,Left ,-1 ,0  ,-12 ,-6 ,+29 ,+2 ,-1 ,+1
30.0353771 ,Left ,-4 ,-2 ,-2 ,-17 ,-17 ,-4 ,-3 ,-3
30.056182 ,Left ,-2 ,-1 ,0  ,+6 ,+5 ,+1 ,-1 ,0 
30.0561853 ,Left ,0  ,-3 ,+4 ,+10 ,0  ,-1 ,-2 ,+1
30.0576695 ,Left ,-2 ,-2 ,+8 ,+14 ,+3 ,+6 ,+3 ,-1
30.0577027 ,Left ,+1 ,+2 ,+4 ,+6 ,-6 ,-10 ,-4 ,-3
30.0700666 ,Left ,0  ,-1 ,+5 ,-1 ,-4 ,0  ,-1 ,0 
30.0700698 ,Left ,0  ,-1 ,-14 ,-16 ,+5 ,0  ,-3 ,-2
30.0788559 ,Left ,-1 ,-1 ,+2 ,-11 ,-12 ,+3 ,0  ,-1
30.0788611 ,Left ,-2 ,-2 ,+3 ,+32 ,+4 ,+2 ,0  ,-1
30.0939887 ,Left ,0  ,+2 ,+4 ,+8 ,-35 ,-2 ,-10 ,-2
30.093992 ,Left ,-2 ,-2 ,-4 ,-31 ,-1 ,-2 ,+7 ,-1
30.0954033 ,Left ,+1 ,+3 ,+4 ,+12 ,+2 ,-5 ,-3 ,0 
30.0954066 ,Left ,0  ,-1 ,+1 ,-11 ,-13 ,-5 ,-1 ,-1
30.116355 ,Left ,-2 ,-4 ,-8 ,+2 ,+14 ,+2 ,-2 ,0 
30.1163585 ,Left ,-2 ,-2 ,-3 ,-6 ,-9 ,-3 ,-4 ,-1
30.117875 ,Left ,0  ,-3 ,-3 ,+16 ,+7 ,-2 ,-3 ,+1
30.1178781 ,Left ,0  ,0  ,+2 ,-18 ,+10 ,+8 ,+2 ,-1
30.1299215 ,Left ,-2 ,-2 ,-6 ,-3 ,+17 ,+5 ,+2 ,-1
30.1299257 ,Left ,-1 ,-3 ,0  ,+13 ,-9 ,+1 ,+1 ,0 
30.1388216 ,Left ,-1 ,-2 ,-3 ,-9 ,-7 ,-3 ,+1 ,-2
30.1388246 ,Left ,0  ,+2 ,-1 ,-7 ,-4 ,-1 ,-1 ,0 
30.1533515 ,Left ,0  ,+3 ,+2 ,+17 ,+10 ,+5 ,+5 ,+1
30.1533548 ,Left ,-2 ,+1 ,0  ,-2 ,-1 ,-2 ,-3 ,-4
30.1600199 ,Left ,0  ,-3 ,+3 ,+4 ,+7 ,0  ,-1 ,-1
30.1600237 ,Left ,-2 ,-3 ,-4 ,-6 ,-12 ,+1 ,-1 ,-1
30.176163 ,Left ,-1 ,+3 ,-7 ,-18 ,-7 ,-4 ,0  ,-1
30.1761661 ,Left ,0  ,-3 ,-3 ,+9 ,+16 ,+3 ,-3 ,0 
30.1777027 ,Left ,-1 ,-1 ,+5 ,-16 ,-15 ,-5 ,0  ,0 
30.1777501 ,Left ,+1 ,-3 ,-8 ,-8 ,-17 ,-2 ,-1 ,+1
30.1988885 ,Left ,-1 ,+2 ,+10 ,+22 ,+18 ,-3 ,0  ,-1
30.1988913 ,Left ,-3 ,-2 ,-2 ,-8 ,-22 ,+1 ,-3 ,-2
30.2003532 ,Left ,-1 ,0  ,-3 ,-6 ,-10 ,+1 ,0  ,-1
30.2003558 ,Left ,-3 ,-3 ,+1 ,+4 ,+3 ,-1 ,-1 ,-2
30.2125882 ,Left ,+1 ,-2 ,-3 ,-8 ,-21 ,-2 ,0  ,-1
30.2126042 ,Left ,-1 ,-1 ,+1 ,+8 ,+6 ,+1 ,+1 ,-1
30.2213727 ,Left ,0  ,+1 ,+7 ,+34 ,+5 ,0  ,-1 ,0 
30.2213754 ,Left ,-2 ,-5 ,-7 ,-34 ,-17 ,-7 ,-1 ,-3
30.2362175 ,Left ,0  ,0  ,-3 ,0  ,+4 ,+2 ,-1 ,+1
30.2362208 ,Left ,-1 ,-4 ,+4 ,-3 ,+8 ,-2 ,-1 ,-1
30.237758 ,Left ,-1 ,-2 ,-6 ,-1 ,-2 ,-2 ,0  ,-1
30.2377611 ,Left ,0  ,0  ,+1 ,-2 ,+18 ,+3 ,+1 ,+1
30.258717 ,Left ,-1 ,-2 ,0  ,-1 ,-12 ,-5 ,-1 ,-2
30.2587204 ,Left ,+1 ,+4 ,+4 ,0  ,+29 ,+2 ,0  ,+1
30.2602933 ,Left ,-5 ,-8 ,-14 ,-35 ,-20 ,-11 ,-11 ,-5
30.2602963 ,Left ,-2 ,+4 ,+4 ,+17 ,-1 ,-1 ,+14 ,0 
30.27371 ,Left ,0  ,-2 ,-3 ,-5 ,+1 ,-2 ,-4 ,-1
30.2737132 ,Left ,-1 ,+1 ,+2 ,+5 ,-1 ,-3 ,-2 ,0 
30.2753157 ,Left ,0  ,-1 ,-3 ,-8 ,-12 ,-1 ,+1 ,0 
30.2753188 ,Left ,-1 ,-2 ,0  ,-3 ,+8 ,-2 ,-4 ,-2
30.2962859 ,Left ,-3 ,-3 ,-4 ,+4 ,+17 ,-2 ,-1 ,-3
30.2962899 ,Left ,0  ,+3 ,+1 ,+3 ,-33 ,-4 ,+2 ,-1
30.2978441 ,Left ,+1 ,-2 ,-6 ,-1 ,+7 ,+3 ,-1 ,0 
30.2978472 ,Left ,0  ,+2 ,+15 ,+24 ,+17 ,+1 ,-3 ,0 
30.3188944 ,Left ,-4 ,-7 ,-16 ,-3 ,+2 ,0  ,-1 ,-2
30.3188976 ,Left ,0  ,-1 ,-5 ,-21 ,-8 ,+3 ,-3 ,+2
30.3203573 ,Left ,0  ,-1 ,-1 ,-11 ,-6 ,-6 ,+1 ,-2
30.3203607 ,Left ,0  ,+1 ,+2 ,+18 ,+4 ,+2 ,-2 ,0 
30.3331791 ,Left ,-2 ,0  ,+2 ,-23 ,-4 ,0  ,0  ,-2
30.3331826 ,Left ,-3 ,-2 ,+2 ,+40 ,+4 ,+2 ,-2 ,-2
30.3397263 ,Left ,+2 ,+2 ,+5 ,+3 ,-9 ,0  ,0  ,0 
30.3397289 ,Left ,0  ,-1 ,-5 ,-8 ,+16 ,-1 ,-3 ,-2
30.3570307 ,Left ,0  ,0  ,+2 ,+4 ,+27 ,+3 ,-1 ,-3
30.3570335 ,Left ,-3 ,-6 ,-4 ,0  ,-10 ,-4 ,-3 ,-1
30.3585398 ,Left ,-2 ,-1 ,+2 ,0  ,+11 ,-1 ,+2 ,-1
30.3585429 ,Left ,+1 ,+4 ,-1 ,-2 ,-17 ,-5 ,-3 ,0 
30.3787025 ,Left ,-1 ,-1 ,-1 ,-4 ,-8 ,+1 ,0  ,-1
30.3787054 ,Left ,+1 ,0  ,+1 ,-3 ,+6 ,-4 ,+2 ,-3
30.3802708 ,Left ,-2 ,-1 ,-5 ,-8 ,+2 ,0  ,-1 ,-2
30.3802747 ,Left ,-1 ,-3 ,+1 ,+25 ,+5 ,+11 ,-1 ,-1
30.3936255 ,Left ,+1 ,-2 ,-6 ,-36 ,-19 ,-28 ,-7 ,-3
30.3936284 ,Left ,-1 ,0  ,+3 ,+23 ,+10 ,-2 ,+2 ,-2
30.3952663 ,Left ,0  ,-3 ,-3 ,-18 ,-11 ,-2 ,-4 ,-1
30.3952688 ,Left ,+1 ,+1 ,-1 ,-8 ,-4 ,+1 ,+1 ,-1
30.4153051 ,Left ,-1 ,-1 ,+8 ,+21 ,+5 ,+8 ,+2 ,+2
30.4153077 ,Left ,+1 ,0  ,-6 ,-36 ,-7 ,-2 ,-2 ,0 
30.4238067 ,Left ,-2 ,-1 ,+2 ,+22 ,+12 ,-4 ,-1 ,-1
30.4238094 ,Left ,0  ,-2 ,-4 ,-11 ,+24 ,-2 ,-2 ,+1
30.4386774 ,Left ,-2 ,-2 ,+1 ,+4 ,-9 ,0  ,0  ,-1
30.4386807 ,Left ,-3 ,-1 ,-2 ,-17 ,+10 ,-1 ,0  ,-2
30.440299 ,Left ,0  ,+1 ,0  ,+2 ,-11 ,+5 ,+1 ,0 
30.4403022 ,Left ,-2 ,-2 ,+1 ,-13 ,-12 ,-6 ,-2 ,-1
30.4538804 ,Left ,0  ,+3 ,-2 ,-1 ,+1 ,+3 ,0  ,-1
30.4538838 ,Left ,-1 ,-4 ,-3 ,+9 ,-6 ,+6 ,-1 ,+1
30.455404 ,Left ,-1 ,-2 ,+3 ,-7 ,+10 ,-9 ,-1 ,-2
30.4554089 ,Left ,-2 ,0  ,+1 ,+21 ,-15 ,-2 ,-1 ,-1
30.4762447 ,Left ,-2 ,-5 ,-2 ,-4 ,-3 ,-1 ,0  ,-1
30.4762485 ,Left ,-2 ,-2 ,-5 ,-4 ,-7 ,+2 ,-1 ,-1
30.4777008 ,Left ,-2 ,+6 ,+4 ,+1 ,-3 ,0  ,-7 ,-1
30.4777039 ,Left ,-2 ,-5 ,-8 ,-18 ,-7 ,-6 ,+10 ,-1
30.4988899 ,Left ,-3 ,-2 ,-2 ,+19 ,+4 ,+2 ,-1 ,+1
30.4988934 ,Left ,0  ,-1 ,-1 ,+1 ,-2 ,-2 ,-2 ,-2
30.5003799 ,Left ,0  ,-2 ,-4 ,-5 ,+6 ,+1 ,-1 ,0 
30.5003831 ,Left ,-3 ,-2 ,0  ,-10 ,-43 ,-6 ,-5 ,-1
30.5134278 ,Left ,+4 ,+7 ,+3 ,-21 ,+5 ,+4 ,+1 ,+1
30.5134324 ,Left ,-4 ,-8 ,-12 ,+48 ,+1 ,-7 ,-2 ,-4
30.5198116 ,Left ,+2 ,+4 ,-2 ,-8 ,-4 ,0  ,-2 ,+2
30.5198153 ,Left ,-2 ,-2 ,+3 ,0  ,+2 ,+2 ,-4 ,-1
30.5364477 ,Left ,-1 ,0  ,+6 ,+11 ,-3 ,+1 ,+1 ,0 
30.5364529 ,Left ,-1 ,-8 ,-17 ,-35 ,-4 ,-3 ,-3 ,-1
30.5378589 ,Left ,0  ,0  ,-2 ,-4 ,-2 ,+2 ,+1 ,-2
30.5378625 ,Left ,+4 ,0  ,-1 ,-16 ,-10 ,-3 ,-2 ,+1
30.5587317 ,Left ,-1 ,0  ,+5 ,+20 ,+9 ,+1 ,-1 ,-1
30.5587352 ,Left ,0  ,-3 ,+4 ,-1 ,+4 ,-2 ,-1 ,-2
30.5603799 ,Left ,-4 ,-3 ,+4 ,+16 ,-1 ,0  ,-1 ,-2
30.5603839 ,Left ,-2 ,-2 ,-27 ,-40 ,-4 ,-1 ,-2 ,-1
30.5730106 ,Left ,0  ,-3 ,+2 ,+2 ,-7 ,-4 ,-4 ,-1
30.5730132 ,Left ,+2 ,+5 ,+8 ,-3 ,-4 ,-1 ,-1 ,+2
30.5798143 ,Left ,-4 ,-3 ,+2 ,+10 ,0  ,0  ,0  ,-1
30.5798167 ,Left ,+1 ,+2 ,+4 ,+10 ,+9 ,+1 ,-1 ,-1
30.5962224 ,Left ,-6 ,-5 ,-9 ,+4 ,-8 ,-4 ,-2 ,-3
30.5962255 ,Left ,-1 ,+2 ,+7 ,-13 ,+8 ,+6 ,+1 ,0 
30.5977771 ,Left ,+2 ,0  ,+8 ,+14 ,-5 ,-10 ,-2 ,0 
30.5977796 ,Left ,-2 ,-1 ,0  ,+7 ,+13 ,+1 ,-2 ,-1
30.6187701 ,Left ,-1 ,-5 ,-16 ,-18 ,+2 ,+1 ,0  ,-3
30.6187737 ,Left ,-1 ,+1 ,+4 ,-11 ,-11 ,-7 ,-2 ,-3
30.6203583 ,Left ,0  ,-2 ,-8 ,-16 ,-7 ,+4 ,+1 ,-1
30.6203611 ,Left ,-2 ,-3 ,+3 ,+17 ,+6 ,+1 ,-11 ,0 
30.6333616 ,Left ,0  ,+3 ,+5 ,+17 ,-4 ,0  ,+13 ,+1
30.6333648 ,Left ,-1 ,+2 ,+5 ,+4 ,+2 ,+1 ,+1 ,+1
30.6400315 ,Left ,-2 ,-4 ,-15 ,-38 ,-6 ,-2 ,-2 ,-1
30.6400352 ,Left ,-1 ,+2 ,+8 ,+41 ,+8 ,+9 ,0  ,-1
30.6564246 ,Left ,-1 ,-1 ,+2 ,+4 ,-5 ,-18 ,-10 ,0 
30.6564277 ,Left ,-1 ,-1 ,-3 ,-11 ,-2 ,-13 ,+9 ,+1
30.657743 ,Left ,-2 ,-2 ,0  ,+18 ,+3 ,-12 ,-26 ,-10
30.6578112 ,Left ,+4 ,+2 ,+2 ,-21 ,-5 ,+15 ,-4 ,+9
30.6785601 ,Left ,-1 ,-1 ,-1 ,+14 ,-2 ,+11 ,+16 ,+4
30.678563 ,Left ,-7 ,-4 ,-1 ,+11 ,+1 ,+6 ,+85 ,+1
30.6802701 ,Left ,+3 ,+1 ,-2 ,-15 ,+1 ,-9 ,-19 ,+1
30.6802729 ,Left ,-1 ,-2 ,-3 ,-11 ,-4 ,-11 ,-15 ,-2
30.6931396 ,Left ,-1 ,+1 ,+1 ,+17 ,+4 ,0  ,-15 ,-20
30.6931427 ,Left ,-9 ,-7 ,-7 ,-11 ,+28 ,-32 ,-33 ,+7
30.6998826 ,Left ,+15 ,+7 ,+1 ,+10 ,+6 ,+52 ,+29 ,+24
30.6999044 ,Left ,-4 ,+1 ,+1 ,-1 ,-7 ,-22 ,-47 ,-6
30.7168803 ,Left ,+4 ,-1 ,-2 ,-9 ,+11 ,-23 ,-13 ,0 
30.7168916 ,Left ,-1 ,-3 ,-4 ,-15 ,-8 ,+11 ,-9 ,-12
30.7182376 ,Left ,-3 ,-3 ,-2 ,0  ,-7 ,-1 ,+10 ,+2
30.7182487 ,Left ,-2 ,-1 ,+1 ,-6 ,+12 ,0  ,-7 ,-1
30.7388263 ,Left ,-2 ,-2 ,-3 ,-27 ,+7 ,+1 ,+8 ,+3
30.7388324 ,Left ,+2 ,+3 ,+9 ,+35 ,-50 ,+9 ,-16 ,-3
30.7404076 ,Left ,-8 ,-9 ,-13 ,-26 ,-26 ,-12 ,-11 ,-9
30.7404589 ,Left ,0  ,-4 ,-4 ,-8 ,+1 ,+7 ,+26 ,-4
30.7535117 ,Left ,-1 ,-2 ,+1 ,+29 ,+1 ,+1 ,+7 ,+2
30.7535431 ,Left ,0  ,-8 ,+9 ,+7 ,-8 ,+4 ,-4 ,+1
30.7597778 ,Left ,+4 ,+18 ,+2 ,-25 ,+8 ,-5 ,+1 ,-4
30.7597808 ,Left ,-4 ,-7 ,0  ,+6 ,-11 ,-6 ,+14 ,-2
30.7764441 ,Left ,+1 ,+4 ,-5 ,-60 ,-11 ,+4 ,-3 ,0 
30.776447 ,Left ,-2 ,-1 ,-2 ,+43 ,+26 ,0  ,-23 ,-2
30.77785 ,Left ,-5 ,-13 ,-38 ,-40 ,-7 ,-3 ,+2 ,-4
30.7778526 ,Left ,+1 ,+7 ,+42 ,+38 ,+12 ,-3 ,+5 ,-2
30.7988942 ,Left ,-1 ,-5 ,-3 ,+1 ,-3 ,+8 ,-3 ,+2
30.798897 ,Left ,+4 ,+15 ,+6 ,-6 ,0  ,+3 ,+1 ,+1
30.8003424 ,Left ,-5 ,-3 ,+14 ,+37 ,+3 ,-8 ,+6 ,-5
30.8003452 ,Left ,-3 ,-11 ,-49 ,-48 ,-3 ,+2 ,+11 ,+2
30.8132259 ,Left ,-6 ,-9 ,-25 ,-1 ,-5 ,-1 ,-5 ,-2
30.8132286 ,Left ,+2 ,+1 ,+8 ,-21 ,-7 ,-4 ,-4 ,+1
30.8198326 ,Left ,-3 ,-2 ,+10 ,+17 ,+5 ,-2 ,+2 ,-2
30.819835 ,Left ,+1 ,+1 ,+1 ,-23 ,-6 ,-2 ,-3 ,-3
30.8362666 ,Left ,+1 ,+4 ,+26 ,+58 ,+1 ,+2 ,+1 ,+2
30.8362695 ,Left ,+2 ,0  ,-14 ,-65 ,+2 ,-2 ,-5 ,0 
30.8377539 ,Left ,-1 ,-1 ,+3 ,+26 ,0  ,-1 ,0  ,+1
30.8377563 ,Left ,-5 ,-1 ,-1 ,+18 ,+1 ,+2 ,+5 ,-3
30.866386 ,Left ,-4 ,-1 ,-4 ,-44 ,-5 ,-3 ,+1 ,-2
30.8663889 ,Left ,+3 ,-1 ,-3 ,+11 ,0  ,+1 ,-3 ,+1
30.8678285 ,Left ,-3 ,-6 ,-4 ,-19 ,-1 ,+4 ,+5 ,-2
30.867831 ,Left ,-1 ,-2 ,+4 ,+43 ,-1 ,-17 ,+2 ,+1
30.8723634 ,Left ,+1 ,+4 ,0  ,-1 ,0  ,+5 ,-2 ,+1
30.8723658 ,Left ,0  ,-3 ,-5 ,-3 ,0  ,-5 ,-2 ,+3
30.8813473 ,Left ,-2 ,0  ,+11 ,+25 ,+6 ,0  ,-6 ,-7
30.8813503 ,Left ,+4 ,-1 ,-9 ,-19 ,0  ,+7 ,-3 ,-5
30.8964335 ,Left ,+1 ,+2 ,+2 ,0  ,-3 ,+17 ,0  ,+3
30.8964362 ,Left ,-2 ,-1 ,+1 ,+17 ,+4 ,-3 ,+1 ,-4
30.897841 ,Left ,-1 ,-5 ,-6 ,-14 ,+2 ,0  ,+3 ,-1
30.8978437 ,Left ,+1 ,-1 ,+3 ,+13 ,-3 ,+6 ,+5 ,-4
30.9188449 ,Left ,0  ,-4 ,-3 ,-11 ,-4 ,-18 ,-4 ,-6
30.9188477 ,Left ,-1 ,+3 ,+17 ,+17 ,+4 ,+10 ,-2 ,-2
30.9203529 ,Left ,-1 ,-6 ,-31 ,-9 ,+1 ,-8 ,+3 ,+7
30.9203555 ,Left ,0  ,+4 ,+5 ,-6 ,-5 ,-4 ,+1 ,+3
30.9322785 ,Left ,-2 ,-5 ,+1 ,-12 ,-6 ,-5 ,0  ,-3
30.9322816 ,Left ,0  ,-1 ,-15 ,-11 ,+4 ,-6 ,-5 ,-3
30.9412284 ,Left ,-2 ,+4 ,+19 ,+10 ,0  ,-2 ,0  ,+1
30.9412313 ,Left ,0  ,-5 ,-19 ,-16 ,-2 ,-1 ,-1 ,-2
30.9563941 ,Left ,0  ,+1 ,0  ,+1 ,+1 ,+9 ,-3 ,+1
30.9563975 ,Left ,-1 ,-4 ,+5 ,+4 ,-8 ,+1 ,+1 ,0 
30.9578649 ,Left ,+2 ,+2 ,+3 ,+21 ,+2 ,-3 ,-10 ,-2
30.957868 ,Left ,-4 ,-1 ,+2 ,-3 ,-4 ,+1 ,+14 ,-1
30.978918 ,Left ,-3 ,-3 ,+7 ,+15 ,+1 ,+1 ,-1 ,-1
30.978921 ,Left ,-2 ,0  ,-6 ,+18 ,-1 ,+3 ,-1 ,0 
30.9803491 ,Left ,-2 ,0  ,-11 ,-12 ,+20 ,+1 ,0  ,-3
30.9803538 ,Left ,-1 ,0  ,+5 ,-22 ,-28 ,-1 ,-3 ,-1
30.992571 ,Left ,-2 ,0  ,-6 ,+9 ,-7 ,-7 ,-5 ,+1
30.9925738 ,Left ,+1 ,+1 ,+6 ,+3 ,+5 ,+7 ,+5 ,-2
31.001382 ,Left ,-1 ,-3 ,+1 ,-4 ,+1 ,-8 ,+2 ,-4
31.0013851 ,Left ,-11 ,+3 ,-3 ,+3 ,0  ,-6 ,-22 ,+7
31.0161982 ,Left ,+4 ,-2 ,-2 ,-4 ,-4 ,+18 ,-2 ,-12
31.0162009 ,Left ,-2 ,-1 ,-2 ,-10 ,-6 ,-19 ,+17 ,-1
31.0177666 ,Left ,-1 ,-4 ,+2 ,-18 ,-6 ,+15 ,+22 ,+21
31.0177691 ,Left ,+1 ,+1 ,-4 ,-14 ,-4 ,-12 ,-9 ,-5
31.0388367 ,Left ,+3 ,0  ,+3 ,+9 ,+3 ,+3 ,-13 ,+6
31.0388398 ,Left ,-5 ,-4 ,-12 ,-46 ,-22 ,-20 ,-17 ,-18
31.040344 ,Left ,+3 ,-1 ,+8 ,+51 ,+15 ,+6 ,+35 ,+8
31.0403469 ,Left ,-1 ,-3 ,+1 ,-12 ,-29 ,-10 ,+31 ,-1
31.0523452 ,Left ,-4 ,+1 ,-1 ,+6 ,+6 ,-11 ,-36 ,-8
31.0523477 ,Left ,+6 ,0  ,-8 ,-26 ,-2 ,0  ,+14 ,+11
31.0612649 ,Left ,-5 ,0  ,+5 ,-22 ,0  ,+2 ,-5 ,-3
31.0612672 ,Left ,-2 ,-4 ,-3 ,+10 ,+13 ,-30 ,-32 ,-7
31.0764452 ,Left ,0  ,-3 ,-4 ,-9 ,-2 ,+7 ,+19 ,-1
31.076448 ,Left ,0  ,+1 ,+5 ,+66 ,+3 ,-5 ,-13 ,0 
31.0778611 ,Left ,-2 ,-1 ,+1 ,-40 ,-3 ,-3 ,-8 ,-6
31.0778637 ,Left ,-4 ,-7 ,-6 ,+10 ,+5 ,+14 ,+3 ,-5
31.0986068 ,Left ,0  ,0  ,+2 ,+22 ,+21 ,-13 ,+5 ,+3
31.0986095 ,Left ,0  ,+5 ,-4 ,-36 ,+3 ,+8 ,-11 ,+1
31.1003521 ,Left ,-2 ,+2 ,+5 ,-3 ,-2 ,-4 ,-9 ,-8
31.1003544 ,Left ,+1 ,-8 ,-9 ,+34 ,-8 ,+14 ,-2 ,-3
31.1125719 ,Left ,0  ,+4 ,-16 ,-42 ,+5 ,-9 ,-1 ,+2
31.1125746 ,Left ,-2 ,-9 ,-5 ,-23 ,+3 ,+8 ,+7 ,+3
31.1288627 ,Left ,-2 ,0  ,+17 ,+48 ,-2 ,+2 ,-12 ,-7
31.1288653 ,Left ,-2 ,-1 ,-36 ,-48 ,+2 ,-2 ,+2 ,+1
31.1360223 ,Left ,-3 ,-8 ,+10 ,+15 ,-5 ,-1 ,+7 ,0 
31.1360251 ,Left ,+1 ,-2 ,-30 ,+17 ,-6 ,+6 ,-5 ,-1
31.1423481 ,Left ,+2 ,+2 ,-14 ,-25 ,-3 ,-8 ,-8 ,-1
31.1423508 ,Left ,-1 ,-6 ,+3 ,-33 ,+12 ,+4 ,-1 ,-1
31.1588557 ,Left ,-4 ,-2 ,-11 ,+26 ,-11 ,0  ,+5 ,0 
31.1588588 ,Left ,-2 ,-5 ,-8 ,-21 ,-6 ,+2 ,-7 ,-4
31.1604294 ,Left ,-2 ,-1 ,+12 ,-5 ,-8 ,-6 ,-10 ,-3
31.1604845 ,Left ,+2 ,+8 ,+13 ,-13 ,+6 ,+11 ,+10 ,+5
31.1722197 ,Left ,0  ,+10 ,+42 ,+62 ,+7 ,+3 ,+4 ,0 
31.1722221 ,Left ,-1 ,-11 ,-59 ,-41 ,+7 ,+15 ,-3 ,+2
31.1812582 ,Left ,-5 ,-5 ,+1 ,+21 ,-11 ,-15 ,-4 ,-8
31.1812607 ,Left ,+8 ,+4 ,+16 ,+19 ,+11 ,+10 ,+8 ,-9
31.1955691 ,Left ,-1 ,+2 ,+6 ,-18 ,-9 ,-19 ,+1 ,+15
31.1955718 ,Left ,-4 ,+2 ,+29 ,+55 ,+4 ,+9 ,-7 ,+3
31.2024539 ,Left ,-1 ,-4 ,-21 ,-20 ,-17 ,+2 ,+22 ,+10
31.2024567 ,Left ,+3 ,+4 ,+8 ,+6 ,+7 ,+12 ,+21 ,0 
31.2185682 ,Left ,-7 ,-9 ,-18 ,-38 ,-4 ,-7 ,-33 ,-9
31.2186359 ,Left ,-3 ,+2 ,+13 ,+24 ,+2 ,-25 ,0  ,-1
31.2202491 ,Left ,-1 ,+1 ,-6 ,-28 ,+4 ,-3 ,-42 ,-29
31.2202822 ,Left ,-4 ,-9 ,+2 ,+46 ,+5 ,-10 ,-25 ,+10
31.2323163 ,Left ,-2 ,+3 ,-6 ,-6 ,-16 ,+5 ,0  ,+1
31.2323187 ,Left ,+10 ,0  ,+9 ,-11 ,+3 ,-2 ,+5 ,0 
31.2413534 ,Left ,-2 ,+1 ,+2 ,+7 ,+1 ,+3 ,0  ,-6
31.2413559 ,Left ,-7 ,+1 ,-1 ,-11 ,-3 ,-15 ,+4 ,-12
31.2561714 ,Left ,+9 ,-1 ,-7 ,-14 ,+5 ,-17 ,+25 ,+2
31.2561739 ,Left ,+1 ,+6 ,+17 ,+13 ,+18 ,+36 ,+5 ,0 
31.2577418 ,Left ,+3 ,0  ,-3 ,-1 ,+7 ,-36 ,-23 ,+6
31.2578355 ,Left ,-2 ,-3 ,-3 ,+12 ,+10 ,+27 ,+48 ,0 
31.2789954 ,Left ,+2 ,+3 ,0  ,-4 ,-7 ,-1 ,+11 ,+2
31.2789984 ,Left ,-3 ,+1 ,+7 ,-15 ,+1 ,+3 ,+7 ,-2
31.2803559 ,Left ,+3 ,+1 ,-4 ,-39 ,-1 ,+6 ,+3 ,+4
31.2803592 ,Left ,-2 ,-1 ,+7 ,+90 ,+1 ,-8 ,-27 ,+1
31.3086781 ,Left ,-2 ,-5 ,+2 ,-37 ,+7 ,+10 ,-7 ,-6
31.3086811 ,Left ,-3 ,-5 ,-6 ,+10 ,-1 ,-12 ,+5 ,-1
31.3103534 ,Left ,+3 ,+14 ,+4 ,-16 ,-9 ,+14 ,+2 ,+3
31.3103564 ,Left ,-2 ,0  ,+13 ,+35 ,+6 ,-3 ,-9 ,-2
31.315113 ,Left ,0  ,0  ,+4 ,-26 ,-16 ,-1 ,+3 ,-3
31.3151163 ,Left ,-8 ,-12 ,-29 ,-10 ,-2 ,-9 ,-14 ,-3
31.3237853 ,Left ,-1 ,-5 ,+33 ,+58 ,-13 ,-4 ,+6 ,+1
31.3237886 ,Left ,-2 ,-6 ,-13 ,-29 ,+5 ,+3 ,-7 ,-3
31.3387365 ,Left ,-2 ,+3 ,+18 ,+20 ,+3 ,0  ,-4 ,-1
31.3387392 ,Left ,-1 ,-6 ,-60 ,-92 ,+26 ,+1 ,-4 ,0 
31.3402668 ,Left ,+3 ,+4 ,+30 ,+54 ,-7 ,+7 ,0  ,+1
31.3402696 ,Left ,-1 ,-1 ,+25 ,-25 ,-13 ,-9 ,-2 ,0 
31.3614645 ,Left ,-5 ,-15 ,-77 ,-28 ,+18 ,+16 ,-5 ,-4
31.3614675 ,Left ,+2 ,+9 ,+58 ,+48 ,-7 ,-26 ,+1 ,0 
31.3628332 ,Left ,-2 ,-7 ,-26 ,-22 ,-4 ,-3 ,+2 ,-1
31.362836 ,Left ,+1 ,+7 ,+18 ,+11 ,+2 ,+4 ,-1 ,+3
31.3757447 ,Left ,+1 ,+5 ,+13 ,+7 ,-16 ,-2 ,+4 ,0 
31.3757479 ,Left ,+2 ,-2 ,-20 ,+2 ,+4 ,+8 ,+8 ,-1
31.3822009 ,Left ,-1 ,-1 ,+1 ,+14 ,-19 ,+1 ,+45 ,+6
31.3822229 ,Left ,+2 ,+2 ,+2 ,0  ,-14 ,+14 ,+17 ,+1
31.3987271 ,Left ,-2 ,-1 ,-4 ,+28 ,-1 ,+5 ,-7 ,-2
31.3987297 ,Left ,-3 ,0  ,+17 ,-2 ,-3 ,-17 ,-17 ,-1
31.4002539 ,Left ,-1 ,-3 ,-12 ,-6 ,+8 ,+7 ,+51 ,+5
31.4002562 ,Left ,-1 ,-4 ,-20 ,-34 ,+22 ,-15 ,-69 ,-10
31.4212345 ,Left ,-4 ,-3 ,+2 ,+11 ,-10 ,-2 ,+14 ,+4
31.4212375 ,Left ,+1 ,+2 ,+18 ,+1 ,-25 ,+4 ,+3 ,+1
31.4227948 ,Left ,-1 ,-4 ,-13 ,-15 ,+31 ,+5 ,-2 ,+3
31.4227982 ,Left ,+1 ,0  ,-15 ,-33 ,-28 ,+8 ,+10 ,-1
31.4348515 ,Left ,-5 ,-2 ,+8 ,-3 ,-5 ,-14 ,-23 ,-5
31.4348567 ,Left ,+1 ,-1 ,+9 ,+23 ,+8 ,+2 ,+1 ,-10
31.4438416 ,Left ,+5 ,-4 ,-8 ,+10 ,+9 ,+7 ,-35 ,-7
31.4438448 ,Left ,-3 ,-4 ,-9 ,-26 ,-3 ,-9 ,+12 ,-2
31.4587235 ,Left ,-5 ,-1 ,+3 ,+1 ,-4 ,+8 ,-18 ,0 
31.4587271 ,Left ,+1 ,-1 ,-4 ,-6 ,-11 ,-10 ,-6 ,-2
31.4602879 ,Left ,-5 ,-7 ,-5 ,+27 ,+2 ,+22 ,-24 ,+11
31.4602913 ,Left ,+3 ,+6 ,+4 ,-1 ,+3 ,-23 ,+8 ,-3
31.4814696 ,Left ,+4 ,+1 ,0  ,-4 ,+2 ,+11 ,-7 ,+10
31.4814727 ,Left ,-6 ,-4 ,-2 ,-7 ,-4 ,+2 ,-4 ,-9
31.4828551 ,Left ,0  ,-1 ,-6 ,-48 ,-1 ,+32 ,+9 ,-10
31.482858 ,Left ,-1 ,-7 ,-5 ,+54 ,-12 ,-36 ,-26 ,+3
31.4956796 ,Left ,0  ,+1 ,0  ,+18 ,+4 ,-4 ,+7 ,-3
31.4956824 ,Left ,-2 ,-1 ,+2 ,+12 ,+9 ,+1 ,-5 ,-2
31.5038133 ,Left ,-1 ,-2 ,-10 ,-16 ,+9 ,-11 ,-18 ,-2
31.5038159 ,Left ,-2 ,+2 ,+2 ,-18 ,-20 ,+5 ,+10 ,0 
31.5186589 ,Left ,-3 ,-8 ,-4 ,-18 ,-22 ,-5 ,+5 ,-4
31.5186893 ,Left ,+4 ,+5 ,+19 ,+24 ,+4 ,+2 ,+9 ,+8
31.5202152 ,Left ,-3 ,+3 ,+15 ,+35 ,-24 ,-16 ,-4 ,-3
31.5202352 ,Left ,-5 ,-12 ,-51 ,-46 ,+9 ,+2 ,+4 ,-1
31.5416613 ,Left ,0  ,-7 ,+13 ,+18 ,-6 ,-5 ,+1 ,-7
31.5419328 ,Left ,-1 ,-6 ,-54 ,-67 ,-6 ,+6 ,-7 ,+2
31.5434412 ,Left ,0  ,0  ,+8 ,-10 ,-9 ,-12 ,-3 ,-3
31.5435382 ,Left ,+1 ,+7 ,+26 ,+22 ,+19 ,+13 ,+4 ,+2
31.5549476 ,Left ,-2 ,-1 ,-2 ,+1 ,-2 ,-16 ,-2 ,-3
31.5550631 ,Left ,-4 ,-5 ,-5 ,-14 ,-11 ,+1 ,+4 ,+2
31.5639727 ,Left ,0  ,+3 ,+1 ,-11 ,-7 ,-11 ,-10 ,-3
31.5639813 ,Left ,-2 ,-6 ,-15 ,-13 ,+9 ,-3 ,-16 ,-4
31.5786447 ,Left ,+2 ,-5 ,-28 ,-38 ,-20 ,-19 ,0  ,-3
31.5786491 ,Left ,0  ,+10 ,+62 ,+62 ,+2 ,0  ,-2 ,-2
31.5851065 ,Left ,-2 ,-3 ,-25 ,-30 ,+5 ,-10 ,+3 ,-1
31.5851868 ,Left ,0  ,+1 ,+15 ,-1 ,-1 ,+12 ,0  ,+2
31.6014826 ,Left ,0  ,+6 ,+15 ,+14 ,+18 ,+10 ,+5 ,0 
31.6014854 ,Left ,-2 ,-1 ,-8 ,+5 ,-8 ,-12 ,-5 ,-2
31.6028371 ,Left ,0  ,-3 ,+2 ,+4 ,-7 ,+9 ,+3 ,+2
31.6028399 ,Left ,-2 ,-1 ,-1 ,-6 ,-5 ,-3 ,+6 ,+1
31.6147843 ,Left ,0  ,+1 ,-4 ,+5 ,+8 ,+2 ,-2 ,-11
31.6147868 ,Left ,-5 ,0  ,-2 ,+21 ,-3 ,+5 ,+10 ,+12
31.6298507 ,Left ,+4 ,-1 ,-5 ,-11 ,+6 ,-2 ,0  ,+2
31.6298531 ,Left ,-3 ,+1 ,+1 ,+4 ,+1 ,+1 ,-2 ,+1
31.6386276 ,Left ,+2 ,-3 ,-6 ,-12 ,+5 ,+3 ,-6 ,-20
31.6386303 ,Left ,-1 ,-5 ,+2 ,-14 ,+3 ,-4 ,+20 ,+28
31.6402652 ,Left ,-3 ,-1 ,+3 ,+30 ,-1 ,-5 ,0  ,-2
31.640268 ,Left ,0  ,-1 ,-4 ,+6 ,-5 ,-2 ,+4 ,-5
31.6612983 ,Left ,-1 ,+3 ,+5 ,-6 ,+1 ,+8 ,+3 ,+5
31.6613014 ,Left ,0  ,-1 ,-1 ,-2 ,-2 ,-3 ,-6 ,-15
31.6628344 ,Left ,-6 ,-5 ,-3 ,-6 ,-1 ,-2 ,+1 ,0 
31.6628373 ,Left ,-1 ,0  ,-2 ,-16 ,-3 ,+2 ,+1 ,+2
31.674759 ,Left ,0  ,-1 ,+5 ,+6 ,+5 ,-6 ,+11 ,+5
31.6747619 ,Left ,-2 ,-2 ,-4 ,-4 ,-6 ,+15 ,-11 ,-8
31.6838215 ,Left ,-1 ,-2 ,-7 ,-11 ,+1 ,-12 ,-4 ,-1
31.6838287 ,Left ,+1 ,+1 ,+8 ,+4 ,0  ,+4 ,-3 ,-4
31.6992569 ,Left ,-5 ,0  ,+13 ,+20 ,+5 ,+2 ,0  ,+2
31.69926 ,Left ,-2 ,-4 ,-31 ,-44 ,-8 ,+7 ,-12 ,-4
31.7007376 ,Left ,-1 ,0  ,+7 ,-3 ,-3 ,-7 ,-1 ,-4
31.7007403 ,Left ,+2 ,-2 ,-3 ,-17 ,-6 ,-13 ,0  ,+1
31.7211926 ,Left ,-2 ,-4 ,-7 ,+8 ,+12 ,+11 ,-2 ,+2
31.721196 ,Left ,0  ,+1 ,+6 ,+3 ,+2 ,-4 ,-1 ,-5
31.7227895 ,Left ,-2 ,-3 ,-5 ,-3 ,0  ,-3 ,-6 ,-4
31.7227926 ,Left ,-1 ,+1 ,+4 ,-13 ,-7 ,+2 ,+3 ,+3
31.7437234 ,Left ,-1 ,-1 ,+3 ,-22 ,-5 ,-11 ,-5 ,+4
31.7437265 ,Left ,-2 ,-4 ,-21 ,-6 ,+7 ,-6 ,-3 ,-4
31.7452242 ,Left ,-2 ,+4 ,+17 ,+30 ,-5 ,-2 ,-8 ,-3
31.7452272 ,Left ,0  ,-3 ,+3 ,-11 ,-11 ,+6 ,+3 ,0 
31.7586672 ,Left ,0  ,-4 ,-14 ,-20 ,+14 ,+13 ,+1 ,0 
31.7586702 ,Left ,0  ,+1 ,+12 ,+34 ,+4 ,-20 ,-3 ,-4
31.7602326 ,Left ,0  ,-4 ,-10 ,-17 ,+2 ,+30 ,+7 ,0 
31.7602352 ,Left ,-3 ,0  ,+1 ,+18 ,-6 ,-18 ,-8 ,-3
31.7813968 ,Left ,+2 ,+2 ,0  ,+33 ,0  ,+7 ,+6 ,+1
31.7813999 ,Left ,-2 ,-3 ,+4 ,+4 ,-2 ,+3 ,+1 ,-2
31.7828533 ,Left ,-5 ,-4 ,-9 ,-12 ,+2 ,0  ,+1 ,-1
31.7828566 ,Left ,0  ,-3 ,0  ,+34 ,+6 ,+4 ,-7 ,-10
31.7948673 ,Left ,-4 ,-1 ,-8 ,-36 ,+3 ,-10 ,0  ,+14
31.7948704 ,Left ,-1 ,0  ,+3 ,+22 ,-45 ,-12 ,+9 ,-3
31.8037769 ,Left ,0  ,0  ,+6 ,-7 ,+12 ,-3 ,+1 ,-2
31.8038339 ,Left ,+3 ,0  ,-8 ,-41 ,-7 ,+12 ,+19 ,0 
31.8188913 ,Left ,-5 ,-4 ,-3 ,+47 ,-3 ,-33 ,-16 ,-13
31.8188941 ,Left ,+1 ,0  ,+3 ,-14 ,-3 ,+13 ,+37 ,+9
31.8203636 ,Left ,-2 ,-2 ,-8 ,-3 ,+25 ,-4 ,-72 ,-7
31.8203667 ,Left ,-2 ,0  ,-6 ,+1 ,0  ,+43 ,+11 ,-18
31.841145 ,Left ,+3 ,0  ,+4 ,+5 ,+13 ,+22 ,-46 ,+3
31.8411758 ,Left ,-1 ,0  ,+7 ,-16 ,+1 ,-8 ,-14 ,-6
31.8426625 ,Left ,-3 ,-2 ,-12 ,-13 ,-25 ,+7 ,+18 ,+5
31.8426651 ,Left ,+4 ,+1 ,+1 ,-6 ,+7 ,-4 ,+6 ,+8
31.8638063 ,Left ,0  ,+1 ,+9 ,+17 ,+10 ,-19 ,-2 ,-9
31.8638095 ,Left ,-2 ,0  ,+3 ,+9 ,+9 ,+3 ,+11 ,-1
31.8653519 ,Left ,+1 ,+2 ,-1 ,-11 ,0  ,-11 ,+1 ,-1
31.8653547 ,Left ,-3 ,-3 ,-2 ,-1 ,-9 ,-15 ,-2 ,+5
31.8792096 ,Left ,-4 ,-1 ,-9 ,-48 ,-19 ,+5 ,+16 ,0 
31.879371 ,Left ,0  ,-4 ,-3 ,+31 ,+13 ,-10 ,-3 ,+1
31.8807024 ,Left ,+1 ,+4 ,+2 ,-3 ,+1 ,-4 ,+13 ,0 
31.8808195 ,Left ,-1 ,-1 ,-4 ,-27 ,-1 ,-1 ,-6 ,+4
31.9014172 ,Left ,-5 ,-5 ,+10 ,+9 ,-6 ,+1 ,+17 ,-1
31.9014202 ,Left ,+1 ,0  ,-10 ,+39 ,-3 ,+5 ,-11 ,-2
31.9028456 ,Left ,-2 ,-12 ,-33 ,-37 ,-5 ,-2 ,+2 ,-2
31.9028486 ,Left ,+7 ,+30 ,+77 ,+50 ,-1 ,-4 ,-12 ,+4
31.9237688 ,Left ,-3 ,-7 ,-24 ,-12 ,-1 ,+3 ,+2 ,+1
31.9237932 ,Left ,-3 ,-3 ,+8 ,-8 ,+2 ,-1 ,-13 ,-5
31.9252155 ,Left ,-5 ,-10 ,-31 ,-9 ,-1 ,-1 ,+6 ,+1
31.9252434 ,Left ,+1 ,+3 ,+26 ,+30 ,+1 ,-13 ,+1 ,+1
31.9389804 ,Left ,+2 ,0  ,+10 ,+4 ,-3 ,+9 ,-1 ,-2
31.9389837 ,Left ,-1 ,0  ,-17 ,-29 ,+1 ,-9 ,-12 ,-2
31.9403084 ,Left ,0  ,+2 ,+19 ,+34 ,-3 ,+1 ,+18 ,0 
31.9403109 ,Left ,-5 ,-17 ,-62 ,-26 ,+27 ,-4 ,-4 ,0 
31.961189 ,Left ,+2 ,+5 ,+26 ,-6 ,-4 ,-1 ,+3 ,+1
31.9611931 ,Left ,0  ,0  ,+15 ,-3 ,+1 ,+8 ,-6 ,+1
31.9626616 ,Left ,+2 ,+3 ,+14 ,-24 ,-6 ,-2 ,-1 ,0 
31.9626911 ,Left ,-3 ,-6 ,+7 ,+29 ,+3 ,-4 ,-5 ,-3
31.9748953 ,Left ,0  ,+1 ,-11 ,+13 ,-4 ,+6 ,+8 ,+2
31.9748981 ,Left ,-4 ,-8 ,-17 ,-16 ,+9 ,-2 ,+1 ,-1
31.9838098 ,Left ,+4 ,+4 ,+13 ,+28 ,+3 ,-3 ,+4 ,-2
31.9838122 ,Left ,-1 ,-2 ,+2 ,+17 ,-6 ,0  ,-1 ,+2
31.9982391 ,Left ,-2 ,-2 ,-9 ,-23 ,-3 ,-4 ,+3 ,0 
31.9982417 ,Left ,-2 ,+1 ,+7 ,+22 ,+2 ,+3 ,-2 ,-3
32.004776 ,Left ,-6 ,-5 ,-9 ,-25 ,-2 ,-6 ,-7 ,-5
32.0047785 ,Left ,+1 ,-3 ,-21 ,0  ,+2 ,-1 ,-4 ,+2
32.0211821 ,Left ,+1 ,-3 ,-2 ,+13 ,+3 ,-1 ,+1 ,0 
32.021185 ,Left ,+1 ,+2 ,+4 ,-34 ,0  ,0  ,-2 ,-2
32.0228521 ,Left ,-1 ,+6 ,+7 ,+13 ,-9 ,+1 ,+3 ,+1
32.0228552 ,Left ,+4 ,-4 ,-7 ,-8 ,+18 ,-1 ,0  ,+5
32.0438998 ,Left ,+4 ,+1 ,+2 ,+7 ,-2 ,-1 ,0  ,-1
32.0439061 ,Left ,-1 ,-1 ,+1 ,-7 ,-6 ,+3 ,-3 ,-2
32.045295 ,Left ,+1 ,+2 ,+4 ,+24 ,-4 ,-4 ,+2 ,+3
32.045298 ,Left ,-6 ,-6 ,-9 ,-28 ,-8 ,-2 ,-1 ,-2
32.0586638 ,Left ,0  ,+2 ,-7 ,-2 ,-4 ,-2 ,-3 ,-1
32.0586667 ,Left ,-1 ,-4 ,-3 ,-13 ,-42 ,-3 ,-4 ,-6
32.0602337 ,Left ,+2 ,-2 ,+4 ,+7 ,+20 ,+1 ,-5 ,+8
32.0602363 ,Left ,-6 ,-3 ,-5 ,-13 ,-11 ,-4 ,+5 ,-8
32.0813751 ,Left ,0  ,+1 ,+1 ,+3 ,-1 ,+17 ,+1 ,+3
32.0813781 ,Left ,-2 ,0  ,-5 ,-32 ,0  ,-38 ,+3 ,0 
32.082794 ,Left ,+1 ,0  ,+5 ,+6 ,-8 ,-16 ,-34 ,-5
32.0827973 ,Left ,+3 ,-1 ,-6 ,-5 ,-12 ,+7 ,+16 ,+11
32.1037962 ,Left ,-4 ,-2 ,-4 ,-13 ,+1 ,+2 ,+21 ,-6
32.1037992 ,Left ,0  ,-1 ,+4 ,+26 ,+6 ,+7 ,+80 ,+5
32.1053483 ,Left ,0  ,+1 ,+2 ,-7 ,0  ,-7 ,-38 ,-6
32.1053512 ,Left ,+3 ,-6 ,-8 ,+1 ,+5 ,-14 ,-2 ,+5
32.1180785 ,Left ,-2 ,+5 ,+4 ,-9 ,-7 ,+4 ,-11 ,-4
32.1180816 ,Left ,+2 ,-4 ,-4 ,+12 ,+1 ,+2 ,+21 ,-4
32.1248933 ,Left ,-6 ,-4 ,-1 ,-2 ,-4 ,+2 ,-6 ,+8
32.1248962 ,Left ,-5 ,-2 ,-2 ,+2 ,-1 ,-11 ,-21 ,-8
32.1417096 ,Left ,+3 ,0  ,+1 ,-12 ,-8 ,-15 ,-4 ,0 
32.1417128 ,Left ,-3 ,0  ,-5 ,-23 ,+3 ,+4 ,-38 ,-8
32.1432667 ,Left ,-1 ,-2 ,+8 ,+53 ,+25 ,+8 ,+38 ,-2
32.1433224 ,Left ,-3 ,0  ,-3 ,+20 ,-12 ,0  ,-15 ,-8
32.1637726 ,Left ,-4 ,-4 ,-8 ,-6 ,+11 ,-11 ,-4 ,-3
32.1637756 ,Left ,+5 ,+6 ,0  ,-8 ,+4 ,+5 ,-16 ,+3
32.16526 ,Left ,-3 ,-13 ,-2 ,0  ,-2 ,-5 ,0  ,-5
32.1652626 ,Left ,+1 ,+4 ,-19 ,-37 ,-8 ,0  ,+14 ,-1
32.1779502 ,Left ,-4 ,-6 ,+24 ,+34 ,-3 ,+2 ,+3 ,+3
32.1779527 ,Left ,+7 ,+22 ,+16 ,+29 ,+5 ,+4 ,-24 ,-4
32.1847784 ,Left ,+4 ,+3 ,-3 ,-24 ,+5 ,+4 ,+17 ,+3
32.1847806 ,Left ,-5 ,-8 ,+13 ,+28 ,-1 ,+3 ,-3 ,-3
32.201326 ,Left ,-2 ,-9 ,-44 ,-66 ,-8 ,-1 ,-4 ,-2
32.2013287 ,Left ,-6 ,-12 ,-9 ,-12 ,+4 ,-1 ,-12 ,+2
32.2028952 ,Left ,+6 ,+23 ,+34 ,+24 ,-1 ,+3 ,+9 ,0 
32.202898 ,Left ,-3 ,-7 ,-9 ,+33 ,+1 ,-1 ,+2 ,-2
32.2238004 ,Left ,-4 ,-8 ,-38 ,-53 ,-6 ,-3 ,-9 ,-4
32.2238035 ,Left ,+1 ,-2 ,+14 ,+3 ,+6 ,0  ,+1 ,+2
32.2253605 ,Left ,-1 ,-7 ,+1 ,+30 ,-8 ,+3 ,+5 ,-3
32.2253636 ,Left ,-1 ,-2 ,-36 ,-42 ,+4 ,+11 ,-8 ,-5
32.2373683 ,Left ,+4 ,+11 ,+57 ,+28 ,-8 ,-4 ,+6 ,+1
32.2373718 ,Left ,-2 ,-7 ,-14 ,+15 ,+16 ,+11 ,-12 ,+2
32.2463452 ,Left ,-6 ,-5 ,-24 ,-50 ,-18 ,-13 ,-2 ,-7
32.2463486 ,Left ,+1 ,+3 ,+12 ,+9 ,-4 ,-23 ,-4 ,0 
32.2606023 ,Left ,-2 ,-2 ,-17 ,+15 ,0  ,-2 ,+1 ,-2
32.2606056 ,Left ,+1 ,+1 ,+30 ,+8 ,-4 ,+6 ,-4 ,+1
32.2673564 ,Left ,0  ,+1 ,+6 ,-6 ,-11 ,+3 ,+1 ,-1
32.2673596 ,Left ,-2 ,-4 ,-4 ,-4 ,+10 ,+5 ,+11 ,0 
32.2837834 ,Left ,+1 ,+1 ,-4 ,-29 ,-9 ,+6 ,+2 ,-2
32.2837867 ,Left ,-2 ,-2 ,-1 ,+8 ,-18 ,-20 ,0  ,0 
32.2853951 ,Left ,0  ,-3 ,-12 ,+16 ,+17 ,+4 ,-1 ,+1
32.2853987 ,Left ,-3 ,-2 ,-1 ,+18 ,-10 ,-7 ,+3 ,-3
32.2975331 ,Left ,+2 ,+5 ,+6 ,+15 ,+1 ,+2 ,0  ,0 
32.2975359 ,Left ,-4 ,-5 ,-7 ,-17 ,-7 ,-8 ,-4 ,+1
32.3063764 ,Left ,-1 ,-6 ,-16 ,-15 ,+18 ,+8 ,+2 ,-1
32.3063793 ,Left ,0  ,+6 ,+14 ,-4 ,0  ,+6 ,-6 ,-1
32.3214863 ,Left ,-3 ,-2 ,+2 ,+11 ,+1 ,-6 ,-2 ,-1
32.321489 ,Left ,-3 ,-7 ,-15 ,-7 ,+8 ,0  ,+1 ,0 
32.3228911 ,Left ,+4 ,-7 ,+2 ,+12 ,-3 ,-3 ,-1 ,-1
32.3228941 ,Left ,-1 ,+20 ,+12 ,-9 ,+3 ,-2 ,-1 ,-2
32.3436839 ,Left ,0  ,-7 ,+1 ,-1 ,-2 ,-3 ,-1 ,0 
32.343687 ,Left ,-2 ,+3 ,-3 ,+26 ,+13 ,+7 ,+1 ,-1
32.3452469 ,Left ,-2 ,-3 ,-14 ,-46 ,-20 ,-3 ,-2 ,-5
32.3452495 ,Left ,-2 ,-10 ,+7 ,-7 ,-10 ,+4 ,0  ,-1
32.3575483 ,Left ,0  ,+2 ,-3 ,+20 ,+22 ,0  ,+1 ,-1
32.3575511 ,Left ,-2 ,-7 ,-2 ,-13 ,-17 ,0  ,-5 ,-2
32.3663546 ,Left ,-1 ,-1 ,+1 ,+4 ,-12 ,-1 ,+1 ,-2
32.3663575 ,Left ,-2 ,-6 ,-10 ,-13 ,+27 ,+1 ,0  ,0 
32.381259 ,Left ,-1 ,0  ,-6 ,+6 ,0  ,0  ,-2 ,+1
32.3812619 ,Left ,+3 ,+2 ,+19 ,+11 ,+18 ,-1 ,-1 ,-1
32.3875393 ,Left ,0  ,-1 ,-16 ,-13 ,-11 ,0  ,+1 ,0 
32.3875424 ,Left ,-1 ,-1 ,-4 ,-13 ,-6 ,+10 ,+3 ,0 
32.4039379 ,Left ,-2 ,-8 ,-1 ,+26 ,-4 ,-7 ,-15 ,-4
32.4039427 ,Left ,-2 ,-3 ,-9 ,-11 ,+5 ,-2 ,+4 ,-3
32.4053472 ,Left ,0  ,+5 ,+9 ,-5 ,-5 ,-2 ,0  ,0 
32.4053501 ,Left ,0  ,-2 ,+8 ,+5 ,-2 ,+8 ,0  ,+1
32.4174193 ,Left ,+2 ,+2 ,+5 ,-3 ,-2 ,-1 ,-2 ,+2
32.4174225 ,Left ,-1 ,-2 ,-9 ,-10 ,-6 ,+3 ,-1 ,-2
32.4262302 ,Left ,-3 ,-2 ,0  ,+5 ,-8 ,-2 ,0  ,-2
32.4262333 ,Left ,+1 ,-2 ,-1 ,-8 ,-6 ,-8 ,-4 ,0 
32.4421042 ,Left ,+1 ,+2 ,+5 ,+10 ,-2 ,+5 ,+4 ,-1
32.4421075 ,Left ,-2 ,-1 ,-2 ,-12 ,-15 ,-3 ,-2 ,-1
32.4434796 ,Left ,-4 ,-3 ,-8 ,+7 ,+6 ,+2 ,+2 ,0 
32.4434825 ,Left ,+1 ,-2 ,-9 ,-9 ,-14 ,-5 ,-3 ,-3
32.4640031 ,Left ,-2 ,-1 ,-3 ,-24 ,+3 ,-5 ,+2 ,-1
32.4640063 ,Left ,+1 ,0  ,+3 ,+40 ,+13 ,+10 ,+2 ,-1
32.4653306 ,Left ,0  ,+4 ,+9 ,0  ,-8 ,-8 ,-4 ,-1
32.4653334 ,Left ,0  ,0  ,+5 ,+28 ,+2 ,+1 ,0  ,-1
32.4775471 ,Left ,0  ,0  ,-3 ,-25 ,-14 ,-1 ,0  ,-2
32.4775503 ,Left ,-2 ,-6 ,-12 ,-33 ,+1 ,-2 ,0  ,-1
32.4864008 ,Left ,-3 ,-2 ,-2 ,-18 ,+3 ,+2 ,+1 ,0 
32.4864044 ,Left ,0  ,-1 ,+4 ,-4 ,0  ,-2 ,-2 ,+2
32.5005466 ,Left ,0  ,0  ,+1 ,+12 ,+10 ,+2 ,+2 ,+2
32.5005498 ,Left ,0  ,0  ,+7 ,+23 ,+8 ,+2 ,0  ,+1
32.5149274 ,Left ,-2 ,-1 ,-2 ,-24 ,-20 ,-7 ,-2 ,-2
32.5149308 ,Left ,-2 ,-3 ,+1 ,+1 ,0  ,+1 ,0  ,-3
32.5314707 ,Left ,-4 ,-3 ,-5 ,+9 ,0  ,-1 ,-2 ,-3
32.5314742 ,Left ,0  ,+3 ,-3 ,-14 ,-5 ,-2 ,-2 ,0 
32.532868 ,Left ,+1 ,0  ,+3 ,+19 ,+7 ,0  ,0  ,+2
32.5328712 ,Left ,-2 ,-5 ,-3 ,-3 ,-4 ,+4 ,-2 ,-1
32.5381688 ,Left ,0  ,-1 ,0  ,-18 ,+1 ,-11 ,-2 ,-2
32.5381723 ,Left ,0  ,+1 ,-1 ,+11 ,+4 ,+2 ,-3 ,-1
32.5449397 ,Left ,+2 ,+2 ,+17 ,+11 ,+5 ,+7 ,+1 ,-1
32.5449432 ,Left ,-3 ,-2 ,-16 ,-35 ,-13 ,-24 ,-7 ,-1
32.5614793 ,Left ,-1 ,-4 ,-3 ,-7 ,-5 ,+1 ,-3 ,-1
32.5614824 ,Left ,-2 ,+1 ,+1 ,-10 ,-9 ,-2 ,0  ,-1
32.5628833 ,Left ,-1 ,-3 ,-1 ,+7 ,+6 ,-1 ,-3 ,-1
32.5628866 ,Left ,+1 ,-3 ,0  ,-3 ,+4 ,+4 ,+3 ,-2
32.5837033 ,Left ,-3 ,+1 ,+1 ,+5 ,-6 ,-1 ,0  ,-2
32.5837063 ,Left ,-3 ,-2 ,+3 ,+26 ,+1 ,-6 ,0  ,0 
32.5852739 ,Left ,+3 ,+4 ,-6 ,-5 ,-3 ,+2 ,+1 ,0 
32.5852766 ,Left ,0  ,0  ,+3 ,+1 ,-1 ,0  ,0  ,-2
32.598082 ,Left ,-2 ,-2 ,-4 ,+1 ,0  ,-2 ,+1 ,-1
32.5980849 ,Left ,-1 ,-2 ,-1 ,+2 ,-3 ,+4 ,-1 ,-2
32.6050688 ,Left ,0  ,-3 ,-4 ,+10 ,+5 ,-2 ,-1 ,-1
32.6050719 ,Left ,+1 ,+2 ,+3 ,-6 ,-5 ,-1 ,+1 ,0 
32.6214189 ,Left ,+1 ,0  ,+4 ,-2 ,-7 ,0  ,-1 ,+1
32.6214231 ,Left ,+1 ,-1 ,-12 ,-14 ,-20 ,-5 ,-3 ,-2
32.6228522 ,Left ,-4 ,-4 ,-6 ,-26 ,-1 ,-3 ,-1 ,-2
32.6228549 ,Left ,-1 ,-1 ,-2 ,+1 ,-1 ,-1 ,+2 ,+1
32.6438683 ,Left ,0  ,+5 ,+4 ,+2 ,+6 ,+2 ,0  ,-2
32.6438715 ,Left ,+1 ,+4 ,+5 ,+1 ,-2 ,-2 ,-1 ,-1
32.6453287 ,Left ,+1 ,0  ,-6 ,-23 ,-2 ,-4 ,+2 ,0 
32.6453313 ,Left ,-4 ,-4 ,+13 ,+28 ,+1 ,+3 ,-3 ,-2
32.6580165 ,Left ,-2 ,-3 ,-8 ,-8 ,-8 ,+7 ,0  ,-2
32.6580193 ,Left ,-3 ,-4 ,-8 ,-12 ,-5 ,-24 ,-6 ,-1
32.6648294 ,Left ,0  ,-1 ,+9 ,+13 ,+2 ,0  ,-2 ,-1
32.664832 ,Left ,-1 ,+2 ,-6 ,-15 ,+1 ,-1 ,+1 ,-1
32.6814829 ,Left ,0  ,0  ,-2 ,+8 ,0  ,-1 ,-1 ,0 
32.6814932 ,Left ,-1 ,0  ,+1 ,+1 ,+13 ,+3 ,+1 ,+1
32.682846 ,Left ,+1 ,0  ,-3 ,-1 ,-49 ,-4 ,-2 ,-2
32.6828485 ,Left ,0  ,-2 ,-1 ,-6 ,+7 ,0  ,-2 ,0 
32.7040449 ,Left ,-2 ,-4 ,+1 ,+12 ,+1 ,+6 ,-7 ,-1
32.7040482 ,Left ,+2 ,-1 ,-7 ,-1 ,-8 ,+8 ,+3 ,-1
32.7054165 ,Left ,-3 ,0  ,+1 ,+16 ,+5 ,+2 ,-3 ,-1
32.7054197 ,Left ,+1 ,0  ,-1 ,-7 ,-4 ,+6 ,+3 ,0 
32.717297 ,Left ,0  ,0  ,0  ,0  ,-1 ,-2 ,-2 ,-1
32.7173 ,Left ,0  ,-1 ,+2 ,-4 ,+1 ,+5 ,-2 ,+1
32.7325808 ,Left ,-2 ,+2 ,0  ,+6 ,+11 ,0  ,0  ,+1
32.732584 ,Left ,-2 ,0  ,-1 ,+4 ,-5 ,-4 ,-4 ,-3
32.7412496 ,Left ,+1 ,-4 ,-3 ,0  ,+22 ,0  ,+4 ,-1
32.7412532 ,Left ,-1 ,-1 ,+1 ,-16 ,-33 ,-3 ,0  ,-2
32.7428539 ,Left ,-2 ,-6 ,-1 ,+30 ,+10 ,-6 ,-2 ,-2
32.7429019 ,Left ,0  ,+1 ,+1 ,-4 ,+8 ,-1 ,-3 ,0 
32.7637851 ,Left ,0  ,+1 ,-5 ,-5 ,-4 ,-5 ,0  ,0 
32.7637882 ,Left ,-2 ,-2 ,+1 ,+2 ,+3 ,+3 ,+1 ,0 
32.7652868 ,Left ,-2 ,-4 ,0  ,-9 ,+16 ,0  ,-3 ,0 
32.7652893 ,Left ,-1 ,+1 ,-9 ,-13 ,-5 ,+1 ,+1 ,-1
32.7774119 ,Left ,-2 ,-3 ,+3 ,+33 ,-8 ,-3 ,+2 ,0 
32.7774146 ,Left ,0  ,-1 ,-4 ,-17 ,+16 ,-3 ,-4 ,-2
32.7938322 ,Left ,-3 ,-3 ,-1 ,+12 ,+4 ,+2 ,-1 ,-3
32.7939276 ,Left ,-4 ,-6 ,+3 ,+24 ,+5 ,+6 ,+1 ,-2
32.8088804 ,Left ,-1 ,+1 ,-2 ,-3 ,-3 ,-24 ,-5 ,-3
32.8088831 ,Left ,+2 ,+2 ,-1 ,+1 ,+2 ,+2 ,0  ,+2
32.8103288 ,Left ,-2 ,0  ,-1 ,-13 ,+23 ,+1 ,+1 ,-1
32.8103322 ,Left ,+1 ,-1 ,-1 ,-5 ,-4 ,0  ,-1 ,+1
32.8236575 ,Left ,-2 ,-3 ,-3 ,-8 ,-3 ,+5 ,-2 ,0 
32.8236598 ,Left ,-4 ,-4 ,0  ,+5 ,-5 ,-1 ,-1 ,-3
32.8252463 ,Left ,+1 ,-1 ,-4 ,-11 ,+14 ,0  ,-2 ,-1
32.8252485 ,Left ,-2 ,-3 ,-4 ,-25 ,-28 ,-11 ,-2 ,-1
32.8372574 ,Left ,0  ,-4 ,+1 ,-7 ,-2 ,+4 ,0  ,0 
32.8372617 ,Left ,0  ,0  ,-1 ,-1 ,+12 ,-1 ,+1 ,0 
32.8463004 ,Left ,0  ,-1 ,+1 ,+1 ,-5 ,+1 ,0  ,0 
32.8463032 ,Left ,+1 ,+1 ,-5 ,-1 ,-3 ,0  ,0  ,-2
32.8614306 ,Left ,-2 ,0  ,+5 ,-1 ,-10 ,-1 ,-7 ,+1
32.8614339 ,Left ,0  ,-3 ,-3 ,+14 ,+19 ,+1 ,+17 ,-1
32.8628683 ,Left ,-1 ,0  ,-4 ,-10 ,-14 ,-5 ,-4 ,0 
32.8628719 ,Left ,-2 ,+1 ,+5 ,-3 ,+3 ,-1 ,-1 ,+1
32.8837099 ,Left ,-2 ,0  ,-3 ,+4 ,0  ,+10 ,+2 ,+1
32.8837131 ,Left ,-4 ,+1 ,+1 ,0  ,+6 ,-30 ,-11 ,-2
32.8853511 ,Left ,-2 ,-3 ,+1 ,+7 ,-40 ,-2 ,0  ,-2
32.8853541 ,Left ,0  ,-3 ,-6 ,-6 ,+6 ,-1 ,0  ,-3
32.9063856 ,Left ,-2 ,-2 ,-1 ,+9 ,-3 ,0  ,-1 ,-2
32.9063893 ,Left ,-1 ,0  ,+3 ,+2 ,+1 ,+11 ,-4 ,-1
32.9077966 ,Left ,+2 ,-1 ,-3 ,0  ,+7 ,-2 ,+3 ,-3
32.9078683 ,Left ,0  ,-3 ,0  ,0  ,-8 ,-5 ,-4 ,-2
32.9212713 ,Left ,+2 ,+1 ,-6 ,-26 ,-17 ,-1 ,+2 ,+1
32.9212752 ,Left ,-1 ,-3 ,-7 ,+1 ,+19 ,+4 ,-2 ,-2
32.9228289 ,Left ,0  ,+2 ,+9 ,+23 ,+5 ,+1 ,-1 ,0 
32.9228326 ,Left ,-3 ,-2 ,0  ,-33 ,-2 ,+4 ,0  ,+1
32.9440283 ,Left ,0  ,0  ,-4 ,+2 ,-4 ,-5 ,0  ,-1
32.944032 ,Left ,-1 ,-3 ,-4 ,+13 ,+4 ,0  ,-2 ,0 
32.9453825 ,Left ,-2 ,-1 ,-2 ,-7 ,+2 ,-1 ,-3 ,-2
32.9453859 ,Left ,0  ,-1 ,0  ,+12 ,+37 ,-2 ,-1 ,-2
32.9574766 ,Left ,-1 ,+1 ,+2 ,+1 ,-37 ,-7 ,0  ,+1
32.9574804 ,Left ,-2 ,-3 ,-1 ,-14 ,-7 ,0  ,-4 ,-1
32.9663205 ,Left ,+2 ,+1 ,+4 ,+10 ,+3 ,-2 ,-1 ,-1
32.9663237 ,Left ,-1 ,0  ,-6 ,-22 ,-7 ,-1 ,0  ,+1
32.9813293 ,Left ,+1 ,-3 ,-2 ,+16 ,+16 ,+1 ,+2 ,-1
32.9813332 ,Left ,-1 ,-1 ,+1 ,+1 ,-12 ,+1 ,-3 ,-2
32.9829088 ,Left ,+1 ,+1 ,+2 ,-4 ,-7 ,-3 ,-1 ,+2
32.9829139 ,Left ,0  ,+3 ,0  ,+1 ,+5 ,0  ,-2 ,-1
33.003642 ,Left ,0  ,-4 ,-12 ,-4 ,+16 ,-2 ,-3 ,-1
33.0036479 ,Left ,-2 ,-1 ,+9 ,-4 ,-12 ,0  ,-2 ,-2
33.0052511 ,Left ,0  ,-5 ,-10 ,+6 ,+7 ,-1 ,+1 ,0 
33.0052537 ,Left ,+2 ,+6 ,-1 ,-7 ,-5 ,-3 ,-12 ,-1
33.0172996 ,Left ,-2 ,-2 ,-3 ,-13 ,+5 ,-1 ,+17 ,-3
33.0173018 ,Left ,-1 ,-3 ,-1 ,+15 ,-15 ,-2 ,-2 ,0 
33.0263783 ,Left ,-4 ,-1 ,-2 ,-16 ,-13 ,+5 ,-1 ,0 
33.026381 ,Left ,-1 ,-4 ,+3 ,+24 ,-4 ,-20 ,-4 ,-2
33.0413603 ,Left ,0  ,+3 ,+2 ,-9 ,+6 ,0  ,-5 ,-2
33.0413632 ,Left ,-4 ,-1 ,-5 ,-8 ,-2 ,+1 ,-1 ,-1
33.0427808 ,Left ,0  ,-2 ,+3 ,-9 ,-1 ,0  ,0  ,-1
33.0428661 ,Left ,-1 ,-2 ,-5 ,+21 ,-6 ,+2 ,+3 ,-2
33.0639165 ,Left ,0  ,+2 ,+2 ,-22 ,-5 ,-1 ,-3 ,0 
33.0639271 ,Left ,+2 ,-1 ,-3 ,-15 ,-2 ,-1 ,+2 ,0 
33.0653869 ,Left ,0  ,+2 ,-1 ,+12 ,+4 ,-2 ,-2 ,-1
33.0653898 ,Left ,-4 ,-5 ,-1 ,+5 ,+1 ,+3 ,0  ,-1
33.0772202 ,Left ,0  ,+1 ,+2 ,-4 ,+3 ,-1 ,-2 ,0 
33.0773183 ,Left ,-2 ,-3 ,-4 ,-5 ,-4 ,+4 ,-2 ,0 
33.0863393 ,Left ,0  ,0  ,-3 ,+13 ,+1 ,-2 ,0  ,-1
33.0863419 ,Left ,+1 ,+3 ,+4 ,-13 ,-1 ,+2 ,-1 ,0 
33.1013381 ,Left ,0  ,-3 ,-5 ,+7 ,-9 ,0  ,-3 ,-1
33.1013407 ,Left ,0  ,0  ,-4 ,+5 ,+11 ,0  ,-1 ,0 
33.1028812 ,Left ,-3 ,-3 ,-1 ,0  ,-2 ,-2 ,0  ,-1
33.1028839 ,Left ,-1 ,-1 ,+2 ,+7 ,+4 ,0  ,+2 ,-2
33.1312443 ,Left ,0  ,-1 ,+7 ,-1 ,-33 ,-5 ,-5 ,-3
33.1312738 ,Left ,-1 ,-4 ,-9 ,-9 ,0  ,+1 ,+2 ,0 
33.1327647 ,Left ,-1 ,+6 ,+7 ,+24 ,+8 ,-1 ,-2 ,-1
33.1327671 ,Left ,-4 ,-2 ,-5 ,-3 ,-2 ,+2 ,-2 ,-1
33.1373443 ,Left ,0  ,-1 ,+2 ,-5 ,+3 ,+9 ,-2 ,-2
33.137347 ,Left ,+1 ,+1 ,-8 ,-11 ,-7 ,-25 ,-7 ,-2
33.1463484 ,Left ,0  ,+2 ,+5 ,-10 ,-1 ,+8 ,+2 ,+1
33.1463522 ,Left ,-1 ,-5 ,-12 ,+1 ,-7 ,-8 ,-2 ,0 
33.1612347 ,Left ,-3 ,0  ,+3 ,-4 ,0  ,+5 ,0  ,-1
33.1612375 ,Left ,+2 ,+4 ,+9 ,+17 ,+9 ,+6 ,0  ,0 
33.1627022 ,Left ,0  ,-7 ,-8 ,-23 ,0  ,+4 ,0  ,-3
33.1627751 ,Left ,-1 ,+1 ,0  ,+20 ,-1 ,0  ,-1 ,-2
33.1837099 ,Left ,0  ,-3 ,+1 ,+10 ,+8 ,-5 ,-1 ,-1
33.1837124 ,Left ,0  ,+1 ,+7 ,+10 ,-2 ,+7 ,+1 ,-3
33.1853572 ,Left ,-3 ,-1 ,-10 ,-26 ,-7 ,-7 ,-4 ,-1
33.1853599 ,Left ,0  ,-4 ,-3 ,-15 ,-14 ,0  ,-1 ,-1
33.2061098 ,Left ,-3 ,-4 ,-3 ,+14 ,+7 ,-4 ,-2 ,0 
33.2061984 ,Left ,0  ,0  ,+5 ,-5 ,-7 ,+1 ,+1 ,0 
33.207765 ,Left ,-2 ,-6 ,+1 ,0  ,-3 ,-2 ,-2 ,-2
33.2077724 ,Left ,+2 ,-1 ,+3 ,-4 ,+21 ,+1 ,-9 ,-1
33.2211328 ,Left ,-1 ,+4 ,+13 ,-9 ,+3 ,0  ,+15 ,0 
33.2211354 ,Left ,-3 ,-6 ,-29 ,-62 ,-11 ,-2 ,-2 ,0 
33.2227382 ,Left ,0  ,-3 ,-1 ,+4 ,+2 ,-2 ,0  ,-1
33.2227577 ,Left ,0  ,+4 ,+10 ,+20 ,+6 ,+2 ,-2 ,-1
33.2428309 ,Left ,-1 ,+2 ,-3 ,-13 ,+1 ,-2 ,-4 ,-1
33.2428336 ,Left ,-1 ,0  ,+11 ,+46 ,-1 ,+8 ,0  ,-1
33.2512326 ,Left ,0  ,-2 ,-8 ,-23 ,-3 ,-7 ,0  ,-1
33.2512354 ,Left ,-1 ,-4 ,-3 ,0  ,-7 ,-3 ,-1 ,0 
33.2664062 ,Left ,-2 ,+1 ,0  ,+7 ,+1 ,+2 ,-4 ,-3
33.2664093 ,Left ,0  ,+1 ,-1 ,-4 ,-6 ,+6 ,+7 ,0 
33.2678786 ,Left ,-1 ,+1 ,-6 ,+11 ,-6 ,-4 ,-4 ,-2
33.2678815 ,Left ,-2 ,-2 ,0  ,-1 ,-4 ,+8 ,+3 ,-4
33.281395 ,Left ,-2 ,-8 ,-13 ,-2 ,-2 ,-24 ,-3 ,+1
33.2813985 ,Left ,-1 ,0  ,+1 ,-2 ,+4 ,-3 ,-12 ,-4
33.2873195 ,Left ,+1 ,+2 ,+6 ,-1 ,+2 ,-12 ,-2 ,+3
33.2873222 ,Left ,-4 ,-4 ,-4 ,+4 ,-3 ,+30 ,+26 ,-10
33.3037357 ,Left ,-2 ,-1 ,-4 ,-6 ,+4 ,-9 ,-23 ,+7
33.3037385 ,Left ,-4 ,-4 ,-6 ,-14 ,-4 ,-6 ,+9 ,-7
33.3052743 ,Left ,0  ,-3 ,+4 ,+21 ,+1 ,0  ,0  ,+2
33.3052766 ,Left ,-1 ,+1 ,0  ,+6 ,-4 ,-5 ,+5 ,+3
33.3264208 ,Left ,-1 ,-2 ,-5 ,-12 ,+1 ,+2 ,-11 ,-5
33.3264239 ,Left ,-1 ,0  ,-1 ,+4 ,-3 ,-1 ,+15 ,+3
33.3278927 ,Left ,+4 ,+1 ,0  ,-15 ,+3 ,+11 ,+6 ,+1
33.3278959 ,Left ,-5 ,-2 ,-4 ,-1 ,+20 ,-40 ,-37 ,-11
33.3404997 ,Left ,-1 ,0  ,+2 ,+22 ,+3 ,-15 ,+3 ,+3
33.3405026 ,Left ,-1 ,-3 ,-2 ,-6 ,-3 ,+32 ,-1 ,-8
33.3474 ,Left ,-1 ,0  ,-6 ,-32 ,-9 ,+10 ,-44 ,+4
33.3474032 ,Left ,-2 ,-5 ,-2 ,+6 ,+2 ,+28 ,-1 ,+2
33.3637052 ,Left ,-2 ,+6 ,+7 ,+15 ,-6 ,-22 ,+5 ,-8
33.3637102 ,Left ,+6 ,+3 ,+2 ,-2 ,+7 ,-7 ,-7 ,+3
33.3652417 ,Left ,-4 ,-4 ,-6 ,+5 ,-2 ,-1 ,+4 ,-7
33.3652442 ,Left ,-3 ,0  ,-1 ,-17 ,-15 ,+19 ,-1 ,+3
33.3863677 ,Left ,-4 ,-1 ,-6 ,+3 ,-2 ,0  ,+2 ,+2
33.3863706 ,Left ,0  ,-3 ,+1 ,-16 ,-6 ,-5 ,+6 ,-4
33.3878219 ,Left ,-2 ,-2 ,+2 ,+41 ,-26 ,+7 ,+9 ,-6
33.3878244 ,Left ,+2 ,0  ,-1 ,-26 ,+6 ,-20 ,-6 ,+5
33.4007629 ,Left ,-1 ,-8 ,-5 ,-31 ,+3 ,+9 ,+11 ,-6
33.4008218 ,Left ,-4 ,-1 ,-4 ,0  ,-4 ,-4 ,-9 ,0 
33.4147896 ,Left ,-2 ,-5 ,-5 ,+25 ,+19 ,-6 ,+6 ,-1
33.4148124 ,Left ,+1 ,+6 ,+8 ,+9 ,-14 ,-11 ,+3 ,0 
33.4238265 ,Left ,+3 ,+8 ,+15 ,+31 ,+6 ,+14 ,+1 ,+1
33.4238293 ,Left ,-4 ,-5 ,-5 ,-12 ,+5 ,+2 ,-3 ,0 
33.4252909 ,Left ,-4 ,-10 ,-27 ,-105 ,-11 ,-9 ,-5 ,+1
33.4252936 ,Left ,+1 ,+4 ,+3 ,+37 ,-3 ,-6 ,+3 ,-5
33.446423 ,Left ,-3 ,-8 ,-2 ,+24 ,+4 ,+17 ,-1 ,-3
33.4464272 ,Left ,+1 ,0  ,-5 ,-12 ,-12 ,-14 ,-7 ,+3
33.4478751 ,Left ,0  ,+8 ,+33 ,-4 ,-1 ,-6 ,+11 ,-3
33.4478778 ,Left ,-7 ,-12 ,-4 ,-1 ,-4 ,0  ,-1 ,-1
33.4598808 ,Left ,+2 ,+7 ,-13 ,-28 ,+5 ,+6 ,-2 ,-1
33.4598838 ,Left ,-3 ,-7 ,-6 ,+33 ,-3 ,-6 ,-2 ,0 
33.4688285 ,Left ,-1 ,-8 ,-43 ,-24 ,+6 ,+1 ,+1 ,-1
33.468831 ,Left ,+3 ,+7 ,+13 ,-2 ,-6 ,0  ,+1 ,+1
33.4845803 ,Left ,-1 ,-4 ,+12 ,+7 ,-6 ,+1 ,-4 ,0 
33.484751 ,Left ,-1 ,0  ,+13 ,+11 ,+4 ,-2 ,+1 ,-2
33.485764 ,Left ,-1 ,+3 ,+5 ,+18 ,+2 ,+2 ,+2 ,-2
33.4857752 ,Left ,0  ,-2 ,-7 ,-4 ,+1 ,+4 ,+4 ,+2
33.5063879 ,Left ,-2 ,-5 ,-10 ,-21 ,-4 ,-4 ,0  ,0 
33.5063937 ,Left ,0  ,+2 ,0  ,-15 ,+1 ,+2 ,0  ,-1
33.5078666 ,Left ,+1 ,+3 ,+9 ,+41 ,+4 ,-3 ,+1 ,0 
33.5079367 ,Left ,-2 ,-5 ,-9 ,-9 ,-4 ,+5 ,+3 ,0 
33.5288837 ,Left ,-4 ,0  ,-3 ,-15 ,0  ,+13 ,-3 ,0 
33.5288869 ,Left ,+9 ,+5 ,+1 ,+3 ,+3 ,0  ,+1 ,+10
33.5303519 ,Left ,-3 ,-3 ,+9 ,+19 ,-1 ,0  ,+2 ,0 
33.5303549 ,Left ,0  ,-4 ,-10 ,-21 ,-2 ,-6 ,-9 ,-14
33.5437132 ,Left ,-3 ,-2 ,-2 ,+7 ,0  ,+8 ,+17 ,+16
33.5437166 ,Left ,-3 ,+1 ,+2 ,+2 ,+3 ,+1 ,-4 ,-5
33.5452868 ,Left ,-2 ,-1 ,+1 ,-4 ,-1 ,-4 ,+1 ,-1
33.5452898 ,Left ,0  ,+1 ,-4 ,-5 ,+3 ,+3 ,+1 ,+2
33.5663622 ,Left ,+1 ,-3 ,-2 ,-12 ,-5 ,-3 ,-1 ,-9
33.5663649 ,Left ,-2 ,0  ,+2 ,-4 ,-6 ,-13 ,-5 ,-2
33.5678785 ,Left ,-1 ,-1 ,-1 ,+6 ,+5 ,+8 ,+2 ,-4
33.5678813 ,Left ,-2 ,-1 ,+1 ,-10 ,-8 ,-5 ,+1 ,+6
33.5808311 ,Left ,-1 ,-3 ,-4 ,+4 ,0  ,+4 ,-3 ,-4
33.5808339 ,Left ,-3 ,-1 ,-1 ,+9 ,-5 ,-15 ,-2 ,+1
33.5874236 ,Left ,0  ,+2 ,+2 ,-18 ,-3 ,-3 ,-2 ,-5
33.5874263 ,Left ,-2 ,-1 ,+10 ,+21 ,+1 ,-6 ,+1 ,+1
33.6040026 ,Left ,+2 ,0  ,-4 ,+12 ,+6 ,-1 ,-5 ,-1
33.6040055 ,Left ,-1 ,-4 ,-9 ,-32 ,-5 ,+7 ,+1 ,-3
33.6053465 ,Left ,-2 ,0  ,+10 ,+16 ,+7 ,-3 ,+2 ,+1
33.6053493 ,Left ,+1 ,0  ,+4 ,-21 ,-20 ,-2 ,-1 ,+1
33.6262321 ,Left ,0  ,+1 ,-5 ,-33 ,+26 ,+1 ,+1 ,-2
33.6262354 ,Left ,-2 ,-3 ,+8 ,+33 ,-3 ,-1 ,-1 ,-4
33.6277304 ,Left ,-1 ,-2 ,-8 ,+9 ,-4 ,-4 ,-2 ,0 
33.6277331 ,Left ,-2 ,0  ,+5 ,-32 ,-2 ,+3 ,0  ,0 
33.6412456 ,Left ,0  ,-2 ,+8 ,+27 ,-11 ,-21 ,-6 ,-4
33.6412494 ,Left ,-3 ,+1 ,+3 ,-7 ,-2 ,+2 ,+1 ,0 
33.6475812 ,Left ,-1 ,0  ,-8 ,-12 ,+3 ,-2 ,-5 ,0 
33.6475849 ,Left ,-2 ,0  ,-1 ,+3 ,+3 ,-5 ,+8 ,-1
33.6638301 ,Left ,-1 ,+1 ,+2 ,+33 ,-2 ,+7 ,-4 ,-2
33.6638335 ,Left ,-1 ,-3 ,-6 ,-28 ,+2 ,+2 ,0  ,-1
33.6653911 ,Left ,-5 ,-1 ,+9 ,+33 ,-3 ,-1 ,+1 ,+4
33.665407 ,Left ,+5 ,-3 ,-11 ,+9 ,-4 ,+8 ,-1 ,+6
33.6863689 ,Left ,+1 ,-1 ,-3 ,-26 ,-7 ,-3 ,-3 ,-3
33.6863716 ,Left ,-1 ,0  ,+12 ,+16 ,+4 ,+2 ,+7 ,+4
33.6878467 ,Left ,-3 ,-6 ,-10 ,-17 ,-5 ,-3 ,-14 ,-16
33.6878493 ,Left ,-2 ,-2 ,-9 ,-11 ,+3 ,+12 ,+5 ,+14
33.6998286 ,Left ,-1 ,+1 ,+4 ,-3 ,-5 ,-1 ,-1 ,-2
33.6998315 ,Left ,0  ,-2 ,-10 ,+13 ,+4 ,-9 ,-1 ,+1
33.7088095 ,Left ,-2 ,-1 ,+6 ,+40 ,+3 ,+5 ,-2 ,-3
33.7088122 ,Left ,+3 ,-4 ,-14 ,-32 ,0  ,+11 ,+5 ,-1
33.7236916 ,Left ,-1 ,+1 ,+13 ,+50 ,0  ,+25 ,-33 ,-6
33.7236948 ,Left ,-6 ,-2 ,-1 ,+2 ,-5 ,-13 ,+51 ,-6
33.7252739 ,Left ,+7 ,0  ,-6 ,-26 ,-1 ,-5 ,-2 ,+9
33.7252764 ,Left ,-2 ,0  ,+7 ,-7 ,-13 ,-29 ,-34 ,-9
33.7463709 ,Left ,-1 ,-3 ,-8 ,-13 ,-28 ,+10 ,+17 ,+3
33.7463758 ,Left ,-1 ,+1 ,-1 ,+17 ,+28 ,+22 ,-30 ,-11
33.7479054 ,Left ,+1 ,-2 ,-6 ,-13 ,-13 ,+6 ,+10 ,+12
33.7479097 ,Left ,-3 ,-2 ,+3 ,+15 ,+2 ,+16 ,+28 ,-2
33.7600211 ,Left ,-4 ,-1 ,-8 ,-23 ,-2 ,-21 ,+12 ,+2
33.7600256 ,Left ,+10 ,+2 ,+2 ,+21 ,-1 ,+3 ,-30 ,+3
33.7689642 ,Left ,-3 ,+3 ,+6 ,-8 ,-2 ,-1 ,+7 ,-7
33.7689688 ,Left ,-2 ,-3 ,-7 ,+17 ,+9 ,-7 ,+4 ,0 
33.7836845 ,Left ,0  ,0  ,-3 ,-15 ,+4 ,-1 ,+5 ,+3
33.7836888 ,Left ,-6 ,-7 ,-4 ,-11 ,-12 ,-2 ,+6 ,+2
33.7853283 ,Left ,0  ,+2 ,+3 ,+10 ,+8 ,-2 ,-1 ,+1
33.7854003 ,Left ,-2 ,-5 ,-14 ,-12 ,+1 ,-6 ,-8 ,-7
33.8065106 ,Left ,+1 ,+3 ,+7 ,-2 ,+7 ,-7 ,-3 ,-4
33.8065165 ,Left ,-1 ,0  ,-2 ,-28 ,-22 ,-6 ,-4 ,+3
33.8079799 ,Left ,0  ,-4 ,-11 ,-38 ,+13 ,0  ,-7 ,+2
33.8079843 ,Left ,-5 ,0  ,+5 ,+19 ,+28 ,-3 ,0  ,-8
33.820079 ,Left ,0  ,+2 ,+12 ,+27 ,-16 ,-8 ,+1 ,-2
33.8200834 ,Left ,-2 ,-5 ,-13 ,-16 ,+20 ,+3 ,-6 ,-1
33.8289091 ,Left ,-1 ,-3 ,-9 ,-1 ,-10 ,+3 ,+1 ,-3
33.8289133 ,Left ,-1 ,-4 ,-10 ,-10 ,-7 ,-3 ,-3 ,0 
33.8440293 ,Left ,-3 ,-7 ,-16 ,-9 ,-11 ,-1 ,-1 ,-1
33.8440339 ,Left ,+1 ,+7 ,+30 ,+17 ,+15 ,0  ,-1 ,-1
33.8454094 ,Left ,-3 ,-4 ,-28 ,-34 ,+8 ,-5 ,-4 ,-4
33.8454139 ,Left ,+2 ,+2 ,+3 ,+21 ,+5 ,0  ,-2 ,0 
33.8664592 ,Left ,-1 ,-7 ,-10 ,-2 ,-11 ,+4 ,-11 ,-1
33.8664638 ,Left ,-3 ,-2 ,-5 ,-3 ,-20 ,-21 ,-6 ,-4
33.8678433 ,Left ,0  ,0  ,-4 ,-24 ,+1 ,+10 ,-3 ,-3
33.8678476 ,Left ,-1 ,+3 ,+1 ,-2 ,-6 ,-23 ,-3 ,-4
33.8799157 ,Left ,-1 ,-3 ,+3 ,-34 ,+11 ,+1 ,+5 ,-1
33.8799201 ,Left ,-1 ,0  ,-10 ,-1 ,-8 ,+1 ,-3 ,-2
33.8889995 ,Left ,+1 ,+1 ,+15 ,+31 ,+2 ,+3 ,0  ,+1
33.889004 ,Left ,0  ,+1 ,0  ,-15 ,-8 ,-1 ,+7 ,0 
33.9033447 ,Left ,-2 ,0  ,+6 ,-11 ,-5 ,-10 ,-6 ,-3
33.9033499 ,Left ,0  ,-2 ,-2 ,+7 ,+3 ,+15 ,+3 ,0 
33.909909 ,Left ,-2 ,-1 ,+2 ,-38 ,-13 ,-10 ,-2 ,0 
33.9099133 ,Left ,-2 ,0  ,+12 ,+52 ,-2 ,+5 ,-2 ,-3
33.9264685 ,Left ,-3 ,-4 ,-13 ,-19 ,-1 ,-3 ,+2 ,0 
33.9264732 ,Left ,-1 ,-2 ,-3 ,-14 ,-5 ,+1 ,+2 ,+3
33.9279747 ,Left ,-6 ,-1 ,+9 ,+45 ,+4 ,-7 ,0  ,-5
33.9279789 ,Left ,-1 ,-1 ,-4 ,-31 ,+28 ,+13 ,-10 ,+10
33.9401498 ,Left ,+1 ,-1 ,-9 ,-23 ,-14 ,+8 ,+15 ,-3
33.9401546 ,Left ,-4 ,+1 ,-3 ,+30 ,+9 ,+4 ,-25 ,-3
33.9489595 ,Left ,+1 ,-3 ,+5 ,-4 ,-8 ,0  ,+41 ,+4
33.9489639 ,Left ,0  ,0  ,-3 ,-11 ,-2 ,-21 ,-30 ,-3
33.9629977 ,Left ,+1 ,+2 ,+1 ,+27 ,+3 ,+6 ,+31 ,+2
33.9630047 ,Left ,-5 ,-1 ,-6 ,-36 ,-2 ,+15 ,-3 ,-7
33.9714874 ,Left ,-2 ,+1 ,0  ,-1 ,0  ,-1 ,-9 ,0 
33.9714917 ,Left ,-5 ,0  ,+7 ,+34 ,-2 ,+9 ,0  ,+1
33.9863456 ,Left ,+5 ,-6 ,-9 ,-16 ,-6 ,-3 ,-34 ,-4
33.9863523 ,Left ,-3 ,-1 ,0  ,-4 ,-24 ,-27 ,+17 ,-2
33.9878682 ,Left ,-3 ,-3 ,+1 ,+5 ,+11 ,-7 ,-16 ,-12
33.9878725 ,Left ,+5 ,+4 ,-2 ,-8 ,-8 ,+2 ,+27 ,+3
33.9999734 ,Left ,-4 ,+1 ,0  ,-27 ,+3 ,+8 ,+16 ,-2
33.999978 ,Left ,-2 ,-4 ,0  ,+16 ,0  ,-9 ,-5 ,-4
34.0089631 ,Left ,-2 ,-3 ,-9 ,-12 ,-10 ,-3 ,-16 ,-2
34.0089677 ,Left ,-5 ,0  ,+6 ,+27 ,-40 ,0  ,+3 ,-5
34.0239881 ,Left ,+2 ,+4 ,+3 ,-10 ,+15 ,-5 ,-5 ,+5
34.0239947 ,Left ,-2 ,-7 ,-10 ,-21 ,-18 ,-20 ,-7 ,-7
34.0253884 ,Left ,-2 ,-4 ,-5 ,+11 ,-18 ,0  ,-5 ,+4
34.025393 ,Left ,0  ,-3 ,-6 ,-49 ,+33 ,+4 ,+1 ,-2
34.0463881 ,Left ,-2 ,-4 ,-2 ,+33 ,+9 ,+1 ,-5 ,-2
34.0463927 ,Left ,0  ,+2 ,+6 ,-11 ,-10 ,+3 ,-6 ,0 
34.0480171 ,Left ,-3 ,-2 ,+13 ,+45 ,-3 ,+1 ,+8 ,+2
34.0480217 ,Left ,+3 ,+4 ,-19 ,-45 ,-22 ,-12 ,-6 ,-4
34.0600145 ,Left ,-5 ,-10 ,-4 ,+55 ,+2 ,-6 ,-14 ,-7
34.0600194 ,Left ,-4 ,-9 ,-14 ,-60 ,+30 ,+7 ,+11 ,+3
34.0688873 ,Left ,+4 ,+8 ,+4 ,+10 ,-9 ,0  ,+3 ,+3
34.0688915 ,Left ,0  ,+2 ,+8 ,-20 ,-15 ,-1 ,-5 ,-4
34.08436 ,Left ,-2 ,-1 ,+1 ,+43 ,+7 ,-4 ,-5 ,0 
34.0843646 ,Left ,+2 ,-4 ,-26 ,+6 ,+4 ,+6 ,+5 ,+2
34.085864 ,Left ,-2 ,0  ,+38 ,+1 ,+2 ,-1 ,-2 ,0 
34.0858689 ,Left ,-4 ,-5 ,-6 ,+10 ,0  ,0  ,-7 ,-4
34.1064122 ,Left ,-2 ,-3 ,-35 ,-57 ,-9 ,+7 ,0  ,0 
34.1064164 ,Left ,+2 ,+3 ,+31 ,+37 ,-10 ,+8 ,-8 ,-2
34.1077652 ,Left ,+1 ,+3 ,+17 ,+30 ,+3 ,-21 ,+1 ,0 
34.1077917 ,Left ,-3 ,-10 ,-48 ,-32 ,-11 ,+16 ,-10 ,-3
34.1289865 ,Left ,0  ,+6 ,+32 ,+14 ,+17 ,+6 ,+6 ,+2
34.1291258 ,Left ,-1 ,+3 ,-2 ,0  ,-12 ,0  ,+10 ,+1
34.1305774 ,Left ,+1 ,+5 ,+18 ,+39 ,-13 ,-7 ,-11 ,-2
34.1307107 ,Left ,-1 ,-2 ,+17 ,+54 ,+36 ,+4 ,+4 ,+1
34.143394 ,Left ,-2 ,-2 ,-11 ,-5 ,-7 ,-8 ,0  ,-1
34.1433989 ,Left ,+1 ,-1 ,-9 ,-35 ,+17 ,-4 ,-5 ,-1
34.150146 ,Left ,+1 ,0  ,-14 ,-29 ,-8 ,+12 ,+8 ,+1
34.150151 ,Left ,0  ,-1 ,+1 ,+7 ,+24 ,-10 ,+13 ,0 
34.1661444 ,Left ,-1 ,-2 ,-9 ,+3 ,-8 ,-5 ,-7 ,-3
34.166233 ,Left ,+4 ,+8 ,+23 ,+39 ,+16 ,+3 ,+8 ,+4
34.1678648 ,Left ,-2 ,-5 ,-15 ,-35 ,+4 ,+7 ,+1 ,-2
34.1678693 ,Left ,-3 ,-2 ,-10 ,-15 ,-10 ,+9 ,-11 ,0 
34.1881309 ,Left ,-2 ,+3 ,+21 ,+37 ,+7 ,-6 ,+7 ,-3
34.1881362 ,Left ,0  ,0  ,-4 ,-6 ,-7 ,+11 ,+5 ,+1
34.1963552 ,Left ,-2 ,-5 ,-12 ,+35 ,+1 ,-24 ,-9 ,-6
34.1964464 ,Left ,-2 ,+1 ,+11 ,-11 ,-4 ,-1 ,-2 ,+8
34.2037438 ,Left ,+2 ,+5 ,+8 ,-14 ,-2 ,-11 ,-2 ,-2
34.2037484 ,Left ,-1 ,-2 ,-5 ,+25 ,-6 ,+5 ,-22 ,+2
34.2053846 ,Left ,-3 ,-3 ,-14 ,-26 ,+8 ,+2 ,+14 ,-2
34.2053894 ,Left ,+2 ,-4 ,+12 ,+11 ,-11 ,-12 ,+5 ,-2
34.2265497 ,Left ,-5 ,+1 ,-3 ,-4 ,+2 ,+7 ,+3 ,-2
34.2265547 ,Left ,+5 ,0  ,-3 ,-2 ,-2 ,+15 ,+8 ,+11
34.2280144 ,Left ,-1 ,-1 ,-7 ,-26 ,+19 ,+14 ,-26 ,-7
34.2280191 ,Left ,-5 ,-4 ,+5 ,+31 ,-2 ,-15 ,-51 ,-16
34.2487426 ,Left ,+5 ,+1 ,-5 ,-52 ,-23 ,-1 ,+45 ,+25
34.2487474 ,Left ,-3 ,0  ,+2 ,+6 ,0  ,-27 ,-91 ,-12
34.2504106 ,Left ,-8 ,+1 ,-4 ,-3 ,+12 ,+15 ,+13 ,+8
34.2504151 ,Left ,+7 ,0  ,-3 ,-48 ,-12 ,-1 ,+32 ,-8
34.2631759 ,Left ,-6 ,-5 ,0  ,+72 ,-1 ,-22 ,+1 ,-6
34.2631819 ,Left ,-6 ,-4 ,-4 ,-23 ,-14 ,0  ,+8 ,-6
34.2702378 ,Left ,0  ,0  ,+3 ,+19 ,-3 ,+2 ,+3 ,-3
34.2702427 ,Left ,-4 ,-5 ,0  ,+5 ,-13 ,-19 ,-10 ,+1
34.2854537 ,Left ,+2 ,+6 ,+6 ,-26 ,+8 ,+4 ,-5 ,0 
34.2854585 ,Left ,0  ,-2 ,-2 ,-5 ,0  ,+2 ,+37 ,+2
34.2939886 ,Left ,-4 ,-9 ,-10 ,+54 ,-13 ,-7 ,-15 ,-4
34.2939932 ,Left ,0  ,-5 ,+5 ,+72 ,+9 ,+11 ,+12 ,+6
34.3089679 ,Left ,+6 ,+17 ,+20 ,-36 ,+4 ,+7 ,-13 ,-1
34.3089728 ,Left ,-4 ,+1 ,+10 ,+23 ,+6 ,-6 ,+8 ,-6
34.3104 ,Left ,+3 ,-1 ,-27 ,-79 ,-15 ,-3 ,-1 ,+2
34.3104048 ,Left ,-5 ,-4 ,+7 ,+28 ,+13 ,+4 ,-1 ,-2
34.3225315 ,Left ,-4 ,-15 ,-17 ,+26 ,0  ,+2 ,-14 ,-9
34.3225368 ,Left ,0  ,+2 ,+3 ,+10 ,-6 ,-10 ,+5 ,+2
34.3314778 ,Left ,+2 ,+7 ,+31 ,+5 ,+3 ,-4 ,+6 ,+3
34.331484 ,Left ,-2 ,-3 ,-27 ,-31 ,-6 ,+7 ,+6 ,-1
34.3463911 ,Left ,-4 ,-14 ,-25 ,-24 ,-10 ,-6 ,-16 ,-5
34.3463959 ,Left ,-1 ,-7 ,-39 ,-32 ,-15 ,+6 ,+7 ,-1
34.3479292 ,Left ,+2 ,+2 ,+28 ,+26 ,+8 ,+9 ,+2 ,+1
34.3479339 ,Left ,-1 ,+2 ,-22 ,-25 ,+6 ,+4 ,-2 ,-2
34.369181 ,Left ,0  ,+9 ,+49 ,+23 ,-28 ,-7 ,-6 ,-1
34.3691883 ,Left ,-1 ,0  ,+5 ,+4 ,+20 ,+10 ,+8 ,0 
34.3704097 ,Left ,-2 ,-4 ,-19 ,-8 ,-4 ,-4 ,0  ,-2
34.3704144 ,Left ,-1 ,+3 ,+19 ,-7 ,-7 ,-9 ,-3 ,+1
34.3827111 ,Left ,+1 ,-4 ,-28 ,-29 ,+9 ,+15 ,-1 ,+1
34.3827163 ,Left ,-1 ,+3 ,+7 ,+16 ,-3 ,-26 ,+4 ,-1
34.3915054 ,Left ,0  ,-2 ,+1 ,-5 ,-1 ,-2 ,-2 ,-1
34.3915104 ,Left ,-1 ,+3 ,+10 ,+12 ,+2 ,+2 ,+4 ,+2
34.4061831 ,Left ,-2 ,-5 ,-11 ,+2 ,+9 ,+3 ,-8 ,-2
34.4062744 ,Left ,-1 ,-5 ,-3 ,-17 ,-8 ,-3 ,-1 ,-4
34.4078105 ,Left ,0  ,-2 ,-4 ,-13 ,-1 ,-1 ,-2 ,-2
34.4079125 ,Left ,-1 ,-3 ,0  ,+36 ,-20 ,-14 ,-7 ,-4
34.4290121 ,Left ,-3 ,-2 ,-5 ,-9 ,+8 ,-6 ,-13 ,-3
34.4290169 ,Left ,+8 ,+1 ,+8 ,+1 ,-3 ,-2 ,+9 ,-12
34.4305092 ,Left ,+1 ,-1 ,-13 ,-14 ,-1 ,+1 ,-5 ,+15
34.4305144 ,Left ,-1 ,-1 ,+1 ,-27 ,-7 ,-8 ,-1 ,-2
34.4426598 ,Left ,0  ,0  ,+6 ,+7 ,+4 ,+8 ,-6 ,-1
34.4426651 ,Left ,-5 ,-1 ,+1 ,+5 ,+4 ,-2 ,-2 ,0 
34.4514502 ,Left ,+1 ,-1 ,-7 ,-2 ,-1 ,0  ,+3 ,-4
34.451455 ,Left ,0  ,0  ,-2 ,-38 ,-1 ,0  ,-3 ,-2
34.4740312 ,Left ,-1 ,-3 ,+1 ,+8 ,0  ,+3 ,+3 ,-1
34.4740361 ,Left ,-2 ,+1 ,-2 ,-8 ,+4 ,+5 ,+5 ,+4
34.4754036 ,Left ,-1 ,-1 ,-6 ,0  ,-3 ,0  ,+1 ,-3
34.4754083 ,Left ,-3 ,-2 ,-2 ,-11 ,-3 ,0  ,0  ,+1
34.4887998 ,Left ,-1 ,-1 ,+2 ,+6 ,+3 ,+3 ,+2 ,-4
34.4888049 ,Left ,-2 ,-4 ,-5 ,-8 ,-5 ,+5 ,+3 ,+2
34.4904436 ,Left ,0  ,+1 ,+4 ,-8 ,0  ,-6 ,-3 ,0 
34.4904482 ,Left ,-2 ,-1 ,+1 ,+32 ,+5 ,+8 ,+1 ,0 
34.5034557 ,Left ,-2 ,-8 ,-12 ,-32 ,-10 ,-6 ,0  ,0 
34.503533 ,Left ,-2 ,+4 ,+7 ,+23 ,+2 ,-4 ,-3 ,+2
34.5101854 ,Left ,-3 ,-5 ,-3 ,-6 ,+4 ,-2 ,-1 ,-4
34.5101913 ,Left ,+4 ,+4 ,+5 ,-11 ,-9 ,+5 ,+2 ,-2
34.5265465 ,Left ,-1 ,-2 ,+8 ,+57 ,+6 ,-5 ,-1 ,-1
34.5265519 ,Left ,0  ,+1 ,-9 ,-51 ,-7 ,-4 ,-1 ,+2
34.5278986 ,Left ,+1 ,-4 ,-15 ,-13 ,-4 ,+1 ,+1 ,-5
34.5279244 ,Left ,0  ,+1 ,0  ,-8 ,+2 ,+2 ,+2 ,+1
34.5490039 ,Left ,0  ,+4 ,+6 ,+7 ,0  ,-7 ,-5 ,+1
34.5490089 ,Left ,0  ,-4 ,+3 ,+24 ,+1 ,+10 ,+5 ,+1
34.5504853 ,Left ,-2 ,-3 ,-2 ,-16 ,-4 ,-8 ,-2 ,-2
34.5504904 ,Left ,-2 ,-3 ,-4 ,+9 ,+3 ,0  ,-4 ,-2
34.5634164 ,Left ,+1 ,+3 ,-2 ,-14 ,-5 ,+1 ,+2 ,0 
34.5635343 ,Left ,-5 ,-3 ,-6 ,-5 ,+5 ,-3 ,-3 ,-3
34.570032 ,Left ,-1 ,-5 ,-4 ,-7 ,-33 ,0  ,+5 ,0 
34.5700386 ,Left ,+1 ,+3 ,+2 ,+9 ,+8 ,0  ,-15 ,-2
34.5943504 ,Left ,+1 ,-2 ,-5 ,-14 ,+5 ,-3 ,+24 ,-2
34.594359 ,Left ,0  ,+1 ,+9 ,+21 ,-2 ,+4 ,+1 ,0 
34.5960499 ,Left ,-1 ,+1 ,-3 ,+22 ,+11 ,-2 ,-1 ,0 
34.5960548 ,Left ,-2 ,-4 ,-4 ,-7 ,-3 ,-3 ,+1 ,0 
34.6090488 ,Left ,+1 ,0  ,-6 ,-32 ,-5 ,+6 ,-3 ,-1
34.6090542 ,Left ,-2 ,-3 ,0  ,+6 ,0  ,-19 ,-3 ,-1
34.6104415 ,Left ,-1 ,-1 ,+10 ,0  ,+9 ,0  ,-2 ,-2
34.6104465 ,Left ,-3 ,-4 ,-11 ,-2 ,+1 ,0  ,+4 ,0 
34.6389489 ,Left ,-3 ,-3 ,-8 ,0  ,0  ,-2 ,-5 ,-2
34.6389542 ,Left ,+1 ,+3 ,+12 ,-11 ,-1 ,+5 ,+4 ,+2
34.6404806 ,Left ,-1 ,-2 ,-6 ,-13 ,-3 ,-3 ,-7 ,-3
34.6404853 ,Left ,+2 ,+3 ,+12 ,+46 ,0  ,+2 ,+3 ,+1
34.6465183 ,Left ,-2 ,-2 ,+2 ,-2 ,-4 ,0  ,-4 ,0 
34.6465233 ,Left ,-3 ,-5 ,-25 ,-24 ,+1 ,0  ,-1 ,-1
34.6480065 ,Left ,-4 ,-1 ,-3 ,+6 ,-4 ,0  ,+1 ,0 
34.6480116 ,Left ,-1 ,0  ,+1 ,-5 ,0  ,+3 ,+4 ,-1
34.6690252 ,Left ,+1 ,+2 ,+7 ,+2 ,0  ,-12 ,-5 ,0 
34.6690309 ,Left ,0  ,-1 ,+4 ,+28 ,+7 ,+9 ,+1 ,-1
34.6705195 ,Left ,-2 ,-3 ,0  ,+8 ,-2 ,-5 ,+2 ,-1
34.6705244 ,Left ,0  ,-2 ,+1 ,-4 ,+1 ,-3 ,0  ,-3
34.698842 ,Left ,-1 ,0  ,-2 ,+9 ,-33 ,-2 ,-12 ,+1
34.6988469 ,Left ,-1 ,-3 ,-5 ,0  ,-1 ,+3 ,+14 ,-1
34.7005002 ,Left ,+1 ,+1 ,-3 ,-14 ,-9 ,-3 ,+1 ,0 
34.7005049 ,Left ,-2 ,-4 ,0  ,-6 ,+6 ,+11 ,-3 ,-2
34.7057458 ,Left ,0  ,-2 ,0  ,+30 ,+7 ,-2 ,-2 ,-1
34.70575 ,Left ,0  ,-4 ,-3 ,-31 ,-7 ,+7 ,-7 ,-2
34.7124851 ,Left ,+1 ,+2 ,-1 ,+16 ,-5 ,0  ,-2 ,0 
34.7124888 ,Left ,-3 ,-1 ,-4 ,-15 ,-4 ,-8 ,-2 ,0 
34.7289767 ,Left ,-2 ,0  ,+5 ,-3 ,+6 ,+12 ,+1 ,0 
34.728981 ,Left ,-2 ,-4 ,-11 ,+6 ,-7 ,-15 ,-5 ,0 
34.7304802 ,Left ,+1 ,+1 ,+1 ,-7 ,+16 ,+3 ,-1 ,-1
34.7304841 ,Left ,0  ,0  ,-6 ,-26 ,-5 ,+2 ,+1 ,+1
34.7588793 ,Left ,-1 ,-4 ,-7 ,+2 ,+9 ,+4 ,+1 ,-1
34.7588821 ,Left ,-1 ,0  ,+14 ,+45 ,-3 ,-3 ,-3 ,-1
34.7603536 ,Left ,0  ,+1 ,+3 ,-21 ,+1 ,+6 ,-2 ,0 
34.7603562 ,Left ,-1 ,-2 ,0  ,+6 ,0  ,-5 ,0  ,0 
34.7656963 ,Left ,-1 ,+2 ,-9 ,-53 ,-7 ,-4 ,0  ,-2
34.7656992 ,Left ,-1 ,0  ,+5 ,+33 ,+6 ,+1 ,-1 ,-1
34.7722986 ,Left ,-3 ,-3 ,-5 ,-10 ,-1 ,-5 ,-5 ,-2
34.7723968 ,Left ,-1 ,0  ,+1 ,+29 ,+3 ,+2 ,0  ,-2
34.7888212 ,Left ,-1 ,-4 ,-7 ,-48 ,-7 ,-6 ,-5 ,-3
34.7888241 ,Left ,-2 ,+1 ,-1 ,-17 ,0  ,-5 ,-1 ,+1
34.7903564 ,Left ,-2 ,0  ,-5 ,+4 ,+6 ,+5 ,-3 ,-1
34.7903591 ,Left ,-1 ,-1 ,+4 ,+3 ,-4 ,-5 ,-3 ,-2
34.8127926 ,Left ,0  ,0  ,0  ,+9 ,-19 ,-5 ,-2 ,-1
34.8127963 ,Left ,-1 ,0  ,+1 ,+4 ,-3 ,+5 ,-10 ,0 
34.8160797 ,Left ,-1 ,-2 ,-6 ,-11 ,0  ,-9 ,+13 ,0 
34.8160832 ,Left ,0  ,+1 ,+9 ,+25 ,+8 ,+17 ,+4 ,+1
34.8184057 ,Left ,-1 ,-3 ,-11 ,-16 ,+5 ,-12 ,+4 ,-2
34.8184092 ,Left ,-1 ,+1 ,0  ,-2 ,-2 ,+10 ,-1 ,0 
34.8267348 ,Left ,0  ,-3 ,+6 ,+19 ,-5 ,+5 ,-2 ,+1
34.8267447 ,Left ,-1 ,-2 ,-2 ,-17 ,-7 ,-23 ,+3 ,0 
34.8413281 ,Left ,-1 ,0  ,-1 ,+23 ,+11 ,+3 ,-8 ,-2
34.841389 ,Left ,-2 ,-3 ,-7 ,-50 ,-9 ,-7 ,0  ,0 
34.8427549 ,Left ,-2 ,-2 ,+3 ,+31 ,0  ,+3 ,+4 ,-1
34.8427583 ,Left ,-3 ,-2 ,-3 ,-19 ,-3 ,-10 ,-7 ,-3
34.855871 ,Left ,-1 ,+1 ,+7 ,+15 ,+10 ,+4 ,-19 ,-7
34.8558747 ,Left ,-7 ,-5 ,-4 ,+16 ,+1 ,-16 ,+19 ,+3
34.8627129 ,Left ,+8 ,+3 ,0  ,-19 ,-4 ,-8 ,+29 ,+2
34.8627166 ,Left ,+2 ,-3 ,-5 ,-5 ,-4 ,+14 ,+27 ,+15
34.8789574 ,Left ,-4 ,-2 ,+2 ,+12 ,+7 ,+8 ,-28 ,-6
34.8789612 ,Left ,0  ,-5 ,-7 ,-36 ,-7 ,+3 ,-4 ,-6
34.8850375 ,Left ,-2 ,+3 ,+3 ,+11 ,+17 ,+29 ,-33 ,-2
34.8850417 ,Left ,-4 ,-5 ,-10 ,-28 ,-19 ,+2 ,+53 ,+6
34.9005354 ,Left ,-7 ,-1 ,+4 ,+65 ,+11 ,+3 ,-19 ,-8
34.9005392 ,Left ,+3 ,+3 ,+2 ,-6 ,-3 ,+21 ,+2 ,+6
34.9013124 ,Left ,-3 ,-1 ,+5 ,+8 ,-2 ,-2 ,+23 ,+6
34.9013229 ,Left ,0  ,+1 ,-3 ,-14 ,-2 ,-2 ,-44 ,-16
34.9231182 ,Left ,-3 ,-2 ,-4 ,-19 ,+1 ,-6 ,+17 ,+14
34.9231623 ,Left ,-7 ,-3 ,+3 ,+22 ,+11 ,-2 ,-2 ,-12
34.9238961 ,Left ,-1 ,+2 ,-1 ,-11 ,-9 ,-10 ,-5 ,-2
34.9238999 ,Left ,0  ,+1 ,+3 ,+6 ,+24 ,-4 ,+1 ,-1
34.9390031 ,Left ,0  ,-4 ,-13 ,-37 ,-66 ,-4 ,+6 ,-2
34.939007 ,Left ,+2 ,-1 ,+15 ,+48 ,+9 ,-2 ,-2 ,+2
34.9450518 ,Left ,0  ,-2 ,-12 ,+2 ,-11 ,-1 ,-2 ,-2
34.9450579 ,Left ,+1 ,-6 ,-7 ,-64 ,+22 ,+1 ,-16 ,-1
34.9609136 ,Left ,+7 ,+18 ,+31 ,-12 ,+6 ,-5 ,+9 ,+3
34.9609178 ,Left ,-2 ,-5 ,-48 ,-39 ,-16 ,-10 ,-7 ,-3
34.961443 ,Left ,-4 ,-1 ,+36 ,+25 ,-4 ,-5 ,-7 ,-4
34.9614468 ,Left ,0  ,-2 ,-9 ,+18 ,+2 ,0  ,-3 ,-1
34.9830571 ,Left ,-1 ,+3 ,+39 ,+47 ,+9 ,-4 ,+9 ,+1
34.9830611 ,Left ,+1 ,-5 ,-22 ,-18 ,-2 ,+2 ,+4 ,+1
34.9838704 ,Left ,-3 ,-5 ,-25 ,-47 ,+6 ,-4 ,-6 ,-3
34.9838741 ,Left ,-2 ,+2 ,+22 ,+29 ,-9 ,0  ,-9 ,-2
34.9989371 ,Left ,0  ,-1 ,+36 ,-11 ,+4 ,0  ,+8 ,-1
34.9989411 ,Left ,-1 ,-3 ,-34 ,-3 ,0  ,-5 ,-6 ,-1
35.0051857 ,Left ,-2 ,-5 ,+2 ,+4 ,+6 ,-2 ,-3 ,-1
35.0051899 ,Left ,+1 ,+1 ,-9 ,-14 ,-12 ,-5 ,-3 ,-2
35.0206283 ,Left ,0  ,-2 ,-7 ,+7 ,+6 ,0  ,+4 ,+1
35.0206345 ,Left ,+1 ,+4 ,+34 ,+30 ,-1 ,-2 ,0  ,-2
35.0213485 ,Left ,+1 ,+1 ,-1 ,-23 ,0  ,-4 ,-2 ,-1
35.021352 ,Left ,-2 ,+3 ,+5 ,+43 ,-1 ,+3 ,+3 ,-2
35.0433188 ,Left ,-3 ,-8 ,-35 ,-50 ,-3 ,+5 ,-7 ,-2
35.0433232 ,Left ,0  ,0  ,+14 ,-2 ,0  ,-7 ,-9 ,+1
35.0439006 ,Left ,-1 ,-2 ,-16 ,-18 ,0  ,+2 ,+6 ,-4
35.0439045 ,Left ,-2 ,+1 ,+5 ,+32 ,-17 ,-3 ,-6 ,0 
35.0589317 ,Left ,-3 ,-4 ,-14 ,-19 ,+11 ,+6 ,+6 ,0 
35.0589356 ,Left ,+3 ,-2 ,+2 ,-5 ,+4 ,+1 ,-4 ,0 
35.0650174 ,Left ,-1 ,+2 ,+6 ,+21 ,-3 ,-2 ,-6 ,+1
35.0650217 ,Left ,-8 ,-4 ,-7 ,-32 ,-2 ,-3 ,-2 ,-5
35.0809958 ,Left ,+6 ,-1 ,-11 ,+41 ,+8 ,-2 ,+2 ,+6
35.0809996 ,Left ,-1 ,+1 ,-2 ,-61 ,-10 ,-1 ,+4 ,-3
35.0876289 ,Left ,+1 ,+2 ,+6 ,+16 ,+4 ,-2 ,0  ,+2
35.0876332 ,Left ,-3 ,0  ,-3 ,-13 ,0  ,0  ,-2 ,-1
35.1033212 ,Left ,-4 ,-5 ,-12 ,-8 ,-4 ,-6 ,0  ,-3
35.1033253 ,Left ,+2 ,+3 ,+13 ,+28 ,+3 ,0  ,+5 ,+9
35.1039179 ,Left ,-1 ,-3 ,-8 ,-9 ,-3 ,-1 ,-4 ,-4
35.1039217 ,Left ,+4 ,-1 ,-5 ,-7 ,-2 ,-1 ,-2 ,+5
35.1190165 ,Left ,-5 ,-3 ,-5 ,-7 ,-2 ,-2 ,-3 ,-9
35.1190203 ,Left ,+1 ,+3 ,+3 ,+11 ,+1 ,-1 ,-2 ,-4
35.125021 ,Left ,-3 ,-7 ,-6 ,-4 ,0  ,0  ,-3 ,0 
35.1250256 ,Left ,+3 ,+4 ,-4 ,+20 ,+5 ,-1 ,-2 ,-2
35.140111 ,Left ,+2 ,+3 ,-5 ,-27 ,-5 ,-6 ,0  ,-1
35.1401151 ,Left ,-4 ,-5 ,+1 ,-7 ,-7 ,-2 ,-2 ,-5
35.1475913 ,Left ,-4 ,-2 ,-1 ,-9 ,+7 ,-6 ,-5 ,-5
35.1475954 ,Left ,+2 ,-5 ,-5 ,-8 ,+2 ,+2 ,-3 ,-3
35.1631588 ,Left ,-4 ,-8 ,-5 ,+30 ,-5 ,+7 ,-1 ,+1
35.163163 ,Left ,-1 ,-1 ,-3 ,-4 ,+3 ,-8 ,-16 ,+1
35.1638974 ,Left ,-2 ,+1 ,+1 ,+22 ,-6 ,-17 ,+13 ,-4
35.1639012 ,Left ,-2 ,-1 ,-1 ,-9 ,-4 ,-2 ,-8 ,-1
35.1789643 ,Left ,0  ,-1 ,0  ,+21 ,+7 ,+13 ,+20 ,-9
35.1789681 ,Left ,-4 ,-1 ,-2 ,-38 ,+5 ,+8 ,-4 ,+12
35.1930737 ,Left ,0  ,0  ,-2 ,-4 ,-4 ,+2 ,+4 ,+1
35.1930775 ,Left ,0  ,+2 ,+4 ,-5 ,+2 ,+5 ,+12 ,-2
35.2014356 ,Left ,-1 ,-3 ,-3 ,+34 ,+3 ,-18 ,-3 ,-9
35.2014398 ,Left ,-5 ,-4 ,-2 ,-14 ,-1 ,-1 ,+18 ,-5
35.2074937 ,Left ,+4 ,+3 ,0  ,+2 ,+9 ,+20 ,+5 ,-5
35.2074976 ,Left ,-8 ,-10 ,-4 ,-23 ,-19 ,-5 ,-3 ,+3
35.2233367 ,Left ,+1 ,+3 ,-2 ,-23 ,+11 ,+10 ,-7 ,0 
35.2233395 ,Left ,-1 ,-1 ,+6 ,+53 ,-19 ,-7 ,-8 ,-8
35.2238341 ,Left ,-3 ,-1 ,-5 ,-46 ,+12 ,+23 ,+2 ,+1
35.2238367 ,Left ,+8 ,+1 ,+7 ,+61 ,+3 ,-22 ,-20 ,-5
35.2388094 ,Left ,-1 ,-3 ,-2 ,+1 ,+2 ,-3 ,+23 ,+8
35.2388745 ,Left ,+2 ,+1 ,0  ,-14 ,-9 ,+5 ,-28 ,-5
35.2447098 ,Left ,-4 ,-2 ,-1 ,-10 ,-6 ,-8 ,-4 ,+1
35.2447357 ,Left ,0  ,+2 ,+12 ,+21 ,+4 ,+2 ,-5 ,0 
35.2599811 ,Left ,-3 ,-2 ,0  ,+20 ,+2 ,-9 ,-2 ,+4
35.2599841 ,Left ,+2 ,+1 ,-17 ,+7 ,+7 ,-2 ,+15 ,-1
35.2675455 ,Left ,-1 ,-10 ,-29 ,-30 ,-10 ,-10 ,-13 ,-3
35.267549 ,Left ,+3 ,+11 ,+15 ,+3 ,+4 ,+2 ,-1 ,0 
35.2830987 ,Left ,-3 ,-3 ,+16 ,-2 ,-7 ,0  ,-6 ,-1
35.2831024 ,Left ,+1 ,+10 ,+9 ,-11 ,+5 ,+1 ,+3 ,-1
35.2837967 ,Left ,-2 ,-4 ,-21 ,-1 ,-5 ,-3 ,-11 ,+1
35.2838001 ,Left ,-4 ,-11 ,-8 ,+4 ,0  ,+4 ,+10 ,-1
35.2989358 ,Left ,0  ,-2 ,-12 ,-49 ,-8 ,0  ,-6 ,-1
35.2989394 ,Left ,-6 ,-18 ,-21 ,+6 ,+3 ,-2 ,-2 ,-1
35.3050519 ,Left ,+4 ,+17 ,+45 ,+42 ,+7 ,-4 ,-1 ,+1
35.3050559 ,Left ,-3 ,-7 ,-4 ,-29 ,-16 ,-5 ,+3 ,-3
35.3198219 ,Left ,+4 ,+13 ,+10 ,+8 ,+11 ,-2 ,-7 ,+2
35.3198256 ,Left ,-3 ,-8 ,-1 ,+8 ,+10 ,0  ,+3 ,-2
35.3275234 ,Left ,-1 ,-1 ,+8 ,+9 ,-15 ,-1 ,-1 ,+1
35.3275264 ,Left ,-4 ,-4 ,-14 ,-8 ,+4 ,+1 ,0  ,-2
35.3437525 ,Left ,-2 ,-3 ,-8 ,-14 ,-8 ,-2 ,-6 ,0 
35.3437648 ,Left ,+2 ,+3 ,+8 ,-1 ,-8 ,-1 ,+7 ,-1
35.3442973 ,Left ,+2 ,-1 ,0  ,+32 ,+4 ,-3 ,0  ,0 
35.3443081 ,Left ,+1 ,+2 ,+4 ,+2 ,-8 ,+2 ,-3 ,+1
35.3593712 ,Left ,-1 ,-6 ,-18 ,-24 ,+7 ,-3 ,-3 ,-2
35.3593876 ,Left ,-2 ,+3 ,+6 ,+15 ,+1 ,-1 ,0  ,-1
35.3652799 ,Left ,-2 ,-3 ,+1 ,+3 ,-6 ,-4 ,-2 ,-2
35.3652939 ,Left ,+2 ,+1 ,-8 ,-8 ,+2 ,+9 ,-6 ,+1
35.3799893 ,Left ,-2 ,-2 ,0  ,-10 ,-8 ,-25 ,+11 ,-2
35.3799954 ,Left ,-2 ,-2 ,+2 ,-2 ,-4 ,-12 ,-15 ,-5
35.3875472 ,Left ,-1 ,-4 ,-5 ,-5 ,-1 ,+1 ,-3 ,-1
35.3875521 ,Left ,-3 ,-5 ,-5 ,-10 ,-1 ,+3 ,-1 ,-1
35.4031391 ,Left ,+1 ,+3 ,-2 ,-7 ,+4 ,-4 ,-3 ,+1
35.4031423 ,Left ,0  ,+2 ,+10 ,+9 ,-1 ,+4 ,-3 ,-3
35.40375 ,Left ,-4 ,-3 ,-6 ,-11 ,-10 ,-4 ,+1 ,-3
35.403753 ,Left ,0  ,+3 ,-1 ,-5 ,+9 ,-4 ,+1 ,0 
35.4188766 ,Left ,-1 ,-3 ,+4 ,+27 ,-7 ,+10 ,-3 ,+1
35.4188797 ,Left ,0  ,-1 ,-3 ,-3 ,0  ,-2 ,+4 ,+1
35.4249234 ,Left ,0  ,+2 ,+4 ,+4 ,-1 ,-1 ,-5 ,-1
35.4249268 ,Left ,-4 ,-4 ,-2 ,-22 ,-1 ,0  ,0  ,-2
35.4400038 ,Left ,0  ,0  ,+4 ,+17 ,+8 ,+1 ,-4 ,0 
35.4400071 ,Left ,-2 ,0  ,-5 ,-9 ,-17 ,-1 ,+2 ,-3
35.4473065 ,Left ,-1 ,-5 ,-1 ,+16 ,+1 ,-3 ,-3 ,-2
35.4473096 ,Left ,0  ,+5 ,-5 ,+10 ,-8 ,-3 ,0  ,+1
35.4707674 ,Left ,+1 ,+3 ,+3 ,-17 ,+17 ,+1 ,-4 ,0 
35.4707702 ,Left ,0  ,-1 ,+8 ,+2 ,+7 ,+2 ,0  ,+1
35.4715101 ,Left ,-1 ,-3 ,-6 ,-12 ,-8 ,-1 ,-1 ,-1
35.471513 ,Left ,-2 ,-7 ,-10 ,-12 ,-6 ,-2 ,-1 ,-2
35.4788685 ,Left ,+1 ,-2 ,-5 ,-2 ,-8 ,+3 ,-3 ,-1
35.4788717 ,Left ,+1 ,+4 ,+18 ,+21 ,+7 ,0  ,+1 ,+1
35.4850283 ,Left ,0  ,0  ,-6 ,-10 ,+11 ,-1 ,-2 ,+1
35.4850314 ,Left ,+1 ,+1 ,+8 ,+38 ,+5 ,-3 ,0  ,-2
35.4997871 ,Left ,-1 ,-1 ,-3 ,-57 ,-12 ,-3 ,-2 ,-1
35.4997897 ,Left ,-1 ,-3 ,-6 ,+2 ,+2 ,+1 ,+1 ,+2
35.5079862 ,Left ,-3 ,+2 ,+6 ,+9 ,-4 ,-2 ,-1 ,-1
35.5080848 ,Left ,0  ,-1 ,-3 ,+5 ,+2 ,-2 ,-1 ,-1
35.5235675 ,Left ,-2 ,-3 ,-1 ,+19 ,-3 ,+1 ,-2 ,-2
35.5235786 ,Left ,0  ,-1 ,0  ,-22 ,-5 ,-1 ,0  ,-1
35.5243451 ,Left ,-1 ,-4 ,-5 ,-15 ,+2 ,0  ,-2 ,-1
35.5243562 ,Left ,-2 ,+1 ,0  ,-4 ,-3 ,-1 ,0  ,+1
35.53901 ,Left ,-3 ,-1 ,+4 ,+19 ,-2 ,-2 ,-4 ,-2
35.5390158 ,Left ,-3 ,-5 ,-18 ,-11 ,-4 ,-1 ,-1 ,-1
35.5451192 ,Left ,-1 ,+7 ,+8 ,+1 ,+3 ,0  ,+1 ,0 
35.5451243 ,Left ,-1 ,+1 ,+7 ,-16 ,+5 ,0  ,-1 ,-1
35.5599851 ,Left ,-2 ,-4 ,-11 ,-3 ,-17 ,-1 ,0  ,0 
35.5599894 ,Left ,-1 ,-2 ,-3 ,+26 ,+4 ,+2 ,+1 ,-1
35.5676008 ,Left ,0  ,-6 ,-10 ,-24 ,-5 ,+4 ,+1 ,-1
35.5676054 ,Left ,0  ,0  ,+3 ,-9 ,+4 ,-2 ,+3 ,-1
35.5833308 ,Left ,+1 ,-2 ,+2 ,-8 ,-2 ,+1 ,-4 ,-2
35.5833345 ,Left ,+1 ,-1 ,+4 ,+6 ,+4 ,0  ,0  ,-1
35.5838547 ,Left ,-1 ,+1 ,+4 ,+14 ,-2 ,+3 ,0  ,-1
35.5838583 ,Left ,-3 ,-1 ,-3 ,-4 ,-3 ,-1 ,-1 ,-2
35.5988413 ,Left ,+1 ,-2 ,-4 ,+6 ,+4 ,-1 ,-1 ,+1
35.5988447 ,Left ,+1 ,-2 ,-7 ,-13 ,-1 ,0  ,-3 ,-2
35.6048141 ,Left ,-1 ,-4 ,+1 ,-3 ,-15 ,-5 ,-4 ,-2
35.6048175 ,Left ,-1 ,-4 ,-5 ,+3 ,+20 ,-2 ,-3 ,-1
35.6201386 ,Left ,+1 ,+2 ,-6 ,-19 ,-2 ,+1 ,0  ,-1
35.6201425 ,Left ,-1 ,+1 ,+8 ,+17 ,-3 ,-2 ,-2 ,0 
35.6274549 ,Left ,-1 ,-1 ,+2 ,+17 ,+1 ,-1 ,-4 ,+1
35.6274585 ,Left ,-3 ,-1 ,-6 ,-3 ,-6 ,-2 ,-2 ,-1
35.6430972 ,Left ,-1 ,-1 ,+1 ,+5 ,0  ,0  ,0  ,-2
35.6431012 ,Left ,-1 ,+5 ,+6 ,-15 ,0  ,-1 ,-2 ,-1
35.643721 ,Left ,-2 ,-5 ,-8 ,-7 ,+7 ,-2 ,0  ,-1
35.6437243 ,Left ,+1 ,0  ,+1 ,+4 ,0  ,0  ,+1 ,+1
35.6588219 ,Left ,-2 ,-7 ,-1 ,+10 ,-8 ,-4 ,-4 ,-1
35.6588255 ,Left ,+1 ,+4 ,-1 ,-2 ,-8 ,-1 ,+1 ,-2
35.6651948 ,Left ,-2 ,-1 ,-4 ,+10 ,+4 ,-5 ,-2 ,-1
35.6651985 ,Left ,-1 ,0  ,-5 ,+3 ,0  ,+1 ,0  ,-3
35.680012 ,Left ,-4 ,-2 ,+11 ,+19 ,+5 ,-1 ,+1 ,-1
35.6800157 ,Left ,0  ,0  ,-9 ,-22 ,-1 ,-1 ,0  ,+2
35.6873108 ,Left ,+2 ,+1 ,+3 ,-12 ,-4 ,-2 ,0  ,-2
35.6873142 ,Left ,+1 ,+1 ,+4 ,+14 ,-6 ,-1 ,-3 ,0 
35.7105833 ,Left ,-2 ,-3 ,-4 ,-17 ,-5 ,-1 ,-2 ,-1
35.7105868 ,Left ,-2 ,-6 ,-4 ,+20 ,+2 ,-1 ,0  ,0 
35.7115583 ,Left ,+1 ,0  ,+4 ,-10 ,+1 ,+1 ,-1 ,0 
35.7115623 ,Left ,-2 ,-7 ,-8 ,+1 ,-1 ,-4 ,-2 ,-2
35.7337644 ,Left ,0  ,+1 ,-1 ,-9 ,-5 ,-2 ,-1 ,+1
35.7338591 ,Left ,-2 ,-3 ,-1 ,-11 ,+3 ,+1 ,-2 ,-1
35.7345787 ,Left ,-4 ,-4 ,-5 ,-5 ,-10 ,-1 ,-1 ,0 
35.7345831 ,Left ,-2 ,0  ,+3 ,0  ,-6 ,0  ,-2 ,-1
35.7481459 ,Left ,+3 ,+3 ,+6 ,+33 ,+10 ,+1 ,+1 ,0 
35.748151 ,Left ,-4 ,-4 ,-9 ,-52 ,-7 ,-2 ,-2 ,-1
35.7491681 ,Left ,-1 ,-3 ,-8 ,-1 ,+6 ,-1 ,0  ,-1
35.7491729 ,Left ,-1 ,-4 ,-1 ,+5 ,-3 ,+4 ,+1 ,-1
35.7708468 ,Left ,-3 ,-5 ,-8 ,-1 ,-3 ,-15 ,-5 ,-2
35.7708514 ,Left ,0  ,+5 ,+6 ,+28 ,+1 ,0  ,0  ,0 
35.7714863 ,Left ,0  ,-2 ,-4 ,-2 ,-5 ,+1 ,+1 ,0 
35.7714911 ,Left ,0  ,0  ,+3 ,-18 ,-3 ,-3 ,-2 ,-1
35.7941409 ,Left ,+1 ,0  ,-2 ,+5 ,+5 ,+7 ,+1 ,-1
35.7941465 ,Left ,-2 ,-3 ,-1 ,-6 ,-7 ,-5 ,-2 ,0 
35.7946905 ,Left ,-2 ,0  ,-3 ,+4 ,-7 ,-4 ,-2 ,-1
35.7946958 ,Left ,+2 ,+3 ,+5 ,+2 ,+1 ,+2 ,-1 ,+1
35.8082458 ,Left ,-3 ,-5 ,-6 ,-10 ,-6 ,+1 ,+2 ,0 
35.8084275 ,Left ,+2 ,+1 ,+2 ,0  ,+2 ,-1 ,0  ,0 
35.8088851 ,Left ,+1 ,-2 ,+3 ,+19 ,+7 ,0  ,0  ,0 
35.8088903 ,Left ,0  ,-4 ,-13 ,-34 ,+8 ,-2 ,-3 ,-1
35.8305811 ,Left ,-1 ,+1 ,-3 ,-8 ,-40 ,-4 ,-2 ,0 
35.8305835 ,Left ,-2 ,+2 ,+3 ,+7 ,+5 ,0  ,0  ,-1
35.8313266 ,Left ,0  ,+2 ,+6 ,-5 ,+8 ,+2 ,-1 ,0 
35.8313289 ,Left ,-2 ,-2 ,+2 ,+44 ,+3 ,-3 ,-3 ,-1
35.8448972 ,Left ,0  ,0  ,+5 ,-2 ,-3 ,+1 ,-2 ,0 
35.8449001 ,Left ,+2 ,-2 ,-5 ,+7 ,+16 ,-1 ,-1 ,-1
35.8530857 ,Left ,-2 ,-4 ,0  ,+17 ,-10 ,-1 ,-3 ,-3
35.8530885 ,Left ,-1 ,0  ,-2 ,-16 ,-16 ,-5 ,-2 ,-3
35.8680916 ,Left ,-1 ,-1 ,-8 ,-17 ,+11 ,+3 ,0  ,0 
35.8680956 ,Left ,-1 ,+1 ,+7 ,+31 ,0  ,-1 ,-1 ,-3
35.8688567 ,Left ,+2 ,0  ,-7 ,-3 ,+6 ,-1 ,-1 ,0 
35.8688602 ,Left ,-1 ,0  ,0  ,-11 ,+4 ,+6 ,+1 ,+2
35.8905777 ,Left ,-2 ,-2 ,-3 ,-11 ,-5 ,-21 ,-5 ,-1
35.8905815 ,Left ,-4 ,-4 ,+1 ,-4 ,+5 ,+2 ,0  ,-1
35.8912758 ,Left ,-3 ,-1 ,-2 ,-4 ,0  ,-1 ,0  ,-1
35.8913622 ,Left ,-2 ,+1 ,+6 ,-5 ,-3 ,+1 ,0  ,-3
35.9050884 ,Left ,-3 ,-1 ,-2 ,+3 ,+13 ,+5 ,0  ,0 
35.9050923 ,Left ,-4 ,-4 ,-7 ,+4 ,-9 ,-4 ,-1 ,-1
35.9133813 ,Left ,+1 ,+1 ,+8 ,+7 ,-8 ,-3 ,0  ,-1
35.913385 ,Left ,-2 ,-1 ,-1 ,-3 ,-8 ,-1 ,+2 ,-1
35.9282374 ,Left ,+2 ,+4 ,-3 ,+9 ,+8 ,0  ,-2 ,-2
35.928242 ,Left ,0  ,-3 ,+1 ,+19 ,-3 ,-2 ,-1 ,-1
35.9290397 ,Left ,-3 ,0  ,-10 ,-57 ,-18 ,+2 ,0  ,0 
35.9290443 ,Left ,0  ,-2 ,-1 ,+18 ,+6 ,-3 ,-3 ,-3
35.9507804 ,Left ,-1 ,+2 ,+7 ,+31 ,+4 ,+1 ,-2 ,+1
35.9507849 ,Left ,-1 ,+3 ,+8 ,-8 ,+13 ,+1 ,-2 ,+1
35.9515654 ,Left ,-3 ,-1 ,-5 ,-34 ,-42 ,-6 ,-3 ,-2
35.9515697 ,Left ,-2 ,0  ,+3 ,+24 ,+5 ,-1 ,+2 ,-1
35.9651473 ,Left ,-3 ,-4 ,-8 ,-42 ,+1 ,+2 ,+1 ,-1
35.9651513 ,Left ,+1 ,0  ,0  ,-1 ,-3 ,-2 ,+1 ,-1
35.9732468 ,Left ,-1 ,-4 ,+1 ,+15 ,+19 ,0  ,0  ,-1
35.9732508 ,Left ,-1 ,0  ,-7 ,-7 ,-6 ,-4 ,-3 ,-1
35.9880464 ,Left ,-1 ,-1 ,+7 ,+17 ,-4 ,+3 ,-1 ,-1
35.9880491 ,Left ,0  ,+1 ,-5 ,-13 ,-4 ,-1 ,0  ,0 
35.9887681 ,Left ,-1 ,-1 ,0  ,+8 ,+7 ,0  ,-1 ,-1
35.9887707 ,Left ,+3 ,0  ,-3 ,-26 ,+6 ,0  ,-1 ,0 
36.0106647 ,Left ,0  ,-1 ,-2 ,+19 ,+7 ,+1 ,-1 ,-1
36.0106704 ,Left ,-4 ,-5 ,-12 ,-25 ,-9 ,-1 ,-3 ,-1
36.011398 ,Left ,0  ,+2 ,+7 ,+30 ,+12 ,-1 ,-1 ,-1
36.0114628 ,Left ,-1 ,+5 ,+2 ,-19 ,-6 ,0  ,-1 ,0 
36.0339258 ,Left ,-2 ,-2 ,-8 ,-3 ,+1 ,+1 ,0  ,0 
36.0339296 ,Left ,+1 ,-1 ,+7 ,-6 ,-20 ,-1 ,0  ,-1
36.0347236 ,Left ,+1 ,+5 ,+3 ,+2 ,+4 ,+1 ,-2 ,0 
36.0347274 ,Left ,-1 ,-3 ,-9 ,-36 ,+1 ,-1 ,-2 ,-1
36.0482343 ,Left ,-1 ,-4 ,+5 ,-1 ,-6 ,+1 ,0  ,-2
36.0482383 ,Left ,-1 ,-2 ,-5 ,+12 ,+3 ,-4 ,-2 ,-2
36.0489637 ,Left ,0  ,+1 ,+1 ,-8 ,+8 ,+2 ,+1 ,-1
36.048968 ,Left ,+1 ,-1 ,+4 ,+7 ,-7 ,-1 ,-1 ,0 
36.0705762 ,Left ,0  ,+1 ,-1 ,-12 ,+15 ,+1 ,+1 ,0 
36.0705804 ,Left ,0  ,-1 ,-1 ,-6 ,-3 ,+6 ,0  ,-1
36.0713863 ,Left ,-1 ,-4 ,0  ,+13 ,+10 ,-22 ,-5 ,-3
36.0713905 ,Left ,-3 ,-2 ,-1 ,+4 ,-1 ,-2 ,+1 ,0 
36.0940003 ,Left ,-1 ,0  ,-1 ,-9 ,-21 ,0  ,-1 ,0 
36.0940151 ,Left ,0  ,-1 ,-2 ,+13 ,+5 ,0  ,0  ,-2
36.0947377 ,Left ,-1 ,-2 ,-3 ,-12 ,-6 ,+2 ,0  ,-1
36.0947424 ,Left ,-1 ,+1 ,-3 ,-18 ,-20 ,-3 ,-3 ,0 
36.108187 ,Left ,-2 ,-1 ,+1 ,+21 ,+23 ,+3 ,0  ,0 
36.1081919 ,Left ,-2 ,-1 ,+7 ,+3 ,-5 ,-2 ,0  ,-1
36.1088407 ,Left ,-2 ,-3 ,-16 ,-24 ,+3 ,+4 ,-2 ,0 
36.108845 ,Left ,0  ,-1 ,+8 ,+42 ,-2 ,-3 ,-1 ,-1
36.138867 ,Left ,-1 ,-1 ,-7 ,-41 ,-2 ,-1 ,-1 ,-2
36.1388716 ,Left ,-1 ,0  ,-5 ,-1 ,+3 ,-1 ,0  ,0 
36.1395914 ,Left ,-1 ,-1 ,+5 ,+22 ,-4 ,+2 ,0  ,-1
36.1395957 ,Left ,-1 ,-1 ,0  ,+2 ,+9 ,+3 ,+2 ,-1
36.1537709 ,Left ,0  ,0  ,-1 ,-7 ,-4 ,-3 ,-2 ,0 
36.1538103 ,Left ,-2 ,-3 ,+1 ,-2 ,+3 ,-1 ,-1 ,-1
36.1547299 ,Left ,-3 ,-3 ,-3 ,+9 ,-3 ,-4 ,-1 ,-1
36.1547348 ,Left ,-2 ,-1 ,-1 ,0  ,-1 ,+1 ,0  ,0 
36.1683554 ,Left ,-1 ,+1 ,+2 ,0  ,0  ,-2 ,+1 ,-2
36.1683603 ,Left ,0  ,-2 ,-5 ,-32 ,-26 ,-3 ,0  ,0 
36.1689374 ,Left ,0  ,+1 ,+4 ,+2 ,+15 ,+4 ,0  ,+1
36.1689419 ,Left ,0  ,-3 ,-1 ,+9 ,+6 ,0  ,-2 ,-1
36.1908638 ,Left ,-1 ,+3 ,+1 ,+7 ,+8 ,0  ,-1 ,0 
36.1908684 ,Left ,-1 ,-5 ,-8 ,-26 ,+8 ,-2 ,-1 ,-1
36.191393 ,Left ,-1 ,-1 ,0  ,-13 ,-5 ,+1 ,-1 ,0 
36.1913971 ,Left ,0  ,0  ,0  ,0  ,-7 ,-1 ,-2 ,-2
36.2140414 ,Left ,-1 ,0  ,+3 ,+9 ,+3 ,0  ,-1 ,0 
36.2140462 ,Left ,-3 ,0  ,+2 ,+10 ,+1 ,-3 ,-2 ,-3
36.214743 ,Left ,-2 ,-2 ,-1 ,+3 ,-3 ,+1 ,0  ,-3
36.2147475 ,Left ,-2 ,-2 ,-4 ,-14 ,+7 ,-2 ,-1 ,-2
36.2281331 ,Left ,-2 ,-1 ,+4 ,+8 ,-9 ,0  ,0  ,-1
36.2281374 ,Left ,-1 ,-2 ,-7 ,+22 ,-6 ,+4 ,-1 ,-1
36.228901 ,Left ,-1 ,0  ,0  ,-13 ,-4 ,-22 ,-6 ,0 
36.2289053 ,Left ,0  ,-1 ,-6 ,+3 ,-5 ,-3 ,-1 ,-1
36.2508247 ,Left ,-2 ,-4 ,+3 ,+6 ,-4 ,0  ,-1 ,0 
36.2508293 ,Left ,+1 ,+4 ,+3 ,+1 ,+2 ,+1 ,+1 ,+2
36.25151 ,Left ,+1 ,-3 ,-7 ,-6 ,+2 ,+6 ,+1 ,0 
36.2515142 ,Left ,-2 ,-2 ,0  ,+1 ,-10 ,-2 ,-1 ,-3
36.2738078 ,Left ,0  ,0  ,-4 ,+6 ,-7 ,-4 ,-1 ,-2
36.2738123 ,Left ,-4 ,-5 ,+1 ,-15 ,+5 ,-1 ,-2 ,0 
36.2745147 ,Left ,-2 ,0  ,+2 ,0  ,-7 ,+4 ,0  ,-1
36.2745184 ,Left ,0  ,0  ,+1 ,-3 ,+2 ,-4 ,-2 ,+1
36.2882185 ,Left ,0  ,0  ,-3 ,-10 ,-3 ,+2 ,-2 ,-1
36.2882226 ,Left ,+1 ,+2 ,+3 ,+34 ,+7 ,-2 ,-1 ,-1
36.2890978 ,Left ,+2 ,+3 ,-3 ,-27 ,-9 ,+2 ,+1 ,+1
36.2891017 ,Left ,-1 ,-4 ,-5 ,+7 ,-2 ,+1 ,-1 ,-3
36.3105486 ,Left ,-4 ,-3 ,-1 ,+7 ,+3 ,-2 ,-2 ,-2
36.3105524 ,Left ,0  ,+1 ,-3 ,-12 ,-2 ,-2 ,0  ,0 
36.3113499 ,Left ,-1 ,-1 ,+8 ,+23 ,+3 ,+1 ,0  ,-3
36.3113535 ,Left ,-1 ,+3 ,+1 ,-19 ,-1 ,+1 ,-1 ,+1
36.3340646 ,Left ,-1 ,-2 ,-5 ,-7 ,-6 ,-1 ,-1 ,0 
36.3340685 ,Left ,0  ,+3 ,+6 ,+7 ,-3 ,-4 ,-3 ,-1
36.3346141 ,Left ,0  ,+1 ,-1 ,-10 ,-2 ,+2 ,-1 ,-1
36.3346179 ,Left ,-2 ,-3 ,0  ,+9 ,-1 ,0  ,+1 ,-1
36.3481519 ,Left ,0  ,+2 ,-9 ,-5 ,+11 ,-1 ,-1 ,0 
36.3481557 ,Left ,-1 ,-3 ,0  ,-18 ,-41 ,-5 ,-2 ,-2
36.3488824 ,Left ,0  ,-2 ,-2 ,+28 ,+3 ,0  ,-1 ,-1
36.348886 ,Left ,-1 ,0  ,0  ,-1 ,+6 ,-1 ,+3 ,0 
36.3708433 ,Left ,+2 ,0  ,+5 ,-7 ,-2 ,0  ,0  ,0 
36.3708477 ,Left ,-3 ,-3 ,-3 ,-2 ,+8 ,+5 ,+2 ,-2
36.371549 ,Left ,-2 ,-5 ,-7 ,-27 ,0  ,+5 ,+1 ,-1
36.3715534 ,Left ,-1 ,-1 ,+1 ,+24 ,-27 ,-7 ,-1 ,-1
36.4015701 ,Left ,-2 ,-3 ,-3 ,-4 ,+1 ,0  ,+1 ,-2
36.4015748 ,Left ,0  ,0  ,-4 ,-7 ,+11 ,-2 ,-1 ,-1
36.4020979 ,Left ,-2 ,-5 ,0  ,-14 ,-7 ,+3 ,0  ,-3
36.4021019 ,Left ,+2 ,+5 ,+3 ,-16 ,+7 ,+1 ,0  ,0 
36.4081498 ,Left ,-1 ,+2 ,+5 ,+19 ,-6 ,-4 ,-3 ,-2
36.4081541 ,Left ,+1 ,-2 ,-3 ,-6 ,-2 ,-1 ,0  ,-1
36.408899 ,Left ,-3 ,-1 ,-2 ,+7 ,+4 ,-2 ,-1 ,-1
36.4089031 ,Left ,-3 ,-7 ,-7 ,-26 ,+7 ,-2 ,-2 ,-3
36.4308768 ,Left ,-1 ,-3 ,-2 ,+1 ,-6 ,-2 ,-1 ,-1
36.4308813 ,Left ,-2 ,0  ,-2 ,+10 ,+4 ,-3 ,-3 ,-1
36.4314992 ,Left ,-1 ,0  ,-3 ,+12 ,+2 ,-1 ,-1 ,0 
36.4315034 ,Left ,-2 ,-2 ,+8 ,+15 ,+2 ,-3 ,-4 ,-1
36.4539958 ,Left ,+3 ,-1 ,-4 ,-8 ,+1 ,+3 ,+2 ,+1
36.4540002 ,Left ,-3 ,-1 ,0  ,-9 ,-3 ,-3 ,-3 ,-1
36.4546751 ,Left ,-1 ,0  ,-3 ,-18 ,-5 ,-1 ,-2 ,-1
36.4546795 ,Left ,-1 ,-1 ,0  ,-4 ,+1 ,+3 ,+1 ,-1
36.4682283 ,Left ,-1 ,+1 ,-10 ,+2 ,-4 ,+3 ,-1 ,-1
36.4682328 ,Left ,0  ,-2 ,0  ,+4 ,0  ,-15 ,-3 ,-2
36.4689851 ,Left ,+1 ,+2 ,-4 ,-2 ,-4 ,-1 ,-4 ,-1
36.4689894 ,Left ,-1 ,+1 ,+2 ,+20 ,+2 ,-1 ,+6 ,0 
36.490847 ,Left ,-3 ,-2 ,+2 ,-11 ,-2 ,0  ,-2 ,-1
36.4908517 ,Left ,0  ,+1 ,+4 ,+23 ,+5 ,+10 ,+9 ,+1
36.4913748 ,Left ,-3 ,-1 ,+1 ,+10 ,-2 ,-45 ,-20 ,-5
36.4914249 ,Left ,0  ,-1 ,-8 ,-22 ,-5 ,+6 ,-10 ,-2
36.5138461 ,Left ,-6 ,-3 ,0  ,+12 ,-4 ,-7 ,-2 ,+2
36.5138505 ,Left ,0  ,-3 ,-10 ,-42 ,+2 ,-11 ,-25 ,-6
36.5145694 ,Left ,-1 ,-1 ,+5 ,+25 ,-21 ,-2 ,+39 ,+10
36.5145737 ,Left ,+1 ,-1 ,-2 ,-7 ,+10 ,+10 ,-15 ,-4
36.5283167 ,Left ,+1 ,-2 ,+1 ,+10 ,-16 ,-14 ,+25 ,0 
36.5283275 ,Left ,-1 ,+2 ,+1 ,-1 ,+3 ,+1 ,-71 ,-15
36.5290642 ,Left ,-1 ,-1 ,-4 ,-6 ,+6 ,+6 ,-69 ,+6
36.5290687 ,Left ,-1 ,0  ,-3 ,-24 ,-4 ,-20 ,+43 ,+2
36.550838 ,Left ,-1 ,+1 ,+2 ,+38 ,-4 ,+24 ,-5 ,+2
36.5508425 ,Left ,-3 ,-4 ,-5 ,-27 ,-2 ,-13 ,-3 ,-5
36.5514907 ,Left ,+1 ,-1 ,+1 ,+13 ,+4 ,+12 ,+8 ,-3
36.5514949 ,Left ,+7 ,+1 ,-1 ,+1 ,-10 ,+1 ,-7 ,-1
36.5739362 ,Left ,0  ,-2 ,+3 ,-20 ,+17 ,+1 ,-16 ,-5
36.5739408 ,Left ,-3 ,-1 ,+1 ,+15 ,-9 ,+9 ,+36 ,+2
36.574648 ,Left ,+3 ,+3 ,+5 ,+31 ,+9 ,-4 ,+13 ,+1
36.574652 ,Left ,-3 ,-5 ,0  ,-8 ,0  ,+5 ,-1 ,+8
36.5881599 ,Left ,-1 ,-4 ,-3 ,-18 ,+3 ,-3 ,+14 ,-6
36.5881645 ,Left ,-1 ,-7 ,-22 ,-17 ,+2 ,+1 ,+6 ,+1
36.5890062 ,Left ,-4 ,+1 ,+16 ,+25 ,-6 ,+12 ,+10 ,-2
36.5890105 ,Left ,+1 ,+9 ,+13 ,+29 ,+29 ,-1 ,-7 ,-2
36.6106641 ,Left ,-2 ,-5 ,+3 ,+18 ,-9 ,-5 ,-15 ,-1
36.610668 ,Left ,-5 ,-8 ,-8 ,-28 ,+2 ,-5 ,+7 ,+5
36.6114704 ,Left ,+2 ,+6 ,-26 ,-33 ,0  ,+3 ,-2 ,-6
36.6114835 ,Left ,-5 ,-14 ,-1 ,+12 ,-11 ,+1 ,0  ,-3
36.632817 ,Left ,+2 ,+7 ,-21 ,-26 ,+7 ,-6 ,-3 ,+1
36.6328206 ,Left ,+6 ,+12 ,+56 ,+41 ,-4 ,+4 ,+12 ,+6
36.64065 ,Left ,-4 ,-4 ,+10 ,-14 ,+6 ,0  ,+11 ,-2
36.6406537 ,Left ,-5 ,-5 ,-30 ,-13 ,-6 ,-4 ,-10 ,-4
36.647319 ,Left ,-2 ,-11 ,-39 ,-37 ,+2 ,+3 ,+1 ,+2
36.6473226 ,Left ,+2 ,+2 ,-2 ,+15 ,+1 ,+3 ,+6 ,-1
36.6555866 ,Left ,+1 ,+6 ,+23 ,0  ,+2 ,-1 ,-3 ,-2
36.6555901 ,Left ,-4 ,+2 ,+12 ,-3 ,-4 ,-4 ,-4 ,+1
36.6705695 ,Left ,0  ,-1 ,+13 ,0  ,-5 ,0  ,-2 ,0 
36.670573 ,Left ,-1 ,-2 ,-20 ,+10 ,+2 ,+2 ,+8 ,+2
36.6713557 ,Left ,-4 ,-5 ,-7 ,-59 ,-4 ,-3 ,0  ,-4
36.6713592 ,Left ,-1 ,-2 ,+5 ,+23 ,-2 ,+1 ,+1 ,-1
36.6931664 ,Left ,-1 ,-2 ,-4 ,-13 ,-5 ,-2 ,+4 ,-1
36.6931707 ,Left ,0  ,+2 ,+4 ,+9 ,0  ,0  ,+1 ,0 
36.6938853 ,Left ,+2 ,+3 ,0  ,+31 ,+3 ,+3 ,+2 ,-1
36.6938894 ,Left ,-2 ,-2 ,-9 ,-22 ,-3 ,0  ,-3 ,-1
36.7075995 ,Left ,-4 ,+2 ,+10 ,+3 ,+1 ,-4 ,-3 ,0 
36.7076038 ,Left ,+10 ,+2 ,0  ,-10 ,-1 ,-1 ,+1 ,+2
36.7158335 ,Left ,-4 ,-9 ,-14 ,-11 ,-2 ,+1 ,-1 ,-3
36.7158376 ,Left ,+1 ,-3 ,-11 ,+2 ,-1 ,0  ,0  ,+2
36.7308436 ,Left ,0  ,+6 ,+16 ,+17 ,+4 ,-2 ,-2 ,-4
36.7308482 ,Left ,-5 ,-2 ,-1 ,-12 ,-2 ,+1 ,-1 ,-10
36.7315268 ,Left ,0  ,-2 ,-6 ,+15 ,+2 ,+1 ,+7 ,+10
36.7315328 ,Left ,-2 ,+4 ,+2 ,-8 ,-4 ,+8 ,-1 ,0 
36.7539958 ,Left ,-3 ,-4 ,-2 ,-31 ,-6 ,-30 ,-15 ,-3
36.7540001 ,Left ,-4 ,-2 ,-1 ,+13 ,+2 ,+2 ,+15 ,0 
36.7546565 ,Left ,+1 ,-2 ,-1 ,0  ,0  ,+5 ,-2 ,-6
36.7546606 ,Left ,-3 ,-4 ,-3 ,+3 ,-3 ,-31 ,-9 ,0 
36.7676629 ,Left ,+3 ,+4 ,+2 ,-7 ,-4 ,+7 ,+3 ,0 
36.7676796 ,Left ,-5 ,-2 ,-5 ,+16 ,-3 ,-2 ,-6 ,-2
36.7755906 ,Left ,-3 ,-5 ,-4 ,-8 ,-2 ,+2 ,-2 ,-4
36.7755947 ,Left ,-3 ,0  ,+2 ,-13 ,0  ,+4 ,+2 ,-1
36.7905929 ,Left ,-3 ,-6 ,-4 ,+5 ,-4 ,+4 ,-4 ,-2
36.7905966 ,Left ,+1 ,-1 ,+6 ,+16 ,+2 ,-8 ,-3 ,0 
36.7913816 ,Left ,-4 ,+1 ,-7 ,-7 ,-3 ,-1 ,+2 ,0 
36.7913874 ,Left ,+7 ,-1 ,0  ,-1 ,-4 ,+11 ,0  ,0 
36.8140496 ,Left ,+5 ,+4 ,-6 ,-6 ,0  ,-1 ,-3 ,+2
36.8140542 ,Left ,-3 ,-6 ,+2 ,+12 ,+1 ,+2 ,-1 ,+1
36.8146537 ,Left ,+1 ,+3 ,+4 ,-6 ,0  ,-6 ,-3 ,+1
36.8146575 ,Left ,-1 ,-2 ,-1 ,-8 ,-3 ,0  ,-2 ,-4
36.8275525 ,Left ,0  ,-3 ,+2 ,-12 ,+4 ,+3 ,+3 ,0 
36.8275569 ,Left ,+1 ,0  ,+4 ,+28 ,-1 ,0  ,+1 ,0 
36.8358944 ,Left ,-3 ,-6 ,-10 ,-31 ,+2 ,+5 ,-1 ,-3
36.8358986 ,Left ,-2 ,+3 ,+7 ,+10 ,-5 ,-19 ,-7 ,-1
36.8588614 ,Left ,-2 ,-3 ,-4 ,+29 ,+7 ,+6 ,+3 ,-3
36.8588658 ,Left ,+1 ,+1 ,-5 ,-30 ,-2 ,-3 ,-2 ,+2
36.8597061 ,Left ,0  ,-3 ,-1 ,+8 ,+4 ,-3 ,-3 ,-4
36.8597103 ,Left ,-4 ,+2 ,+1 ,-4 ,+1 ,+7 ,-8 ,-2
36.8737604 ,Left ,-2 ,-2 ,+5 ,+13 ,+2 ,-1 ,+20 ,+3
36.8737644 ,Left ,+1 ,0  ,-11 ,-26 ,-5 ,-6 ,-1 ,0 
36.8746294 ,Left ,-1 ,-3 ,-1 ,+5 ,-4 ,+8 ,+1 ,0 
36.8746387 ,Left ,-2 ,-4 ,-3 ,+22 ,-3 ,-18 ,-1 ,-2
36.8875575 ,Left ,-4 ,-1 ,+4 ,+8 ,-6 ,-2 ,-25 ,-19
36.8875616 ,Left ,-6 ,-1 ,-6 ,-18 ,+12 ,+15 ,-4 ,+21
36.8956194 ,Left ,+12 ,+1 ,-3 ,-29 ,-27 ,-20 ,-20 ,0 
36.8956234 ,Left ,-6 ,-3 ,+2 ,+61 ,+46 ,+12 ,+56 ,0 
36.9107907 ,Left ,+1 ,-3 ,0  ,+1 ,-23 ,-11 ,-40 ,0 
36.9107935 ,Left ,-4 ,-1 ,-6 ,-32 ,+6 ,+9 ,-13 ,-3
36.9115294 ,Left ,-6 ,-3 ,+8 ,+50 ,-13 ,+21 ,-24 ,-7
36.9115324 ,Left ,+3 ,0  ,-4 ,-13 ,+7 ,-4 ,+7 ,+6
36.9336659 ,Left ,-1 ,+1 ,-4 ,-28 ,+2 ,+14 ,-7 ,-4
36.9336684 ,Left ,-1 ,0  ,+4 ,+40 ,-1 ,-10 ,-29 ,-5
36.9344664 ,Left ,-2 ,-2 ,0  ,-17 ,+7 ,0  ,+20 ,+6
36.9344688 ,Left ,0  ,-4 ,-5 ,-17 ,-28 ,+15 ,-11 ,-2
36.9563839 ,Left ,0  ,0  ,+3 ,-14 ,+22 ,+6 ,+41 ,+10
36.9563868 ,Left ,-4 ,-1 ,+8 ,-6 ,-4 ,-6 ,0  ,-10
36.9570809 ,Left ,-2 ,0  ,+2 ,+29 ,+5 ,-7 ,+8 ,-2
36.957084 ,Left ,-2 ,-3 ,-4 ,-15 ,-10 ,-9 ,-11 ,0 
36.9705826 ,Left ,+1 ,-1 ,-1 ,+2 ,-12 ,+2 ,0  ,+4
36.9705864 ,Left ,+7 ,+15 ,+13 ,-20 ,+9 ,+1 ,+5 ,0 
36.9712909 ,Left ,-3 ,-7 ,-6 ,-25 ,+12 ,-8 ,+3 ,-3
36.9712938 ,Left ,+4 ,+12 ,+21 ,-23 ,-11 ,+9 ,-5 ,-2
36.9938959 ,Left ,+2 ,+5 ,+26 ,+42 ,+4 ,-4 ,+2 ,+3
36.9939073 ,Left ,-1 ,-15 ,-21 ,-31 ,-9 ,-2 ,+15 ,-2
36.9947521 ,Left ,+4 ,+25 ,+25 ,+65 ,+16 ,+1 ,+4 ,+3
36.994755 ,Left ,0  ,-8 ,-26 ,-39 ,-29 ,+1 ,-11 ,+2
37.0162016 ,Left ,-1 ,+3 ,+18 ,+6 ,+4 ,-1 ,+4 ,-3
37.0162048 ,Left ,+1 ,-7 ,+3 ,+28 ,-1 ,-4 ,+3 ,-2
37.0169615 ,Left ,-1 ,-6 ,-16 ,-16 ,-3 ,+1 ,+2 ,+1
37.0169648 ,Left ,-2 ,0  ,+9 ,-23 ,+8 ,-4 ,-9 ,-5
37.0314761 ,Left ,-1 ,0  ,-9 ,-8 ,+30 ,-7 ,-1 ,-2
37.0314874 ,Left ,-1 ,-7 ,-34 ,-10 ,-14 ,-2 ,0  ,-4
37.0318134 ,Left ,-2 ,-6 ,+2 ,-18 ,-6 ,-3 ,-4 ,-2
37.0318247 ,Left ,-1 ,+4 ,+6 ,+30 ,+7 ,+11 ,0  ,-2
37.0544405 ,Left ,-4 ,-10 ,-6 ,-16 ,-18 ,-9 ,-4 ,-2
37.0544533 ,Left ,+1 ,+2 ,+6 ,+13 ,+2 ,0  ,+8 ,+1
37.0551754 ,Left ,-8 ,-1 ,-8 ,-6 ,-4 ,+13 ,-1 ,-3
37.055187 ,Left ,+2 ,-4 ,-13 ,-23 ,+30 ,-5 ,-10 ,+8
37.0765271 ,Left ,0  ,+3 ,-4 ,+13 ,-15 ,+13 ,-20 ,0 
37.0765326 ,Left ,+5 ,-1 ,+1 ,+13 ,0  ,-12 ,+58 ,-15
37.0771528 ,Left ,+2 ,-2 ,-3 ,-11 ,-2 ,-10 ,-63 ,+20
37.0771568 ,Left ,-3 ,+3 ,+5 ,+1 ,+9 ,+3 ,+82 ,+6
37.0908014 ,Left ,+1 ,-4 ,-6 ,+30 ,+12 ,+23 ,-29 ,+7
37.0908051 ,Left ,+4 ,+1 ,-3 ,-21 ,-26 ,-20 ,-50 ,-3
37.0913525 ,Left ,-7 ,-5 ,+1 ,+11 ,+56 ,+32 ,+28 ,0 
37.0913561 ,Left ,+6 ,-1 ,-8 ,-17 ,-50 ,-37 ,-14 ,-7
37.1139623 ,Left ,-1 ,+1 ,+6 ,+23 ,0  ,-11 ,+10 ,+7
37.1139663 ,Left ,-6 ,-3 ,-2 ,+8 ,+2 ,+26 ,+33 ,+2
37.1147699 ,Left ,-1 ,-4 ,-4 ,-16 ,-12 ,-15 ,-10 ,-11
37.1147737 ,Left ,-4 ,-4 ,-8 ,+3 ,-2 ,-2 ,-35 ,+1
37.1362372 ,Left ,-3 ,-2 ,-8 ,-13 ,-10 ,-7 ,+18 ,-11
37.136241 ,Left ,+2 ,+5 ,+10 ,-3 ,+1 ,-2 ,+1 ,+8
37.1372799 ,Left ,-2 ,-3 ,-5 ,-8 ,-8 ,+1 ,+11 ,-3
37.1372837 ,Left ,-7 ,-8 ,-3 ,+10 ,+10 ,0  ,+1 ,-12
37.1508077 ,Left ,0  ,-1 ,-10 ,-39 ,-11 ,-5 ,-3 ,-3
37.1508114 ,Left ,-5 ,-4 ,+3 ,+40 ,+10 ,+4 ,-2 ,+2
37.151566 ,Left ,-1 ,+2 ,+5 ,+19 ,-9 ,-9 ,+6 ,-5
37.151576 ,Left ,+1 ,+1 ,+6 ,+7 ,-4 ,+6 ,-17 ,-1
37.1737861 ,Left ,-4 ,-8 ,-16 ,-26 ,+6 ,-9 ,+12 ,-2
37.17379 ,Left ,-1 ,+9 ,-1 ,-28 ,-5 ,-2 ,-19 ,+1
37.1746418 ,Left ,-2 ,-7 ,-7 ,+54 ,-15 ,-11 ,+10 ,-2
37.1746455 ,Left ,-3 ,-2 ,+8 ,+31 ,+26 ,0  ,-5 ,-5
37.1962065 ,Left ,-4 ,-5 ,-3 ,0  ,+1 ,+2 ,+3 ,-3
37.1962095 ,Left ,-2 ,+2 ,+31 ,+18 ,-7 ,+2 ,+3 ,-1
37.1969572 ,Left ,-3 ,-11 ,-66 ,-70 ,-6 ,-6 ,+1 ,-4
37.1969596 ,Left ,+3 ,+10 ,+11 ,-1 ,+1 ,+6 ,-2 ,+1
37.2119149 ,Left ,-1 ,-2 ,-3 ,+10 ,-44 ,-9 ,-1 ,-3
37.2119176 ,Left ,-5 ,-6 ,+5 ,+1 ,+9 ,+2 ,-10 ,-3
37.2126701 ,Left ,-1 ,0  ,+28 ,+1 ,-2 ,-7 ,+5 ,-2
37.2126726 ,Left ,+1 ,-1 ,+1 ,+9 ,0  ,+2 ,-9 ,-1
37.2333402 ,Left ,+1 ,+7 ,+19 ,+26 ,+15 ,+2 ,+7 ,0 
37.2333431 ,Left ,-3 ,-14 ,-44 ,-34 ,-20 ,-3 ,-3 ,-3
37.2338638 ,Left ,0  ,0  ,-43 ,-50 ,-8 ,-1 ,0  ,+1
37.2338665 ,Left ,-2 ,-4 ,-14 ,-9 ,+2 ,+11 ,+12 ,-3
37.2569394 ,Left ,+2 ,+5 ,+15 ,+4 ,+2 ,-6 ,-3 ,+1
37.2569506 ,Left ,-2 ,-4 ,+18 ,+25 ,-27 ,0  ,-3 ,-1
37.2575692 ,Left ,+3 ,+3 ,-10 ,-9 ,-10 ,-3 ,+9 ,0 
37.2577336 ,Left ,-4 ,-2 ,+8 ,+53 ,-4 ,+18 ,-17 ,-3
37.2710767 ,Left ,-5 ,-5 ,-12 ,-8 ,+8 ,-1 ,-11 ,-3
37.2710875 ,Left ,-1 ,+1 ,+7 ,+4 ,+8 ,-21 ,+7 ,+2
37.2717501 ,Left ,+1 ,0  ,+9 ,-31 ,-4 ,-16 ,-31 ,-2
37.2717613 ,Left ,-1 ,0  ,-2 ,+5 ,-7 ,-4 ,+21 ,-15
37.293272 ,Left ,0  ,+2 ,-1 ,-4 ,-4 ,+8 ,+49 ,+17
37.2932839 ,Left ,-3 ,-2 ,-17 ,-9 ,+18 ,+3 ,0  ,-4
37.2938431 ,Left ,+1 ,0  ,+23 ,+10 ,+3 ,+6 ,+9 ,+3
37.2938458 ,Left ,-2 ,-3 ,-14 ,-46 ,-1 ,-15 ,+13 ,-1
37.316533 ,Left ,-1 ,-3 ,-1 ,+4 ,+6 ,-9 ,-4 ,-7
37.3165359 ,Left ,0  ,+2 ,-3 ,-10 ,+7 ,-2 ,-1 ,-1
37.3170749 ,Left ,+3 ,+1 ,+16 ,+17 ,+6 ,+10 ,+4 ,+7
37.3170776 ,Left ,-3 ,-7 ,-5 ,-4 ,-19 ,0  ,-1 ,-1
37.3307712 ,Left ,+1 ,-2 ,-12 ,-30 ,-6 ,+1 ,-5 ,-1
37.3307743 ,Left ,+1 ,0  ,+2 ,+7 ,+31 ,+2 ,-10 ,0 
37.3315216 ,Left ,-3 ,-2 ,+12 ,+27 ,-18 ,-1 ,+3 ,-9
37.3315245 ,Left ,+2 ,+7 ,-1 ,-7 ,+7 ,-7 ,-8 ,+7
37.3530616 ,Left ,-1 ,-2 ,-2 ,-5 ,+3 ,-8 ,-10 ,-3
37.3530641 ,Left ,-3 ,+2 ,-1 ,-18 ,-11 ,+5 ,-10 ,-2
37.3538563 ,Left ,-1 ,-2 ,+2 ,+13 ,+28 ,+1 ,+3 ,-3
37.3538587 ,Left ,+1 ,-4 ,+4 ,+25 ,-5 ,-4 ,-5 ,+1
37.3762157 ,Left ,0  ,0  ,-3 ,-14 ,-10 ,-3 ,-7 ,-4
37.3762184 ,Left ,0  ,-1 ,+13 ,+13 ,-9 ,+2 ,+4 ,+1
37.3772199 ,Left ,-1 ,0  ,-27 ,-19 ,0  ,-2 ,+4 ,-2
37.3772253 ,Left ,-1 ,-1 ,-5 ,-26 ,-3 ,0  ,-10 ,+1
37.3987027 ,Left ,+1 ,+3 ,+17 ,+8 ,+8 ,+3 ,-1 ,-4
37.3987056 ,Left ,0  ,-7 ,-10 ,-19 ,-8 ,-4 ,-4 ,0 
37.3997539 ,Left ,-1 ,-2 ,+7 ,+13 ,-2 ,-6 ,-1 ,-2
37.3997569 ,Left ,-1 ,+5 ,+9 ,-2 ,+6 ,+1 ,-8 ,-1
37.4131042 ,Left ,-2 ,-4 ,+1 ,-3 ,-2 ,+1 ,-1 ,0 
37.4131073 ,Left ,-3 ,-1 ,-9 ,+33 ,+4 ,0  ,+2 ,-1
37.4140426 ,Left ,-1 ,-2 ,+8 ,-13 ,-10 ,-6 ,-2 ,0 
37.4140456 ,Left ,0  ,+1 ,-12 ,-37 ,-51 ,-5 ,-3 ,-1
37.4364204 ,Left ,-1 ,-3 ,+2 ,+16 ,+33 ,+3 ,-1 ,-1
37.4364235 ,Left ,-1 ,0  ,0  ,+7 ,-1 ,+4 ,-2 ,0 
37.4372541 ,Left ,-1 ,-1 ,+4 ,+5 ,+7 ,+6 ,-1 ,-1
37.4372575 ,Left ,-2 ,-2 ,+2 ,+9 ,+9 ,-6 ,-7 ,-2
37.4589029 ,Left ,0  ,+1 ,-6 ,-28 ,-8 ,+7 ,-2 ,-2
37.4589068 ,Left ,0  ,-1 ,-8 ,-20 ,-5 ,-25 ,-7 ,-1
37.4597712 ,Left ,-2 ,+1 ,+10 ,+20 ,+4 ,+4 ,-3 ,0 
37.4597754 ,Left ,-1 ,-5 ,-7 ,-23 ,+9 ,+10 ,+3 ,0 
37.4734564 ,Left ,-1 ,-2 ,-8 ,-4 ,-12 ,-7 ,-1 ,-2
37.4735123 ,Left ,+1 ,-1 ,-4 ,+1 ,+8 ,+14 ,+7 ,0 
37.4739195 ,Left ,-1 ,+2 ,+8 ,+7 ,-6 ,-6 ,-4 ,-3
37.4739237 ,Left ,-2 ,-2 ,-3 ,-12 ,+1 ,-3 ,-3 ,-1
37.4964938 ,Left ,-1 ,0  ,-1 ,+38 ,0  ,0  ,-3 ,-1
37.4964981 ,Left ,-1 ,-2 ,-4 ,-3 ,-5 ,0  ,-3 ,-2
37.4971704 ,Left ,-2 ,0  ,+3 ,-14 ,-3 ,-4 ,-1 ,-2
37.4971743 ,Left ,+2 ,+3 ,+5 ,+44 ,+7 ,+1 ,0  ,+1
37.5105006 ,Left ,-2 ,-3 ,-7 ,-15 ,-3 ,-4 ,-5 ,-2
37.5106122 ,Left ,-2 ,-2 ,0  ,-13 ,0  ,+2 ,+2 ,+2
37.5113116 ,Left ,0  ,-2 ,-2 ,-1 ,-4 ,-2 ,+1 ,-1
37.5113257 ,Left ,-1 ,-2 ,-4 ,-10 ,+8 ,-3 ,-1 ,0 
37.5333231 ,Left ,0  ,-3 ,-1 ,+23 ,-4 ,-2 ,0  ,-2
37.5333274 ,Left ,0  ,+6 ,+11 ,+25 ,+2 ,+1 ,-2 ,-1
37.5339268 ,Left ,-4 ,-7 ,-10 ,-31 ,-5 ,-2 ,0  ,-2
37.5339312 ,Left ,-2 ,-2 ,+3 ,+1 ,+1 ,-3 ,-3 ,-2
37.5563022 ,Left ,+2 ,+5 ,+15 ,+6 ,-1 ,0  ,-1 ,0 
37.5563068 ,Left ,-1 ,+1 ,-14 ,-23 ,-1 ,+2 ,-2 ,0 
37.557065 ,Left ,0  ,-3 ,-5 ,+13 ,+1 ,-2 ,0  ,0 
37.5570694 ,Left ,+1 ,-2 ,+6 ,+11 ,0  ,-3 ,0  ,-1
37.5706985 ,Left ,-3 ,-4 ,-5 ,-38 ,-7 ,-4 ,-3 ,-3
37.5707032 ,Left ,0  ,-2 ,+2 ,+1 ,+4 ,+3 ,+1 ,-1
37.5783855 ,Left ,-2 ,+1 ,-5 ,+17 ,+1 ,0  ,+2 ,+1
37.5783905 ,Left ,-2 ,-5 ,-8 ,-21 ,-4 ,-4 ,-1 ,-1
37.5933743 ,Left ,-1 ,-5 ,+5 ,+23 ,+3 ,-1 ,-2 ,-1
37.593379 ,Left ,0  ,-2 ,-2 ,-15 ,-5 ,-2 ,-5 ,-3
37.5940166 ,Left ,+1 ,+3 ,-6 ,-5 ,0  ,-2 ,0  ,0 
37.594021 ,Left ,-2 ,-2 ,+3 ,0  ,+1 ,0  ,-2 ,+1
37.6178153 ,Left ,-1 ,+2 ,+4 ,+28 ,+2 ,-1 ,0  ,-1
37.6178202 ,Left ,-1 ,-4 ,-9 ,-51 ,-12 ,-1 ,-1 ,-2
37.6184611 ,Left ,0  ,+3 ,+7 ,+22 ,+2 ,-1 ,-1 ,-2
37.6184718 ,Left ,+1 ,-2 ,-4 ,-9 ,-2 ,+1 ,-2 ,-1
37.6298994 ,Left ,0  ,+1 ,-7 ,-9 ,-3 ,-1 ,0  ,+1
37.6299018 ,Left ,-3 ,-2 ,+4 ,+9 ,+2 ,+6 ,+1 ,+1
37.6379695 ,Left ,0  ,-2 ,+2 ,-7 ,-1 ,-9 ,-2 ,-1
37.6379718 ,Left ,-2 ,-1 ,-1 ,0  ,+1 ,+2 ,-2 ,-1
37.6531009 ,Left ,-1 ,0  ,-7 ,-13 ,-2 ,-1 ,-1 ,-2
37.6531036 ,Left ,0  ,-1 ,+2 ,+1 ,+1 ,+2 ,0  ,+1
37.6540426 ,Left ,-4 ,-3 ,-1 ,-7 ,0  ,+1 ,-1 ,0 
37.6540455 ,Left ,0  ,0  ,+1 ,+18 ,-4 ,-5 ,-2 ,0 
37.6763089 ,Left ,-3 ,-6 ,-13 ,-11 ,+13 ,+2 ,-3 ,-2
37.6763122 ,Left ,-1 ,+2 ,+3 ,+28 ,-6 ,-6 ,-2 ,-2
37.6772811 ,Left ,+1 ,+1 ,+5 ,-22 ,+2 ,+1 ,-1 ,0 
37.677285 ,Left ,-2 ,0  ,+3 ,0  ,-1 ,-2 ,-2 ,-2
37.6902191 ,Left ,-4 ,-8 ,-14 ,-10 ,-2 ,-1 ,+1 ,0 
37.6902234 ,Left ,-1 ,-2 ,+5 ,+9 ,-2 ,-3 ,-3 ,-1
37.6981939 ,Left ,0  ,+3 ,+14 ,-12 ,+3 ,0  ,0  ,-1
37.6981982 ,Left ,0  ,-5 ,-10 ,-27 ,0  ,+1 ,-1 ,0 
37.7131258 ,Left ,0  ,+2 ,+1 ,-12 ,-11 ,-3 ,-1 ,+1
37.7132275 ,Left ,-1 ,-2 ,-4 ,+23 ,+1 ,-3 ,-1 ,-1
37.7139068 ,Left ,-1 ,-3 ,-4 ,-4 ,-4 ,-1 ,-1 ,-2
37.7139105 ,Left ,-1 ,+2 ,+7 ,+11 ,+3 ,-1 ,-1 ,-2
37.7363927 ,Left ,-3 ,-2 ,-7 ,-11 ,-3 ,+1 ,0  ,-1
37.7363968 ,Left ,-1 ,+1 ,-1 ,-6 ,+2 ,-2 ,-1 ,0 
37.7371173 ,Left ,-2 ,-1 ,0  ,+20 ,-3 ,0  ,-5 ,0 
37.7371316 ,Left ,0  ,-1 ,-7 ,-11 ,-3 ,-2 ,+10 ,-2
37.7502263 ,Left ,+3 ,+5 ,+7 ,+2 ,-2 ,0  ,-1 ,+1
37.7502308 ,Left ,-1 ,-6 ,-2 ,+30 ,+1 ,-1 ,-3 ,-3
37.758258 ,Left ,0  ,-1 ,-3 ,-3 ,-5 ,+1 ,-1 ,-1
37.7582635 ,Left ,-1 ,-2 ,+1 ,+28 ,+5 ,-2 ,-6 ,0 
37.7731919 ,Left ,0  ,0  ,-1 ,-33 ,-4 ,-3 ,0  ,-1
37.7731969 ,Left ,-3 ,+1 ,-1 ,-11 ,0  ,0  ,+2 ,-2
37.7740536 ,Left ,-3 ,-2 ,-3 ,+19 ,-2 ,-2 ,-3 ,-1
37.7740591 ,Left ,-1 ,0  ,-2 ,+7 ,+1 ,+7 ,-1 ,+2
37.7962942 ,Left ,-1 ,-1 ,+1 ,+13 ,-11 ,-21 ,-5 ,0 
37.7962997 ,Left ,+2 ,+6 ,+1 ,-12 ,-1 ,-3 ,0  ,+1
37.7969554 ,Left ,-1 ,-3 ,0  ,+10 ,-2 ,-1 ,+1 ,-3
37.7969606 ,Left ,-1 ,-1 ,-2 ,-19 ,+1 ,0  ,-2 ,-1
37.8100825 ,Left ,0  ,+1 ,+3 ,+13 ,+7 ,+6 ,+1 ,0 
37.8100878 ,Left ,-3 ,-9 ,-7 ,+11 ,+7 ,-2 ,-1 ,-2
37.8181685 ,Left ,-2 ,-3 ,-4 ,-29 ,-9 ,-3 ,-1 ,-1
37.8181733 ,Left ,+1 ,0  ,0  ,-3 ,-4 ,-2 ,-1 ,0 
37.8335037 ,Left ,-2 ,-5 ,+5 ,+6 ,+1 ,+2 ,-2 ,-1
37.8335124 ,Left ,0  ,+2 ,0  ,-20 ,+2 ,0  ,+1 ,0 
37.8339596 ,Left ,0  ,+3 ,+3 ,+38 ,+4 ,+3 ,+1 ,+1
37.8339645 ,Left ,-1 ,-2 ,-3 ,-10 ,-5 ,-3 ,-3 ,0 
37.8565597 ,Left ,0  ,0  ,-3 ,+1 ,+3 ,+1 ,0  ,+1
37.8565654 ,Left ,0  ,+1 ,+2 ,-29 ,-7 ,-1 ,-1 ,-1
37.8572752 ,Left ,+1 ,+4 ,-1 ,-24 ,-2 ,-1 ,-1 ,0 
37.857282 ,Left ,-3 ,-4 ,+3 ,+33 ,+1 ,-5 ,-3 ,-3
37.870188 ,Left ,-4 ,-5 ,-5 ,+6 ,-3 ,+4 ,+1 ,-2
37.8701935 ,Left ,-2 ,-1 ,+4 ,0  ,+21 ,+2 ,+1 ,+2
37.8784057 ,Left ,+2 ,-1 ,-4 ,-27 ,-42 ,-6 ,-1 ,-1
37.8784113 ,Left ,-2 ,-1 ,+2 ,+25 ,+16 ,0  ,-4 ,-2
37.8931457 ,Left ,-1 ,-1 ,-8 ,-43 ,+4 ,+8 ,-1 ,0 
37.8931507 ,Left ,-3 ,-4 ,0  ,+22 ,-25 ,-15 ,-5 ,-1
37.8939225 ,Left ,-1 ,+2 ,-1 ,+3 ,+18 ,+11 ,+13 ,-3
37.8939276 ,Left ,+1 ,+2 ,-3 ,-17 ,-7 ,-25 ,-7 ,0 
37.9165698 ,Left ,-1 ,-1 ,-1 ,+7 ,-6 ,+9 ,0  ,-1
37.9165751 ,Left ,-2 ,0  ,-4 ,-15 ,+5 ,0  ,-3 ,-1
37.9170662 ,Left ,-2 ,0  ,-3 ,+7 ,-22 ,-6 ,-1 ,+1
37.9170711 ,Left ,-1 ,-4 ,+2 ,-5 ,-9 ,+11 ,+1 ,0 
37.9389929 ,Left ,0  ,+1 ,+3 ,+6 ,+4 ,-2 ,-2 ,0 
37.9389974 ,Left ,-1 ,-1 ,+1 ,+7 ,-1 ,-1 ,-1 ,+2
37.9398123 ,Left ,-2 ,-3 ,-1 ,+10 ,+12 ,+2 ,-11 ,-3
37.9398171 ,Left ,-2 ,0  ,+1 ,+9 ,+10 ,+4 ,0  ,-1
37.9536039 ,Left ,+1 ,+1 ,0  ,+13 ,-10 ,-6 ,-2 ,0 
37.9536083 ,Left ,+3 ,+1 ,0  ,-14 ,-8 ,+3 ,0  ,-1
37.9545943 ,Left ,-2 ,-5 ,0  ,+2 ,+13 ,-1 ,0  ,-2
37.9546095 ,Left ,-3 ,-1 ,-4 ,-7 ,-10 ,0  ,0  ,-1
37.9762742 ,Left ,+1 ,-3 ,+1 ,+8 ,+2 ,-3 ,+1 ,-1
37.9762786 ,Left ,0  ,+1 ,+1 ,-7 ,+1 ,0  ,+2 ,-1
37.9770548 ,Left ,-1 ,-4 ,-5 ,+4 ,-2 ,-4 ,-4 ,-1
37.9770589 ,Left ,+1 ,+2 ,0  ,+1 ,+1 ,-1 ,-2 ,0 
37.9989137 ,Left ,-1 ,-2 ,-2 ,+12 ,+7 ,+9 ,+4 ,0 
37.9989183 ,Left ,-3 ,-4 ,-5 ,-14 ,-14 ,-5 ,-6 ,-2
37.9996906 ,Left ,0  ,-1 ,+3 ,-6 ,-8 ,-3 ,+1 ,-1
37.9996948 ,Left ,-1 ,0  ,-1 ,+4 ,+10 ,+5 ,+1 ,0 
38.013075 ,Left ,-2 ,-2 ,0  ,-1 ,+13 ,-5 ,-3 ,-3
38.0130779 ,Left ,+2 ,+4 ,-6 ,-14 ,-5 ,+7 ,0  ,-1
38.013997 ,Left ,-3 ,-3 ,+1 ,-11 ,+6 ,-3 ,-1 ,0 
38.0140001 ,Left ,-1 ,+1 ,+4 ,+15 ,-5 ,-2 ,+1 ,-1
38.0363775 ,Left ,-1 ,+1 ,-4 ,-51 ,-12 ,-1 ,0  ,0 
38.0363803 ,Left ,-3 ,-2 ,-2 ,+9 ,0  ,0  ,0  ,-1
38.0370759 ,Left ,+1 ,-2 ,-4 ,+7 ,+7 ,0  ,0  ,+1
38.0370788 ,Left ,-2 ,-1 ,-2 ,+5 ,-1 ,-1 ,-1 ,-1
38.0589836 ,Left ,-1 ,-3 ,+1 ,+19 ,-7 ,-2 ,0  ,-1
38.0589866 ,Left ,0  ,-2 ,-2 ,-12 ,+1 ,0  ,0  ,-2
38.0596701 ,Left ,-2 ,-1 ,-2 ,-5 ,-4 ,-2 ,-1 ,-2
38.0596726 ,Left ,-1 ,-2 ,-1 ,-14 ,-7 ,0  ,-2 ,-1
38.0732839 ,Left ,-3 ,0  ,+1 ,+8 ,-2 ,-3 ,-3 ,-1
38.0732868 ,Left ,-2 ,-3 ,+1 ,+3 ,+1 ,0  ,-3 ,-5
38.0739194 ,Left ,0  ,+1 ,+1 ,+3 ,+5 ,+2 ,-3 ,0 
38.0739222 ,Left ,0  ,0  ,-4 ,-43 ,+3 ,+1 ,+2 ,+1
38.0964079 ,Left ,+1 ,+1 ,0  ,+36 ,0  ,-3 ,-6 ,-1
38.096412 ,Left ,+1 ,+1 ,+5 ,+20 ,+17 ,0  ,+1 ,-1
38.097337 ,Left ,0  ,-2 ,0  ,-24 ,-1 ,-1 ,-1 ,-1
38.0973419 ,Left ,-3 ,0  ,+3 ,+8 ,-1 ,-1 ,-4 ,-1
38.1190441 ,Left ,-1 ,0  ,-2 ,-4 ,-9 ,-1 ,0  ,+1
38.1190487 ,Left ,-2 ,-5 ,+1 ,+32 ,0  ,0  ,+1 ,-1
38.1197595 ,Left ,0  ,+2 ,-8 ,-50 ,-4 ,-2 ,-1 ,-1
38.1197642 ,Left ,-1 ,-2 ,+2 ,+1 ,-4 ,-2 ,+1 ,-2
38.1331468 ,Left ,-1 ,-1 ,-3 ,-4 ,+2 ,-1 ,-1 ,-2
38.1331511 ,Left ,-3 ,-6 ,-3 ,+5 ,-6 ,+1 ,0  ,-2
38.133877 ,Left ,+1 ,+3 ,+9 ,+19 ,0  ,0  ,-2 ,0 
38.1339544 ,Left ,+2 ,-2 ,-6 ,0  ,-3 ,0  ,0  ,-1
38.1563666 ,Left ,0  ,+3 ,+2 ,-4 ,-5 ,-3 ,-2 ,-2
38.1563712 ,Left ,-2 ,-3 ,-1 ,+3 ,+14 ,+4 ,-1 ,+1
38.157222 ,Left ,-1 ,-4 ,0  ,-5 ,-9 ,-1 ,-1 ,-1
38.1572266 ,Left ,0  ,-2 ,-3 ,+3 ,+4 ,-1 ,-1 ,-1
38.1789075 ,Left ,+2 ,+1 ,-1 ,-31 ,-4 ,+6 ,+3 ,0 
38.1789121 ,Left ,-4 ,-2 ,-2 ,+2 ,+5 ,-8 ,-4 ,-2
38.179606 ,Left ,-2 ,-3 ,-3 ,+30 ,+2 ,+2 ,-2 ,-1
38.1796277 ,Left ,-1 ,-4 ,+8 ,+62 ,+1 ,-5 ,-3 ,-3
38.1933872 ,Left ,-1 ,-4 ,-6 ,-30 ,+5 ,-3 ,-3 ,+1
38.1933919 ,Left ,0  ,+1 ,-6 ,-24 ,-15 ,+2 ,+1 ,0 
38.1939837 ,Left ,0  ,-1 ,-4 ,-4 ,+1 ,-3 ,0  ,0 
38.193988 ,Left ,0  ,-2 ,-4 ,-3 ,0  ,+1 ,-4 ,-1
38.2163995 ,Left ,0  ,-3 ,+1 ,+13 ,-3 ,+1 ,+2 ,0 
38.216404 ,Left ,-1 ,+2 ,+2 ,-5 ,-16 ,-2 ,-1 ,+2
38.2170358 ,Left ,-4 ,-4 ,-1 ,+15 ,-2 ,-4 ,-1 ,-2
38.21704 ,Left ,0  ,+1 ,-4 ,-17 ,0  ,-1 ,+1 ,+1
38.2387942 ,Left ,0  ,+2 ,+7 ,+8 ,+6 ,-2 ,-2 ,-1
38.2387987 ,Left ,-1 ,-2 ,-4 ,-1 ,+3 ,+2 ,-2 ,-1
38.2395966 ,Left ,0  ,-4 ,-6 ,-13 ,-3 ,-1 ,0  ,-1
38.2396012 ,Left ,-1 ,-1 ,+1 ,+14 ,+13 ,+1 ,0  ,-1
38.2533277 ,Left ,-3 ,-2 ,-4 ,-7 ,-56 ,-6 ,-3 ,-2
38.2533431 ,Left ,-2 ,-6 ,0  ,+12 ,+4 ,-2 ,-1 ,-1
38.2538615 ,Left ,+1 ,+8 ,+1 ,-24 ,+12 ,+4 ,+1 ,+2
38.2538657 ,Left ,+1 ,-1 ,+1 ,+49 ,+1 ,0  ,0  ,0 
38.2766904 ,Left ,-1 ,-2 ,+1 ,+26 ,+5 ,-4 ,-2 ,-2
38.2766954 ,Left ,-1 ,-4 ,-4 ,-26 ,-11 ,-2 ,+1 ,-2
38.2770865 ,Left ,-3 ,-3 ,-3 ,0  ,-6 ,-2 ,-3 ,-2
38.277091 ,Left ,-1 ,-1 ,-10 ,-36 ,-1 ,0  ,0  ,0 
38.2990529 ,Left ,0  ,+4 ,+10 ,+18 ,+3 ,-1 ,+1 ,+1
38.2990582 ,Left ,-2 ,-3 ,-3 ,-5 ,-8 ,-1 ,-2 ,0 
38.2997557 ,Left ,-1 ,+1 ,+4 ,+12 ,+9 ,0  ,0  ,-1
38.2998298 ,Left ,-1 ,-1 ,-2 ,-26 ,-6 ,0  ,-1 ,-1
38.313134 ,Left ,-2 ,-3 ,-1 ,+11 ,+11 ,0  ,-2 ,-3
38.3131382 ,Left ,0  ,0  ,-3 ,-33 ,+4 ,0  ,0  ,-1
38.3139402 ,Left ,-3 ,-5 ,-1 ,+15 ,-4 ,-4 ,-1 ,0 
38.3139444 ,Left ,0  ,0  ,0  ,-22 ,-15 ,-1 ,0  ,-1
38.3365137 ,Left ,-1 ,-3 ,-4 ,-5 ,+10 ,-1 ,-1 ,-1
38.3365181 ,Left ,-1 ,+3 ,+2 ,+8 ,-23 ,0  ,-2 ,-1
38.3372481 ,Left ,-2 ,-1 ,-2 ,+6 ,+7 ,-3 ,0  ,-3
38.3372524 ,Left ,-1 ,0  ,-2 ,-12 ,-1 ,-1 ,0  ,-1
38.3589875 ,Left ,+2 ,-1 ,0  ,+4 ,+6 ,0  ,0  ,-2
38.3589924 ,Left ,-1 ,0  ,+2 ,+9 ,+9 ,-1 ,-2 ,0 
38.3598262 ,Left ,+2 ,+2 ,-1 ,+14 ,-6 ,0  ,-3 ,-2
38.359831 ,Left ,-1 ,-2 ,-4 ,-20 ,-4 ,+1 ,-2 ,-1
38.3732186 ,Left ,-3 ,-1 ,+2 ,-3 ,+5 ,-2 ,-1 ,-3
38.373224 ,Left ,-1 ,-3 ,+2 ,+11 ,+5 ,0  ,0  ,0 
38.3741643 ,Left ,+1 ,+4 ,+4 ,+7 ,-1 ,-2 ,0  ,0 
38.3741691 ,Left ,-2 ,-1 ,-5 ,-28 ,-10 ,-1 ,0  ,-1
38.396387 ,Left ,-1 ,-4 ,-9 ,+7 ,+18 ,0  ,-3 ,0 
38.3963915 ,Left ,-3 ,-6 ,0  ,+5 ,-3 ,+4 ,+1 ,-2
38.397247 ,Left ,+2 ,0  ,-4 ,+2 ,+3 ,-6 ,-2 ,-1
38.3972624 ,Left ,0  ,-1 ,+2 ,-9 ,-13 ,-2 ,-1 ,0 
38.4188872 ,Left ,-2 ,-2 ,-3 ,-9 ,+10 ,+2 ,-2 ,0 
38.4188918 ,Left ,-4 ,-1 ,-2 ,-1 ,-40 ,-7 ,-3 ,-3
38.4196027 ,Left ,-2 ,-5 ,-5 ,-28 ,-3 ,+3 ,+1 ,-2
38.419607 ,Left ,-3 ,-2 ,-6 ,-24 ,+27 ,-2 ,-3 ,-2
38.4332738 ,Left ,0  ,-1 ,+3 ,+25 ,-5 ,-4 ,-2 ,-2
38.4332783 ,Left ,+4 ,+1 ,-2 ,0  ,+13 ,+4 ,0  ,+1
38.4340465 ,Left ,-1 ,0  ,+3 ,+7 ,-5 ,0  ,-2 ,-1
38.4340514 ,Left ,-1 ,0  ,+2 ,+6 ,-14 ,-3 ,0  ,-1
38.4566125 ,Left ,-2 ,-1 ,-3 ,-21 ,0  ,+1 ,-9 ,-2
38.4566175 ,Left ,0  ,0  ,-5 ,-25 ,+12 ,-3 ,+21 ,-2
38.4579392 ,Left ,-1 ,-6 ,+1 ,+44 ,-4 ,-4 ,-2 ,-3
38.4579442 ,Left ,-1 ,-3 ,+1 ,+10 ,0  ,-3 ,-3 ,-3
38.4790544 ,Left ,0  ,+2 ,-5 ,-16 ,+3 ,-1 ,-1 ,-1
38.4790592 ,Left ,+1 ,+1 ,+4 ,+7 ,+2 ,-1 ,-5 ,+1
38.4804859 ,Left ,-2 ,-3 ,-4 ,-18 ,0  ,0  ,-1 ,0 
38.4804903 ,Left ,+1 ,-3 ,-1 ,+2 ,+3 ,0  ,+1 ,0 
38.4925077 ,Left ,+2 ,+2 ,+6 ,+14 ,-7 ,-3 ,+3 ,0 
38.4925176 ,Left ,-2 ,-1 ,0  ,+7 ,+4 ,-2 ,-5 ,-2
38.5014988 ,Left ,-1 ,-3 ,-3 ,-24 ,-3 ,+1 ,+1 ,0 
38.5015033 ,Left ,-1 ,+1 ,+4 ,+16 ,+2 ,-2 ,-5 ,-1
38.5162579 ,Left ,-1 ,-1 ,-6 ,-23 ,-8 ,0  ,+2 ,+2
38.5162626 ,Left ,0  ,0  ,0  ,+23 ,+10 ,-3 ,-5 ,-2
38.5179271 ,Left ,-1 ,0  ,+2 ,-5 ,-32 ,-2 ,-1 ,0 
38.5179313 ,Left ,-1 ,-2 ,0  ,+10 ,+1 ,0  ,+2 ,-2
38.5389316 ,Left ,0  ,-2 ,-2 ,-14 ,-1 ,-4 ,+1 ,-2
38.5389364 ,Left ,0  ,0  ,+1 ,+2 ,-4 ,0  ,-4 ,-1
38.5403524 ,Left ,0  ,-2 ,-1 ,+13 ,+12 ,+2 ,-3 ,-3
38.5403568 ,Left ,-3 ,-2 ,-4 ,+1 ,-8 ,-1 ,-2 ,0 
38.5524474 ,Left ,-4 ,-4 ,-2 ,+6 ,-5 ,+1 ,+1 ,-1
38.5524517 ,Left ,-1 ,+1 ,-1 ,-3 ,+7 ,+6 ,-2 ,+2
38.5615186 ,Left ,-2 ,-2 ,-4 ,-5 ,-3 ,-17 ,-5 ,0 
38.561523 ,Left ,0  ,-4 ,0  ,-5 ,+4 ,+3 ,0  ,-1
38.5765009 ,Left ,+2 ,+3 ,+6 ,+5 ,+4 ,-2 ,-3 ,0 
38.5765055 ,Left ,+1 ,+1 ,-3 ,-12 ,-5 ,+1 ,-1 ,-1
38.5779853 ,Left ,-2 ,-1 ,-2 ,-14 ,+3 ,+5 ,+1 ,-2
38.5779898 ,Left ,0  ,-2 ,-2 ,+18 ,-2 ,-2 ,0  ,-2
38.5988256 ,Left ,-4 ,-4 ,-4 ,-17 ,-8 ,-1 ,0  ,0 
38.5988301 ,Left ,0  ,-2 ,-1 ,+19 ,+2 ,-4 ,-3 ,0 
38.6004081 ,Left ,-1 ,-2 ,-8 ,-43 ,-9 ,+1 ,+1 ,-2
38.6004125 ,Left ,-1 ,+1 ,+2 ,+12 ,+3 ,-2 ,-2 ,-3
38.6127173 ,Left ,0  ,-2 ,-2 ,-12 ,+7 ,+1 ,+1 ,-2
38.6127218 ,Left ,-1 ,0  ,+1 ,-20 ,-32 ,-5 ,0  ,-1
38.6215304 ,Left ,-1 ,+1 ,+1 ,+28 ,+9 ,+2 ,-2 ,-1
38.6215351 ,Left ,-1 ,-4 ,-3 ,-19 ,-4 ,+2 ,-1 ,-3
38.6368932 ,Left ,0  ,+7 ,+3 ,+4 ,-1 ,-1 ,-1 ,-2
38.6368978 ,Left ,-4 ,-6 ,-8 ,-12 ,+6 ,-2 ,-2 ,+1
38.6385109 ,Left ,+2 ,0  ,+1 ,-12 ,+5 ,+3 ,+1 ,-1
38.6385152 ,Left ,0  ,+1 ,-2 ,+11 ,-9 ,-2 ,-1 ,-1
38.6589554 ,Left ,-1 ,-4 ,+4 ,+7 ,-1 ,-4 ,-2 ,-2
38.6589601 ,Left ,-2 ,-3 ,-4 ,+3 ,+5 ,-2 ,-3 ,-1
38.6605037 ,Left ,-1 ,+4 ,+8 ,+15 ,-2 ,+2 ,0  ,-1
38.6605082 ,Left ,-1 ,-2 ,0  ,+2 ,+8 ,-1 ,+1 ,+1
38.6727703 ,Left ,0  ,-2 ,-10 ,-39 ,-8 ,0  ,0  ,-1
38.6727766 ,Left ,-1 ,+1 ,+3 ,+27 ,+4 ,-2 ,-2 ,-1
38.6876216 ,Left ,-1 ,-1 ,0  ,+2 ,-3 ,-1 ,-1 ,-1
38.6876261 ,Left ,-1 ,-1 ,-5 ,-12 ,0  ,0  ,-1 ,-1
38.6966115 ,Left ,-3 ,-4 ,-4 ,+13 ,-3 ,-3 ,0  ,0 
38.696616 ,Left ,+1 ,+2 ,+2 ,-13 ,+2 ,-1 ,-1 ,-3
38.6979889 ,Left ,-2 ,-5 ,-3 ,+8 ,+3 ,-2 ,-1 ,-1
38.6979933 ,Left ,-2 ,0  ,+5 ,-11 ,-6 ,-1 ,0  ,0 
38.7190551 ,Left ,0  ,0  ,-1 ,+21 ,-10 ,0  ,-3 ,-1
38.7190597 ,Left ,-1 ,+1 ,-1 ,-16 ,+32 ,+1 ,0  ,-2
38.7204941 ,Left ,-4 ,-3 ,0  ,+15 ,-14 ,-3 ,-1 ,+1
38.7204984 ,Left ,-2 ,-3 ,-3 ,-5 ,0  ,-1 ,-1 ,0 
38.7326602 ,Left ,+2 ,0  ,-2 ,-4 ,0  ,-2 ,-3 ,+1
38.732663 ,Left ,0  ,-1 ,+2 ,+11 ,+3 ,-1 ,+1 ,+1
38.7488146 ,Left ,-2 ,-1 ,-1 ,-1 ,+8 ,0  ,+1 ,-1
38.7488175 ,Left ,-2 ,-3 ,-5 ,-29 ,-9 ,-2 ,0  ,0 
38.7562618 ,Left ,-2 ,0  ,-4 ,0  ,+2 ,+1 ,0  ,-1
38.7562649 ,Left ,-2 ,-1 ,-3 ,+4 ,-13 ,-5 ,-2 ,0 
38.7577483 ,Left ,0  ,-3 ,-2 ,+12 ,+2 ,+1 ,0  ,+1
38.7577511 ,Left ,-1 ,+2 ,0  ,+12 ,-2 ,-2 ,-2 ,-1
38.7788362 ,Left ,-3 ,-3 ,-4 ,-9 ,-3 ,-1 ,0  ,-3
38.7788397 ,Left ,-1 ,+1 ,+1 ,-3 ,-15 ,0  ,0  ,0 
38.7803713 ,Left ,-1 ,-2 ,0  ,-4 ,+8 ,+1 ,-1 ,-1
38.7803744 ,Left ,-2 ,-2 ,-2 ,-9 ,+6 ,+4 ,0  ,-1
38.7926867 ,Left ,+2 ,0  ,+2 ,+7 ,+1 ,-7 ,-2 ,-3
38.7926916 ,Left ,0  ,0  ,+3 ,+2 ,+8 ,+1 ,-1 ,-3
38.8015829 ,Left ,-1 ,+3 ,-1 ,-4 ,-35 ,-5 ,-2 ,-3
38.8015881 ,Left ,0  ,-2 ,0  ,+1 ,-2 ,+6 ,+2 ,+2
38.8164219 ,Left ,-3 ,-3 ,-3 ,-3 ,+7 ,+2 ,-1 ,-2
38.8164246 ,Left ,-1 ,-1 ,-6 ,-3 ,-1 ,-1 ,-2 ,-2
38.8179006 ,Left ,0  ,-2 ,+3 ,+4 ,+11 ,0  ,0  ,-1
38.8179033 ,Left ,+2 ,+7 ,+2 ,-20 ,-2 ,-5 ,-1 ,-1
38.8386039 ,Left ,-2 ,-5 ,-4 ,+1 ,-11 ,-2 ,-2 ,+1
38.8386064 ,Left ,-3 ,-6 ,-4 ,+6 ,0  ,-1 ,-1 ,-2
38.8405121 ,Left ,+2 ,+5 ,+4 ,+5 ,+9 ,+1 ,-1 ,-1
38.8405364 ,Left ,0  ,0  ,-1 ,-23 ,-6 ,-4 ,-1 ,-1
38.8615202 ,Left ,-5 ,-4 ,+3 ,+39 ,+6 ,-2 ,-3 ,-1
38.8615232 ,Left ,-1 ,+1 ,+2 ,-2 ,-10 ,+1 ,0  ,-2
38.8628817 ,Left ,-4 ,-6 ,-7 ,-26 ,+4 ,0  ,-1 ,-2
38.8628847 ,Left ,0  ,+2 ,+2 ,+11 ,0  ,-3 ,-1 ,0 
38.8762294 ,Left ,0  ,0  ,-2 ,-14 ,0  ,+2 ,0  ,0 
38.8762323 ,Left ,-1 ,-4 ,+1 ,+8 ,+1 ,-2 ,-1 ,+1
38.8777855 ,Left ,0  ,+1 ,-2 ,-5 ,-2 ,-2 ,-1 ,-1
38.8777883 ,Left ,0  ,+1 ,0  ,0  ,0  ,-2 ,-1 ,0 
38.898975 ,Left ,-1 ,-3 ,-2 ,+4 ,-7 ,-1 ,0  ,-1
38.8989784 ,Left ,+1 ,+1 ,0  ,+7 ,0  ,-2 ,-1 ,-1
38.9004098 ,Left ,0  ,0  ,-1 ,-5 ,+3 ,-1 ,-2 ,0 
38.9004133 ,Left ,-1 ,-3 ,-3 ,+2 ,-2 ,-1 ,0  ,-2
38.9214631 ,Left ,-2 ,0  ,0  ,+1 ,0  ,0  ,+1 ,-1
38.9214669 ,Left ,-3 ,-5 ,-3 ,-9 ,-2 ,-1 ,-2 ,-2
38.922821 ,Left ,+1 ,0  ,-3 ,-3 ,-1 ,0  ,-1 ,-1
38.9228245 ,Left ,-1 ,-4 ,+3 ,+16 ,+2 ,-2 ,-1 ,0 
38.9351256 ,Left ,+2 ,+6 ,-4 ,-16 ,-1 ,0  ,-2 ,0 
38.9351294 ,Left ,-1 ,0  ,+7 ,+9 ,+21 ,+1 ,-1 ,+1
38.9438728 ,Left ,-1 ,-3 ,-4 ,+6 ,-3 ,-4 ,-1 ,0 
38.9438761 ,Left ,-1 ,-6 ,+1 ,+16 ,+2 ,0  ,-2 ,-1
38.9589965 ,Left ,-1 ,-2 ,-3 ,-14 ,-2 ,-1 ,+2 ,-1
38.9590002 ,Left ,+1 ,+1 ,+2 ,+29 ,0  ,0  ,-1 ,0 
38.960463 ,Left ,-1 ,-1 ,-8 ,-61 ,-7 ,0  ,-1 ,0 
38.9604665 ,Left ,-1 ,+4 ,+1 ,+12 ,0  ,-3 ,0  ,0 
38.981421 ,Left ,-2 ,-2 ,+1 ,+1 ,+5 ,0  ,-1 ,-1
38.9814248 ,Left ,-1 ,+1 ,-3 ,-6 ,-2 ,-1 ,0  ,-3
38.9829031 ,Left ,-1 ,+1 ,+4 ,+12 ,-1 ,-1 ,-1 ,0 
38.9829066 ,Left ,-3 ,-3 ,-5 ,0  ,-6 ,-1 ,0  ,-3
38.9956228 ,Left ,0  ,-1 ,-2 ,-7 ,+2 ,-3 ,-1 ,-1
38.9956265 ,Left ,-2 ,-2 ,-3 ,-11 ,-16 ,0  ,0  ,-2
39.002727 ,Left ,-2 ,-2 ,-1 ,+5 ,-1 ,-1 ,-2 ,-2
39.002731 ,Left ,-1 ,-4 ,-4 ,+1 ,+19 ,-1 ,-2 ,-3
39.0188647 ,Left ,+1 ,+4 ,+11 ,+12 ,-35 ,-4 ,-2 ,-2
39.0188695 ,Left ,-4 ,-5 ,-6 ,-19 ,-4 ,-3 ,0  ,-2
39.0203377 ,Left ,+3 ,+2 ,+2 ,+10 ,+12 ,-1 ,+1 ,0 
39.0203411 ,Left ,-2 ,0  ,-2 ,+13 ,-1 ,-1 ,-3 ,+1
39.0414692 ,Left ,-3 ,-1 ,-12 ,+1 ,+4 ,-1 ,-1 ,-1
39.0414732 ,Left ,-1 ,0  ,+7 ,+9 ,-4 ,-3 ,-3 ,-2
39.0428374 ,Left ,-3 ,-3 ,0  ,-6 ,-6 ,-1 ,0  ,0 
39.0428408 ,Left ,-2 ,-1 ,-1 ,+4 ,-7 ,-2 ,0  ,0 
39.0558497 ,Left ,-1 ,-6 ,-5 ,-7 ,+5 ,0  ,-1 ,-2
39.0558536 ,Left ,+1 ,0  ,-7 ,+2 ,-4 ,-2 ,-1 ,0 
39.0627165 ,Left ,-1 ,+2 ,+4 ,+1 ,+3 ,0  ,-2 ,-2
39.0627202 ,Left ,-1 ,+1 ,+3 ,+15 ,-7 ,-2 ,-2 ,-1
39.0790334 ,Left ,-2 ,-1 ,0  ,-5 ,+2 ,-2 ,-1 ,-2
39.0790372 ,Left ,-1 ,-2 ,-3 ,-15 ,-2 ,-2 ,0  ,-2
39.0804312 ,Left ,0  ,-3 ,-2 ,+3 ,-3 ,0  ,0  ,-1
39.0804347 ,Left ,-1 ,-2 ,-3 ,-8 ,-3 ,0  ,0  ,0 
39.1015081 ,Left ,+1 ,-1 ,-1 ,+1 ,0  ,0  ,0  ,0 
39.1015132 ,Left ,-1 ,-2 ,-2 ,-2 ,+3 ,0  ,0  ,0 
39.1029822 ,Left ,-1 ,-1 ,0  ,+15 ,-1 ,-1 ,-2 ,-2
39.1029866 ,Left ,0  ,-1 ,0  ,-14 ,-3 ,0  ,-1 ,-1
39.1158444 ,Left ,-2 ,-4 ,+1 ,+4 ,+4 ,0  ,-1 ,0 
39.1158491 ,Left ,-1 ,-3 ,-2 ,-8 ,-2 ,0  ,+1 ,+1
39.1225934 ,Left ,0  ,-1 ,0  ,+7 ,0  ,0  ,-2 ,0 
39.1225981 ,Left ,0  ,0  ,-5 ,-8 ,-1 ,0  ,0  ,-1
39.1390405 ,Left ,-1 ,+1 ,+3 ,+13 ,-1 ,-1 ,-1 ,+1
39.1390456 ,Left ,-1 ,+3 ,-3 ,-19 ,-5 ,-1 ,-1 ,-2
39.140489 ,Left ,-4 ,-1 ,+1 ,+23 ,+2 ,-3 ,-1 ,-4
39.1404933 ,Left ,-2 ,-3 ,-2 ,+8 ,-6 ,+1 ,-2 ,-1
39.1614116 ,Left ,+1 ,-2 ,+1 ,-3 ,+5 ,+6 ,0  ,0 
39.1614162 ,Left ,+3 ,+7 ,0  ,-6 ,+2 ,-3 ,-1 ,+1
39.1629717 ,Left ,-2 ,-7 ,-6 ,-12 ,0  ,0  ,+1 ,-1
39.1629761 ,Left ,-1 ,+1 ,-3 ,+2 ,+6 ,0  ,0  ,-1
39.1756636 ,Left ,-4 ,-3 ,+1 ,-14 ,-6 ,+1 ,0  ,0 
39.1756685 ,Left ,0  ,-5 ,-2 ,-4 ,-1 ,0  ,-2 ,-2
39.1828335 ,Left ,0  ,+2 ,-5 ,-6 ,-3 ,-2 ,-1 ,0 
39.1828386 ,Left ,+2 ,0  ,0  ,+1 ,-1 ,+2 ,0  ,0 
39.1990329 ,Left ,-1 ,-3 ,0  ,+1 ,+3 ,-2 ,-1 ,-2
39.1990382 ,Left ,0  ,+4 ,-2 ,-2 ,-2 ,+1 ,0  ,-1
39.2005322 ,Left ,-2 ,-4 ,0  ,+2 ,-1 ,-3 ,0  ,0 
39.2005375 ,Left ,-3 ,-4 ,-2 ,-8 ,-3 ,-4 ,0  ,0 
39.2213582 ,Left ,0  ,0  ,+1 ,-3 ,-2 ,-2 ,-1 ,0 
39.2213631 ,Left ,-3 ,-5 ,-2 ,+16 ,+7 ,-1 ,-2 ,-1
39.2228914 ,Left ,+1 ,+2 ,+12 ,-10 ,-10 ,0  ,-1 ,-2
39.2229837 ,Left ,0  ,+3 ,-12 ,-11 ,+6 ,0  ,0  ,0 
39.2359296 ,Left ,-4 ,-4 ,-12 ,-29 ,+6 ,-5 ,-3 ,-3
39.2359356 ,Left ,-2 ,-3 ,-5 ,+11 ,-11 ,+2 ,0  ,-1
39.242788 ,Left ,0  ,-1 ,+6 ,-3 ,+10 ,+1 ,+1 ,+1
39.2427932 ,Left ,-1 ,+5 ,+7 ,0  ,-7 ,-4 ,-3 ,-2
39.2587934 ,Left ,0  ,0  ,+8 ,+32 ,-5 ,-2 ,-1 ,-1
39.2587987 ,Left ,-4 ,-7 ,-13 ,-49 ,+2 ,-2 ,-2 ,-1
39.2605165 ,Left ,-4 ,-7 ,-6 ,-7 ,-9 ,-2 ,-2 ,-1
39.2605213 ,Left ,+2 ,+8 ,+13 ,+4 ,+20 ,-2 ,-1 ,-1
39.2817171 ,Left ,+1 ,+3 ,-7 ,-6 ,-4 ,0  ,-1 ,+1
39.281727 ,Left ,-1 ,-1 ,+10 ,+10 ,-5 ,-2 ,0  ,-2
39.2829757 ,Left ,-3 ,-7 ,-14 ,+2 ,-5 ,-1 ,-2 ,-2
39.2829805 ,Left ,-3 ,+1 ,0  ,-17 ,-9 ,-2 ,-1 ,-1
39.2959474 ,Left ,0  ,-1 ,0  ,+3 ,+24 ,+1 ,0  ,0 
39.2959543 ,Left ,0  ,-1 ,+3 ,+11 ,-17 ,-2 ,0  ,+2
39.3024992 ,Left ,+1 ,-1 ,-4 ,-26 ,+9 ,0  ,-2 ,0 
39.302504 ,Left ,-1 ,-5 ,-6 ,-1 ,-7 ,0  ,-1 ,-1
39.3190688 ,Left ,0  ,+3 ,+9 ,-1 ,-2 ,-4 ,-1 ,-1
39.3190745 ,Left ,-1 ,0  ,-1 ,+3 ,-14 ,-2 ,-1 ,0 
39.3205629 ,Left ,0  ,+4 ,+1 ,+21 ,+20 ,0  ,+1 ,-1
39.3205692 ,Left ,-3 ,-3 ,-1 ,-7 ,-19 ,-3 ,-3 ,-1
39.3414343 ,Left ,-3 ,-6 ,-10 ,-14 ,-4 ,-3 ,-1 ,-2
39.34144 ,Left ,+3 ,+5 ,+4 ,-4 ,+7 ,+1 ,+1 ,0 
39.3430046 ,Left ,+1 ,+1 ,+1 ,+19 ,+11 ,0  ,0  ,-1
39.3430097 ,Left ,-3 ,-6 ,-5 ,-3 ,+1 ,+3 ,+2 ,-1
39.3551069 ,Left ,-2 ,0  ,+5 ,+20 ,-7 ,-3 ,-1 ,-1
39.3551131 ,Left ,-1 ,-3 ,-3 ,+17 ,+5 ,-1 ,-1 ,0 
39.3640634 ,Left ,+1 ,-2 ,0  ,-1 ,-1 ,-1 ,-3 ,0 
39.3640684 ,Left ,0  ,+1 ,-2 ,-5 ,+2 ,-1 ,+1 ,-2
39.3789554 ,Left ,-1 ,+2 ,+2 ,-4 ,-5 ,+1 ,-1 ,0 
39.3789606 ,Left ,-3 ,-1 ,+6 ,+17 ,+10 ,+1 ,0  ,-2
39.3803806 ,Left ,-3 ,-1 ,-9 ,-4 ,-8 ,0  ,+2 ,-1
39.3804817 ,Left ,-1 ,-6 ,+3 ,+16 ,-2 ,-4 ,-3 ,-2
39.401655 ,Left ,-1 ,+1 ,-7 ,-27 ,-22 ,-1 ,0  ,-3
39.4017112 ,Left ,-3 ,-4 ,-12 ,+14 ,+5 ,-2 ,-3 ,-3
39.402987 ,Left ,-2 ,-3 ,+9 ,-31 ,-8 ,-3 ,-1 ,-2
39.402992 ,Left ,-1 ,+7 ,+4 ,-5 ,-8 ,-2 ,0  ,+2
39.4151928 ,Left ,-1 ,-3 ,0  ,+11 ,+13 ,+1 ,-1 ,-1
39.4151985 ,Left ,0  ,-2 ,-7 ,-13 ,+12 ,0  ,-2 ,-1
39.4240614 ,Left ,-1 ,+1 ,-6 ,-13 ,-12 ,-3 ,-1 ,+1
39.4240664 ,Left ,-1 ,-7 ,-2 ,+26 ,+30 ,+1 ,-1 ,0 
39.439095 ,Left ,+1 ,+2 ,-1 ,-27 ,-7 ,0  ,+2 ,+1
39.4391133 ,Left ,-2 ,-1 ,+1 ,+19 ,-6 ,-1 ,-2 ,0 
39.4405021 ,Left ,-3 ,-1 ,+2 ,+17 ,0  ,0  ,0  ,0 
39.440507 ,Left ,-1 ,0  ,+2 ,-17 ,-4 ,0  ,-1 ,-1
39.4604829 ,Left ,-2 ,-8 ,-7 ,+9 ,+3 ,-1 ,-1 ,-3
39.460488 ,Left ,+1 ,-1 ,-3 ,-26 ,-2 ,-1 ,-1 ,-1
39.4690705 ,Left ,0  ,+4 ,+2 ,-1 ,-6 ,-1 ,+2 ,0 
39.4690754 ,Left ,-2 ,-4 ,0  ,+12 ,-3 ,0  ,-2 ,-3
39.4750842 ,Left ,-2 ,-3 ,-2 ,-7 ,-1 ,-2 ,-2 ,-2
39.4750902 ,Left ,-1 ,+1 ,-2 ,-11 ,-6 ,-3 ,-2 ,0 
39.4839535 ,Left ,0  ,-1 ,0  ,+8 ,+25 ,+2 ,0  ,-1
39.4839586 ,Left ,-2 ,-2 ,-7 ,-25 ,-39 ,-7 ,-2 ,-2
39.4990993 ,Left ,-1 ,0  ,-1 ,+6 ,+19 ,0  ,-3 ,0 
39.4991048 ,Left ,-1 ,-1 ,+4 ,-6 ,-2 ,0  ,0  ,0 
39.5004534 ,Left ,-2 ,+2 ,+5 ,+28 ,+7 ,0  ,-2 ,-3
39.5005157 ,Left ,-2 ,-2 ,-10 ,-54 ,-2 ,+2 ,0  ,-2
39.5214329 ,Left ,-2 ,0  ,+2 ,+19 ,-7 ,+7 ,0  ,0 
39.5214383 ,Left ,-1 ,+2 ,+3 ,-6 ,-4 ,-9 ,-2 ,0 
39.5230698 ,Left ,-2 ,-4 ,-10 ,-12 ,-11 ,-1 ,-1 ,-2
39.5230753 ,Left ,-2 ,-1 ,+1 ,+18 ,+3 ,0  ,-1 ,0 
39.5350624 ,Left ,+1 ,0  ,-1 ,-5 ,-12 ,+2 ,0  ,-1
39.535068 ,Left ,-1 ,+1 ,-6 ,+1 ,+7 ,+3 ,+1 ,-1
39.5439913 ,Left ,-3 ,-5 ,+2 ,-9 ,-13 ,-4 ,-1 ,-1
39.5439962 ,Left ,-1 ,0  ,-1 ,-1 ,+2 ,+1 ,0  ,+1
39.5590758 ,Left ,-1 ,-1 ,-4 ,+15 ,+11 ,-3 ,-2 ,-2
39.5590812 ,Left ,-1 ,-3 ,+3 ,-6 ,-3 ,0  ,-1 ,-1
39.5605871 ,Left ,0  ,+4 ,+2 ,-1 ,-7 ,-2 ,-3 ,-1
39.560592 ,Left ,-2 ,-4 ,-6 ,0  ,+7 ,0  ,-1 ,-2
39.58161 ,Left ,0  ,-5 ,-1 ,-11 ,-11 ,-4 ,+3 ,-2
39.5816154 ,Left ,-2 ,-2 ,+1 ,+15 ,+1 ,-1 ,-2 ,-3
39.5829965 ,Left ,0  ,+1 ,+6 ,+18 ,+20 ,+3 ,-2 ,-1
39.5830015 ,Left ,0  ,-3 ,-12 ,-5 ,-23 ,-4 ,-2 ,-2
39.5950135 ,Left ,-1 ,-1 ,-2 ,-5 ,0  ,-1 ,-1 ,-1
39.5950186 ,Left ,-2 ,-4 ,-8 ,-15 ,-3 ,0  ,-2 ,-2
39.6040086 ,Left ,0  ,+1 ,-1 ,+6 ,+1 ,+1 ,+1 ,+1
39.6040139 ,Left ,-1 ,0  ,+8 ,+15 ,+15 ,-1 ,0  ,-1
39.6189325 ,Left ,-1 ,+1 ,-2 ,-5 ,-2 ,-3 ,+1 ,-1
39.6189376 ,Left ,-2 ,-1 ,+3 ,+8 ,-5 ,+1 ,0  ,-1
39.6204796 ,Left ,+1 ,0  ,-6 ,-16 ,-12 ,-3 ,-3 ,0 
39.6204844 ,Left ,0  ,-2 ,+1 ,-3 ,+2 ,-1 ,-1 ,-1
39.6413996 ,Left ,-3 ,-3 ,0  ,+22 ,-6 ,-2 ,-1 ,-1
39.6414081 ,Left ,0  ,+1 ,+5 ,-20 ,+3 ,-2 ,0  ,-1
39.6431024 ,Left ,-3 ,-1 ,-7 ,-28 ,-6 ,+1 ,0  ,-1
39.6431067 ,Left ,-1 ,-3 ,-6 ,+27 ,0  ,-1 ,-1 ,-2
39.655185 ,Left ,0  ,+6 ,+9 ,-33 ,+4 ,0  ,0  ,+1
39.6551893 ,Left ,-2 ,-2 ,+3 ,+35 ,0  ,0  ,-3 ,-2
39.6640688 ,Left ,-1 ,-6 ,-10 ,-24 ,-10 ,-4 ,-1 ,-2
39.6640735 ,Left ,-2 ,+3 ,0  ,+1 ,0  ,-1 ,0  ,0 
39.6790555 ,Left ,0  ,-1 ,-2 ,+7 ,+3 ,-1 ,-1 ,-1
39.679061 ,Left ,-2 ,0  ,-7 ,-23 ,-9 ,-2 ,-1 ,0 
39.6805374 ,Left ,0  ,0  ,-4 ,-7 ,-9 ,-1 ,-1 ,+1
39.6805422 ,Left ,0  ,-1 ,+5 ,+18 ,+2 ,0  ,0  ,-1
39.7014834 ,Left ,-3 ,-2 ,-17 ,-11 ,-5 ,-3 ,-3 ,+1
39.7014885 ,Left ,-1 ,-3 ,+5 ,+6 ,+2 ,-1 ,-1 ,-1
39.7030549 ,Left ,0  ,-2 ,-1 ,-6 ,-6 ,-2 ,-1 ,-2
39.7030596 ,Left ,0  ,-1 ,-14 ,+2 ,+5 ,-1 ,-1 ,-3
39.7150229 ,Left ,-1 ,0  ,+4 ,+4 ,-3 ,-1 ,-1 ,-2
39.7150278 ,Left ,-1 ,-1 ,-3 ,-12 ,+1 ,-2 ,0  ,-2
39.7239356 ,Left ,-4 ,-5 ,+1 ,+24 ,-5 ,-2 ,-2 ,-3
39.7239394 ,Left ,0  ,0  ,-9 ,+1 ,-1 ,0  ,-1 ,-2
39.7389587 ,Left ,+2 ,+2 ,+1 ,-50 ,-5 ,+1 ,0  ,+2
39.738973 ,Left ,0  ,-3 ,+2 ,+4 ,+2 ,0  ,-1 ,0 
39.7404977 ,Left ,-3 ,-3 ,-2 ,-25 ,-6 ,-3 ,0  ,-2
39.740502 ,Left ,-2 ,-4 ,+1 ,-7 ,-1 ,-2 ,-2 ,0 
39.761545 ,Left ,-1 ,-2 ,+5 ,+10 ,+8 ,-1 ,-1 ,0 
39.7615495 ,Left ,0  ,+1 ,-6 ,+7 ,-6 ,+1 ,0  ,0 
39.7629923 ,Left ,+1 ,0  ,-9 ,-18 ,+2 ,+1 ,+2 ,0 
39.7629964 ,Left ,-1 ,-1 ,0  ,-19 ,+3 ,0  ,0  ,-2
39.7840189 ,Left ,0  ,0  ,-6 ,+4 ,+1 ,-1 ,-1 ,-1
39.7840232 ,Left ,-2 ,0  ,+9 ,+6 ,-4 ,-3 ,-1 ,-2
39.7854761 ,Left ,-2 ,-1 ,-5 ,-4 ,-1 ,0  ,0  ,0 
39.7854803 ,Left ,-1 ,-3 ,+3 ,-16 ,-4 ,+1 ,0  ,0 
39.7987603 ,Left ,+1 ,0  ,-1 ,+32 ,0  ,+6 ,0  ,-1
39.7987645 ,Left ,+1 ,-2 ,-6 ,-20 ,-2 ,-8 ,-2 ,-1
39.8003293 ,Left ,-2 ,0  ,+7 ,+30 ,0  ,+2 ,-1 ,-2
39.8004027 ,Left ,-1 ,+3 ,+5 ,-17 ,+1 ,-1 ,-1 ,0 
39.8215109 ,Left ,-2 ,-6 ,-8 ,-19 ,-9 ,+1 ,0  ,-2
39.821515 ,Left ,0  ,-3 ,-6 ,+3 ,-35 ,-3 ,-2 ,-1
39.8229707 ,Left ,-2 ,0  ,+7 ,+16 ,+7 ,-1 ,0  ,0 
39.8229747 ,Left ,+2 ,0  ,0  ,+22 ,+3 ,-1 ,-1 ,+1
39.8440456 ,Left ,-2 ,-2 ,0  ,-10 ,-1 ,-5 ,-2 ,-1
39.8440504 ,Left ,+1 ,+2 ,0  ,-7 ,+10 ,+4 ,-1 ,0 
39.8455237 ,Left ,0  ,-1 ,-7 ,-9 ,-3 ,-3 ,-1 ,-1
39.8455279 ,Left ,0  ,-1 ,+12 ,+18 ,-7 ,-3 ,-1 ,-2
39.8587821 ,Left ,-2 ,-1 ,-5 ,+16 ,+3 ,-3 ,-3 ,-1
39.858786 ,Left ,-1 ,0  ,0  ,-7 ,+4 ,-1 ,0  ,-1
39.8603596 ,Left ,-1 ,-3 ,0  ,-31 ,-2 ,+1 ,-1 ,-1
39.8603637 ,Left ,-2 ,-3 ,-1 ,+1 ,+3 ,+2 ,+1 ,-1
39.8813603 ,Left ,-1 ,-1 ,+3 ,+8 ,0  ,-2 ,+2 ,0 
39.8813643 ,Left ,-3 ,0  ,+1 ,+6 ,+3 ,-11 ,0  ,-3
39.8829777 ,Left ,+3 ,0  ,+2 ,+5 ,0  ,+3 ,-7 ,-2
39.8829922 ,Left ,-2 ,0  ,-9 ,-39 ,-6 ,-10 ,-21 ,+1
39.9114437 ,Left ,-3 ,-2 ,+13 ,+80 ,+1 ,-10 ,-10 ,-20
39.9114546 ,Left ,+5 ,-1 ,-10 ,-10 ,+1 ,+13 ,+7 ,+22
39.9130062 ,Left ,-4 ,-3 ,-3 ,+9 ,-1 ,-1 ,-18 ,-7
39.9130102 ,Left ,0  ,-1 ,-2 ,-9 ,-4 ,-12 ,+85 ,+7
39.9183717 ,Left ,+3 ,+3 ,+5 ,-7 ,-1 ,-1 ,-27 ,+15
39.9183759 ,Left ,-5 ,+1 ,+4 ,+18 ,+26 ,+9 ,-34 ,-15
39.9248774 ,Left ,+1 ,-3 ,-5 ,-19 ,-22 ,+2 ,+61 ,+2
39.9248813 ,Left ,0  ,-1 ,+1 ,0  ,+9 ,-12 ,-70 ,-6
39.9414835 ,Left ,-1 ,-2 ,-3 ,-21 ,-8 ,+12 ,+70 ,+10
39.9414876 ,Left ,-4 ,-3 ,-2 ,+1 ,-16 ,-5 ,+19 ,-8
39.942923 ,Left ,+3 ,0  ,0  ,+8 ,+16 ,-28 ,-20 ,+10
39.9429269 ,Left ,+1 ,+4 ,+9 ,+18 ,+1 ,+11 ,+3 ,-3
39.9639455 ,Left ,+4 ,+4 ,-4 ,-21 ,+6 ,-12 ,0  ,+5
39.9639601 ,Left ,-4 ,-3 ,+1 ,+17 ,+20 ,-1 ,+7 ,+1
39.9654635 ,Left ,-2 ,-4 ,-4 ,-1 ,-50 ,0  ,-3 ,-10
39.9654677 ,Left ,-3 ,-3 ,+1 ,+17 ,+10 ,-4 ,-5 ,-1
39.9782974 ,Left ,-1 ,+2 ,-3 ,-12 ,-12 ,+1 ,-18 ,-1
39.9783021 ,Left ,0  ,-6 ,+2 ,+8 ,+23 ,+2 ,+5 ,-6
39.9851064 ,Left ,0  ,+9 ,+8 ,-7 ,+12 ,+4 ,-15 ,+2
39.9851475 ,Left ,-2 ,-11 ,-12 ,-9 ,-15 ,+1 ,-7 ,-4
40.0015026 ,Left ,-3 ,-5 ,-4 ,-43 ,-8 ,+3 ,0  ,-5
40.0015058 ,Left ,+3 ,+8 ,-2 ,-20 ,-15 ,-2 ,-8 ,0 
40.0028603 ,Left ,-4 ,-3 ,+26 ,+53 ,+22 ,+3 ,+3 ,0 
40.002884 ,Left ,-2 ,-9 ,-57 ,-53 ,-18 ,+5 ,+2 ,0 
40.0238218 ,Left ,-3 ,-6 ,-35 ,-2 ,+8 ,0  ,-6 ,-8
40.0238249 ,Left ,+3 ,+11 ,+37 ,0  ,-13 ,-7 ,-3 ,+2
40.0253205 ,Left ,+1 ,0  ,+3 ,+34 ,+6 ,+3 ,-8 ,-1
40.0253235 ,Left ,-2 ,0  ,0  ,+1 ,+6 ,+4 ,+4 ,-2
40.0373177 ,Left ,-3 ,-7 ,-11 ,-10 ,0  ,-1 ,-9 ,+2
40.0373206 ,Left ,+1 ,0  ,0  ,+15 ,-6 ,-2 ,-3 ,-1
40.0464083 ,Left ,-2 ,-5 ,-26 ,-32 ,-4 ,+3 ,+2 ,0 
40.0464112 ,Left ,+2 ,+3 ,+17 ,+16 ,+1 ,+2 ,-1 ,-1
40.0615662 ,Left ,-1 ,-3 ,-6 ,-5 ,-1 ,-2 ,-2 ,-2
40.0615691 ,Left ,-1 ,0  ,+10 ,+14 ,-6 ,-3 ,+1 ,+1
40.062884 ,Left ,0  ,+5 ,+11 ,-19 ,+4 ,+1 ,-2 ,+1
40.062887 ,Left ,-3 ,+2 ,+7 ,+30 ,0  ,-1 ,-1 ,-1
40.0837495 ,Left ,-2 ,0  ,+10 ,-2 ,+1 ,-2 ,-6 ,-1
40.0837536 ,Left ,-1 ,-3 ,-6 ,+2 ,-1 ,0  ,+1 ,-1
40.0853841 ,Left ,-1 ,-1 ,-9 ,-2 ,+3 ,0  ,-3 ,+1
40.0853878 ,Left ,-3 ,+2 ,-4 ,-7 ,-2 ,+1 ,-2 ,+1
40.0974666 ,Left ,+1 ,+1 ,+14 ,+25 ,0  ,-1 ,-1 ,-2
40.0974711 ,Left ,+4 ,-7 ,-17 ,-1 ,-1 ,+1 ,-1 ,0 
40.106521 ,Left ,-1 ,-5 ,-13 ,-8 ,0  ,+5 ,+5 ,+4
40.1065251 ,Left ,-3 ,+4 ,+11 ,+4 ,0  ,0  ,-5 ,-3
40.1217538 ,Left ,+5 ,+1 ,+7 ,-15 ,+2 ,0  ,-2 ,+6
40.1217592 ,Left ,-4 ,-3 ,-8 ,+4 ,-2 ,+5 ,+9 ,-5
40.1230807 ,Left ,-2 ,-1 ,-5 ,-3 ,-1 ,-10 ,-8 ,-5
40.1230857 ,Left ,0  ,0  ,+13 ,+18 ,0  ,+1 ,+4 ,+1
40.1441357 ,Left ,-3 ,0  ,-1 ,+8 ,-5 ,-3 ,-8 ,-8
40.1441413 ,Left ,-1 ,-5 ,-17 ,-56 ,-3 ,0  ,-4 ,-1
40.1455067 ,Left ,-1 ,+1 ,+2 ,-8 ,-1 ,+2 ,+1 ,-1
40.1455116 ,Left ,+1 ,-2 ,+8 ,+20 ,+3 ,-5 ,-1 ,-1
40.1583969 ,Left ,-2 ,+1 ,+11 ,+27 ,0  ,-1 ,-3 ,-2
40.1584022 ,Left ,-3 ,-6 ,-26 ,-52 ,-9 ,-4 ,-1 ,+1
40.1649846 ,Left ,-1 ,-3 ,-2 ,+23 ,+5 ,+8 ,+5 ,-1
40.1649914 ,Left ,+2 ,+2 ,+7 ,-36 ,-8 ,-11 ,-9 ,-3
40.1811754 ,Left ,-3 ,-2 ,-10 ,+21 ,-1 ,+5 ,-1 ,0 
40.1811797 ,Left ,-1 ,-1 ,+11 ,+37 ,0  ,+2 ,0  ,+1
40.1875589 ,Left ,0  ,+1 ,-9 ,-36 ,-9 ,-5 ,-1 ,-3
40.1875637 ,Left ,0  ,0  ,0  ,-8 ,-2 ,+14 ,+3 ,+1
40.2038776 ,Left ,-1 ,+2 ,+10 ,0  ,+9 ,-14 ,-1 ,+1
40.2038823 ,Left ,-1 ,-2 ,-3 ,-14 ,-2 ,-2 ,-1 ,0 
40.2055442 ,Left ,0  ,-5 ,-5 ,-7 ,0  ,+4 ,-3 ,-1
40.2055484 ,Left ,+2 ,0  ,+5 ,+35 ,-3 ,+3 ,+1 ,-1
40.2180792 ,Left ,-3 ,-1 ,-5 ,-31 ,-1 ,0  ,-1 ,-3
40.2180834 ,Left ,-2 ,-3 ,-9 ,-23 ,-13 ,-4 ,-4 ,-3
40.2250895 ,Left ,-3 ,-2 ,+8 ,+42 ,+15 ,0  ,-3 ,-2
40.2250944 ,Left ,0  ,-1 ,0  ,-7 ,+2 ,-2 ,+1 ,0 
40.2414452 ,Left ,+1 ,+2 ,+2 ,+13 ,+1 ,-1 ,+2 ,+2
40.2415199 ,Left ,-2 ,-2 ,-4 ,0  ,-5 ,-3 ,-3 ,-1
40.2428253 ,Left ,-1 ,+1 ,+3 ,+2 ,-4 ,-3 ,-6 ,0 
40.2428295 ,Left ,-4 ,-5 ,-8 ,-8 ,+1 ,+9 ,+1 ,-2
40.2641258 ,Left ,-1 ,-3 ,-5 ,-8 ,-5 ,-1 ,-4 ,-3
40.264143 ,Left ,-3 ,-1 ,+7 ,+31 ,+5 ,+1 ,-1 ,0 
40.265496 ,Left ,+1 ,0  ,+1 ,-20 ,-5 ,-5 ,+1 ,+2
40.2655001 ,Left ,-5 ,-4 ,-10 ,-7 ,+3 ,+17 ,-2 ,-3
40.2863289 ,Left ,+5 ,+2 ,-2 ,-31 ,-4 ,-12 ,0  ,+2
40.2863316 ,Left ,0  ,+2 ,+5 ,0  ,+3 ,+6 ,-1 ,-1
40.2878665 ,Left ,-1 ,0  ,-8 ,+23 ,+4 ,-2 ,+5 ,-1
40.2878692 ,Left ,+1 ,+2 ,+6 ,-35 ,-12 ,-2 ,0  ,0 
40.3018554 ,Left ,-3 ,-7 ,-13 ,+29 ,+4 ,+22 ,+4 ,-4
40.3018584 ,Left ,-2 ,0  ,+4 ,+6 ,+3 ,-6 ,-1 ,-1
40.3033052 ,Left ,-1 ,-1 ,0  ,-4 ,0  ,+2 ,0  ,-1
40.3033076 ,Left ,0  ,-1 ,-4 ,-11 ,-1 ,-6 ,+3 ,+2
40.3238274 ,Left ,-1 ,0  ,+1 ,-26 ,-6 ,-6 ,-4 ,0 
40.3238307 ,Left ,-2 ,0  ,+3 ,+16 ,+2 ,+2 ,-2 ,-1
40.3253961 ,Left ,-1 ,-1 ,+1 ,-20 ,-6 ,0  ,+1 ,-3
40.3253988 ,Left ,-3 ,-5 ,-4 ,+44 ,+4 ,-8 ,-6 ,-2
40.3374557 ,Left ,+2 ,+4 ,+9 ,-8 ,-3 ,0  ,-1 ,-2
40.3374598 ,Left ,-2 ,0  ,-11 ,+5 ,+6 ,-3 ,-1 ,-1
40.3539876 ,Left ,-2 ,-2 ,+6 ,-3 ,-9 ,-4 ,-5 ,-1
40.3539912 ,Left ,0  ,-4 ,-3 ,+7 ,-1 ,-4 ,-2 ,-3
40.3614999 ,Left ,-1 ,-1 ,-3 ,-11 ,-1 ,+2 ,0  ,-1
40.3615038 ,Left ,+1 ,0  ,+4 ,+7 ,-1 ,-6 ,0  ,-1
40.3628784 ,Left ,+3 ,+3 ,-4 ,-19 ,+2 ,+1 ,-5 ,+1
40.362882 ,Left ,0  ,+1 ,+6 ,+12 ,+6 ,+3 ,+2 ,+1
40.3840709 ,Left ,-5 ,-5 ,-7 ,+13 ,-7 ,-9 ,+1 ,-3
40.3840745 ,Left ,-1 ,0  ,+5 ,-4 ,+3 ,0  ,-8 ,-2
40.3854541 ,Left ,-3 ,-7 ,-22 ,-18 ,-2 ,-5 ,-2 ,-10
40.3854578 ,Left ,+5 ,+4 ,+5 ,-19 ,-2 ,+3 ,+10 ,+12
40.3974471 ,Left ,-8 ,+2 ,+10 ,+24 ,0  ,-16 ,0  ,-8
40.3974508 ,Left ,+7 ,-6 ,-7 ,-32 ,-2 ,+21 ,-44 ,+4
40.4064251 ,Left ,-10 ,-1 ,+10 ,+38 ,-5 ,+5 ,+46 ,+4
40.4064378 ,Left ,0  ,-1 ,-3 ,-13 ,-1 ,-6 ,+7 ,-8
40.4213626 ,Left ,+9 ,0  ,+6 ,+11 ,+6 ,+19 ,+14 ,+8
40.4213665 ,Left ,-8 ,-2 ,-5 ,+4 ,-1 ,-23 ,-58 ,-7
40.422891 ,Left ,0  ,0  ,0  ,-7 ,-7 ,+14 ,+5 ,+4
40.4228947 ,Left ,-8 ,-5 ,-8 ,-13 ,+13 ,-10 ,-6 ,-9
40.4439468 ,Left ,-6 ,0  ,0  ,0  ,-6 ,+12 ,+4 ,0 
40.4439519 ,Left ,-2 ,0  ,+7 ,+46 ,+19 ,+12 ,+25 ,-2
40.4454069 ,Left ,+3 ,-6 ,-7 ,-12 ,-3 ,-23 ,-15 ,0 
40.4454107 ,Left ,-8 ,-1 ,-1 ,-13 ,-24 ,-7 ,-5 ,-9
40.4574709 ,Left ,+1 ,-1 ,-11 ,-49 ,-11 ,+1 ,-3 ,-4
40.4574751 ,Left ,+2 ,-1 ,-2 ,+34 ,0  ,-5 ,+20 ,+4
40.4662188 ,Left ,+1 ,-6 ,+16 ,+42 ,+5 ,0  ,-10 ,-4
40.4663518 ,Left ,+4 ,+6 ,-8 ,-11 ,-6 ,+5 ,0  ,+5
40.4812206 ,Left ,+1 ,+6 ,+21 ,+24 ,+15 ,-3 ,-8 ,-1
40.4812231 ,Left ,0  ,0  ,-43 ,-71 ,-14 ,+1 ,+15 ,+3
40.4827986 ,Left ,-2 ,-4 ,+11 ,+28 ,+3 ,-6 ,-16 ,-3
40.4828008 ,Left ,+1 ,-3 ,+18 ,-13 ,-5 ,-2 ,-6 ,+1
40.5039313 ,Left ,-2 ,-16 ,-25 ,+8 ,0  ,0  ,-5 ,-1
40.5039343 ,Left ,-3 ,+8 ,+8 ,-43 ,-7 ,-7 ,+7 ,-5
40.5054073 ,Left ,+2 ,+6 ,+46 ,+6 ,+1 ,+3 ,-2 ,+1
40.50541 ,Left ,0  ,-9 ,-17 ,+38 ,+7 ,-4 ,-3 ,-1
40.5175915 ,Left ,-2 ,-5 ,-41 ,-33 ,-7 ,-4 ,-2 ,-1
40.5175945 ,Left ,+1 ,-2 ,+10 ,+13 ,+2 ,0  ,+8 ,-1
40.5264175 ,Left ,0  ,+1 ,-11 ,-21 ,-13 ,+1 ,-5 ,0 
40.5264207 ,Left ,0  ,+8 ,+33 ,-7 ,-12 ,-2 ,+1 ,+5
40.5406553 ,Left ,-3 ,0  ,+4 ,+43 ,-4 ,-4 ,-4 ,-1
40.5406578 ,Left ,-2 ,-6 ,-17 ,-26 ,-5 ,-7 ,+3 ,-2
40.5476342 ,Left ,+2 ,+4 ,+1 ,+11 ,+6 ,+2 ,+2 ,+3
40.547637 ,Left ,-2 ,-3 ,-14 ,-49 ,-6 ,+5 ,-9 ,-4
40.5640389 ,Left ,0  ,+1 ,-1 ,+8 ,+6 ,-5 ,-2 ,-11
40.5640419 ,Left ,0  ,-2 ,+4 ,+1 ,+11 ,+24 ,+31 ,+17
40.5653783 ,Left ,-2 ,+2 ,+5 ,+16 ,-1 ,-12 ,-5 ,-5
40.5653811 ,Left ,-4 ,-7 ,-16 ,+39 ,+10 ,+13 ,-18 ,-6
40.5773039 ,Left ,+7 ,+1 ,+3 ,-22 ,+5 ,+8 ,+21 ,+5
40.577307 ,Left ,+7 ,0  ,+16 ,+14 ,+1 ,+10 ,+35 ,+8
40.5863302 ,Left ,-6 ,-3 ,-16 ,-7 ,+13 ,+40 ,-75 ,-8
40.586333 ,Left ,-5 ,-3 ,-10 ,-13 ,-1 ,+10 ,+41 ,+8
40.6008667 ,Left ,+10 ,+1 ,+9 ,+1 ,-12 ,+13 ,-4 ,-9
40.6008699 ,Left ,-4 ,-1 ,+8 ,+23 ,-5 ,-20 ,-33 ,+15
40.6075145 ,Left ,0  ,-2 ,-17 ,-23 ,+6 ,+11 ,+45 ,+8
40.6075184 ,Left ,0  ,0  ,-1 ,-3 ,+1 ,-8 ,-8 ,+6
40.6239183 ,Left ,-8 ,+2 ,+17 ,-10 ,+8 ,+6 ,+3 ,-7
40.6239222 ,Left ,+1 ,+2 ,+4 ,+15 ,-16 ,-6 ,+6 ,+10
40.6298979 ,Left ,-6 ,-6 ,-15 ,-12 ,-2 ,-12 ,0  ,-15
40.6299017 ,Left ,0  ,-5 ,0  ,+5 ,-2 ,-8 ,-32 ,-4
40.6377106 ,Left ,0  ,+2 ,-5 ,-39 ,+12 ,-10 ,+9 ,+10
40.6377134 ,Left ,-4 ,-6 ,-7 ,-11 ,-16 ,-14 ,-10 ,-16
40.6464419 ,Left ,+3 ,+1 ,+11 ,+98 ,-5 ,0  ,+4 ,+2
40.6464452 ,Left ,-1 ,-4 ,-7 ,-42 ,+2 ,-4 ,+12 ,-3
40.6612135 ,Left ,-1 ,-6 ,+2 ,-25 ,+9 ,-3 ,-11 ,+8
40.6612747 ,Left ,+1 ,+16 ,+7 ,0  ,-35 ,-6 ,-5 ,-15
40.6627551 ,Left ,-2 ,-6 ,-3 ,-32 ,+5 ,-9 ,-1 ,+2
40.6627576 ,Left ,0  ,+4 ,+6 ,+16 ,-5 ,-2 ,+1 ,0 
40.6839986 ,Left ,-5 ,-5 ,+1 ,+2 ,-3 ,-6 ,-10 ,-3
40.6840015 ,Left ,+2 ,+5 ,+8 ,+4 ,+15 ,+2 ,-10 ,-4
40.6854135 ,Left ,-1 ,-1 ,+14 ,0  ,-8 ,-13 ,+9 ,+2
40.6854162 ,Left ,0  ,-6 ,-26 ,-29 ,-1 ,-2 ,-2 ,-4
40.7064092 ,Left ,-2 ,+1 ,+2 ,+69 ,-5 ,-1 ,-6 ,-2
40.7064138 ,Left ,-3 ,0  ,+2 ,-53 ,+1 ,-1 ,+3 ,-6
40.7078003 ,Left ,0  ,-4 ,-10 ,-34 ,-9 ,-4 ,+1 ,+1
40.7078757 ,Left ,+1 ,+5 ,+2 ,+30 ,+31 ,0  ,-1 ,-3
40.7206069 ,Left ,-3 ,-7 ,-17 ,+6 ,-10 ,-1 ,-6 ,+1
40.7206111 ,Left ,-2 ,-3 ,+14 ,+27 ,-4 ,0  ,+1 ,-3
40.7290243 ,Left ,-3 ,-1 ,-30 ,-68 ,+24 ,-2 ,-2 ,-4
40.7290278 ,Left ,0  ,-3 ,+7 ,-14 ,-60 ,-3 ,-4 ,-1
40.7436882 ,Left ,-1 ,+6 ,+18 ,+34 ,-9 ,-7 ,0  ,+1
40.7437985 ,Left ,-1 ,+1 ,+30 ,+50 ,+10 ,-1 ,-1 ,-3
40.7453437 ,Left ,0  ,-6 ,-64 ,-67 ,-3 ,+2 ,+5 ,+2
40.7453748 ,Left ,0  ,-4 ,-8 ,+68 ,+10 ,+4 ,+3 ,-1
40.7669702 ,Left ,-3 ,-3 ,-13 ,-91 ,-2 ,-3 ,-12 ,-2
40.7669815 ,Left ,-1 ,-4 ,+5 ,+9 ,-6 ,-7 ,-7 ,-5
40.7683196 ,Left ,0  ,+6 ,+32 ,+66 ,+3 ,-6 ,0  ,0 
40.7683309 ,Left ,+1 ,-2 ,-4 ,-6 ,+9 ,+6 ,-1 ,+2
40.7812846 ,Left ,0  ,0  ,+3 ,+10 ,+2 ,+2 ,+3 ,0 
40.7812957 ,Left ,-2 ,-5 ,-18 ,-36 ,+11 ,+1 ,+1 ,0 
40.7878853 ,Left ,-4 ,0  ,0  ,-7 ,-7 ,-3 ,-3 ,-14
40.7879843 ,Left ,+1 ,+1 ,+2 ,+5 ,+1 ,-7 ,-2 ,+14
40.8038827 ,Left ,0  ,-1 ,+8 ,+7 ,-8 ,-7 ,0  ,-4
40.8038887 ,Left ,-5 ,-6 ,-12 ,0  ,+5 ,0  ,-4 ,-6
40.8055256 ,Left ,+5 ,0  ,-1 ,-8 ,+1 ,0  ,+5 ,+6
40.8055397 ,Left ,-3 ,0  ,+10 ,-12 ,-2 ,-3 ,+7 ,-6
40.8265901 ,Left ,+1 ,0  ,+9 ,+46 ,+9 ,+2 ,+15 ,+3
40.8265942 ,Left ,-4 ,-6 ,-18 ,-22 ,+2 ,-15 ,-35 ,-2
40.8279557 ,Left ,-1 ,+1 ,+11 ,+17 ,-13 ,-2 ,-2 ,-2
40.8279595 ,Left ,-1 ,+1 ,+5 ,+10 ,+34 ,-1 ,-3 ,-4
40.841188 ,Left ,-2 ,-4 ,-11 ,-17 ,-15 ,+3 ,0  ,+2
40.8412888 ,Left ,-4 ,-6 ,-5 ,+13 ,+2 ,+6 ,+7 ,-5
40.8429623 ,Left ,0  ,+5 ,+9 ,-10 ,-3 ,-5 ,-1 ,+2
40.8429664 ,Left ,+1 ,+2 ,+3 ,-5 ,-2 ,-1 ,-4 ,0 
40.8640777 ,Left ,-1 ,-2 ,-12 ,-29 ,+1 ,-3 ,-6 ,-2
40.864082 ,Left ,-1 ,-5 ,-3 ,+24 ,-5 ,+9 ,-9 ,-1
40.8655296 ,Left ,-1 ,-3 ,+4 ,0  ,-4 ,-35 ,-17 ,-3
40.8655341 ,Left ,+1 ,0  ,+5 ,+2 ,0  ,+1 ,+10 ,-2
40.8864775 ,Left ,-7 ,+2 ,-5 ,0  ,-3 ,-3 ,-5 ,-5
40.8864818 ,Left ,+2 ,0  ,-2 ,+7 ,+1 ,-23 ,+6 ,+9
40.8879838 ,Left ,+8 ,0  ,-2 ,-7 ,-2 ,+45 ,+4 ,-3
40.8879879 ,Left ,+2 ,+2 ,+3 ,+12 ,-3 ,+16 ,+16 ,+10
40.9009233 ,Left ,-5 ,-4 ,+1 ,+6 ,-2 ,-2 ,+6 ,-3
40.9009275 ,Left ,-17 ,-5 ,-10 ,-10 ,-1 ,-13 ,+25 ,-17
40.9075765 ,Left ,+5 ,-1 ,+2 ,+2 ,-6 ,-11 ,-23 ,-2
40.9075823 ,Left ,+2 ,0  ,-4 ,-24 ,+2 ,-18 ,+14 ,+11
40.9239082 ,Left ,-2 ,-1 ,+5 ,+6 ,+2 ,+7 ,-11 ,-2
40.9239127 ,Left ,-2 ,+3 ,+7 ,+57 ,+6 ,+4 ,+23 ,+9
40.9253989 ,Left ,-2 ,+3 ,-3 ,-1 ,-3 ,0  ,+12 ,-2
40.9254029 ,Left ,-4 ,-6 ,-11 ,-39 ,+2 ,0  ,-20 ,-14
40.9463118 ,Left ,-1 ,0  ,-1 ,-1 ,-32 ,-10 ,+7 ,+4
40.9463158 ,Left ,+6 ,+2 ,+1 ,-69 ,+18 ,+1 ,-11 ,-1
40.9478967 ,Left ,-4 ,-1 ,-2 ,+21 ,-1 ,-6 ,-2 ,+1
40.9479012 ,Left ,+2 ,+6 ,+16 ,+44 ,-35 ,-6 ,-11 ,-2
40.960728 ,Left ,+1 ,+4 ,+8 ,+8 ,+45 ,+6 ,+1 ,-2
40.9607324 ,Left ,0  ,-5 ,-13 ,-26 ,-33 ,+1 ,-5 ,-3
40.9674539 ,Left ,-3 ,-5 ,+7 ,+4 ,+1 ,-1 ,-4 ,-1
40.9674585 ,Left ,-4 ,+1 ,-12 ,-32 ,-8 ,-1 ,+5 ,-3
40.9838717 ,Left ,+2 ,-3 ,+1 ,-7 ,+15 ,-4 ,-4 ,-2
40.9838762 ,Left ,+1 ,-4 ,-25 ,-8 ,-4 ,+7 ,-11 ,0 
40.9856102 ,Left ,-4 ,+1 ,+12 ,+6 ,+10 ,-1 ,+17 ,+3
40.9856148 ,Left ,-1 ,-6 ,-30 ,-24 ,-17 ,-7 ,-8 ,-4
41.0064239 ,Left ,+1 ,+1 ,+2 ,-11 ,-5 ,+2 ,-16 ,+1
41.0064286 ,Left ,+4 ,+4 ,+27 ,+49 ,+5 ,-48 ,+2 ,+1
41.0078999 ,Left ,-4 ,-4 ,-18 ,-31 ,-22 ,+1 ,-6 ,-2
41.0079115 ,Left ,0  ,0  ,-1 ,+30 ,+23 ,+9 ,+6 ,-4
41.020693 ,Left ,0  ,0  ,+34 ,+25 ,-11 ,-1 ,-5 ,+1
41.0206978 ,Left ,-2 ,-9 ,-55 ,-48 ,-2 ,+11 ,+5 ,0 
41.0290489 ,Left ,+1 ,+1 ,+6 ,+18 ,-1 ,+1 ,+1 ,+1
41.0290535 ,Left ,+1 ,+5 ,+22 ,-12 ,+5 ,-5 ,-5 ,-4
41.0439086 ,Left ,-2 ,-5 ,-14 ,-3 ,-7 ,-3 ,+3 ,-1
41.0439134 ,Left ,+3 ,+1 ,+7 ,+12 ,-5 ,+10 ,0  ,-1
41.0454641 ,Left ,-2 ,+1 ,+5 ,+11 ,+9 ,-3 ,+1 ,-1
41.0454685 ,Left ,0  ,-4 ,-9 ,-21 ,-32 ,+4 ,-6 ,-3
41.0666549 ,Left ,-4 ,-3 ,+4 ,+17 ,0  ,-3 ,+2 ,-4
41.0666607 ,Left ,-2 ,-6 ,-4 ,-9 ,+5 ,+9 ,-2 ,-3
41.0680645 ,Left ,-1 ,-4 ,-12 ,-9 ,+2 ,-3 ,0  ,0 
41.0680691 ,Left ,-3 ,-1 ,+11 ,+21 ,+15 ,-7 ,-3 ,-2
41.0799711 ,Left ,+1 ,0  ,-14 ,-6 ,-3 ,-1 ,-7 ,-9
41.0799758 ,Left ,0  ,+2 ,+12 ,+3 ,-5 ,+3 ,0  ,+9
41.0890419 ,Left ,+6 ,-4 ,-7 ,-17 ,-4 ,-2 ,+4 ,-7
41.0890459 ,Left ,-4 ,-2 ,+2 ,-4 ,+3 ,-3 ,-6 ,-4
41.1040856 ,Left ,-2 ,-2 ,-8 ,-10 ,-4 ,-4 ,-2 ,-1
41.1040898 ,Left ,+3 ,+2 ,+2 ,+1 ,+7 ,+11 ,-12 ,-5
41.1054885 ,Left ,-13 ,-3 ,+6 ,-2 ,-3 ,-5 ,0  ,0 
41.1054927 ,Left ,+9 ,0  ,-4 ,0  ,+4 ,+3 ,+4 ,+10
41.1260006 ,Left ,-3 ,-3 ,-9 ,+5 ,-1 ,-3 ,-4 ,-3
41.126064 ,Left ,+1 ,+2 ,+12 ,0  ,0  ,-3 ,-1 ,-2
41.1326868 ,Left ,-5 ,-1 ,-3 ,+1 ,-1 ,+6 ,0  ,0 
41.1326908 ,Left ,-6 ,-3 ,-3 ,-7 ,-2 ,-8 ,-3 ,-9
41.1408948 ,Left ,+4 ,0  ,-2 ,+13 ,+1 ,-1 ,0  ,+7
41.1408989 ,Left ,-1 ,-2 ,-1 ,-23 ,-1 ,+15 ,-4 ,-3
41.1473638 ,Left ,+3 ,+3 ,+2 ,+30 ,-1 ,-8 ,-1 ,+1
41.1473668 ,Left ,-1 ,0  ,-3 ,-3 ,+5 ,+7 ,+1 ,-2
41.1644545 ,Left ,+2 ,+3 ,0  ,-11 ,-2 ,+1 ,-1 ,+1
41.1644569 ,Left ,-3 ,-4 ,-2 ,+10 ,-3 ,-7 ,+1 ,-2
41.1659046 ,Left ,-2 ,-3 ,+4 ,+2 ,+3 ,+12 ,-2 ,+1
41.1659072 ,Left ,-3 ,-3 ,+10 ,+29 ,+3 ,-3 ,-2 ,0 
41.1864982 ,Left ,-4 ,-3 ,-18 ,-53 ,-7 ,-8 ,-2 ,-2
41.1865011 ,Left ,+1 ,-4 ,-15 ,+7 ,+3 ,0  ,+2 ,-1
41.1879468 ,Left ,-2 ,+4 ,+8 ,-6 ,-6 ,-3 ,+1 ,0 
41.1879495 ,Left ,-2 ,-5 ,+11 ,0  ,0  ,-4 ,-4 ,-3
41.2088282 ,Left ,+1 ,0  ,+19 ,+32 ,+4 ,0  ,+2 ,-1
41.2088313 ,Left ,-2 ,+6 ,+7 ,+9 ,+7 ,0  ,+1 ,-1
41.2104304 ,Left ,-2 ,-9 ,-33 ,-59 ,-6 ,0  ,-4 ,-2
41.2104332 ,Left ,-3 ,+2 ,0  ,+5 ,+22 ,-2 ,-2 ,-1
41.2237925 ,Left ,-2 ,0  ,+4 ,+22 ,-5 ,+4 ,0  ,0 
41.2237959 ,Left ,0  ,0  ,+3 ,-22 ,-1 ,+7 ,+2 ,-1
41.2253984 ,Left ,+1 ,-2 ,-11 ,+4 ,+7 ,-9 ,-1 ,-2
41.2254011 ,Left ,0  ,+1 ,+5 ,+12 ,-15 ,+2 ,+1 ,-1
41.2464483 ,Left ,-3 ,-6 ,-16 ,-29 ,0  ,-2 ,-5 ,-1
41.2464587 ,Left ,0  ,0  ,+2 ,+44 ,+2 ,0  ,+17 ,-1
41.2478929 ,Left ,+2 ,-1 ,+1 ,-21 ,-4 ,-3 ,-3 ,+2
41.2478964 ,Left ,-2 ,-3 ,-7 ,+11 ,-14 ,+14 ,-2 ,-3
41.2689773 ,Left ,-3 ,0  ,+1 ,0  ,-2 ,-32 ,-16 ,-3
41.2689811 ,Left ,-3 ,-5 ,-5 ,-66 ,-13 ,-22 ,+4 ,+4
41.2704906 ,Left ,+4 ,+1 ,+4 ,+4 ,0  ,+2 ,0  ,-2
41.2704941 ,Left ,-4 ,+1 ,-5 ,-6 ,+4 ,-1 ,-10 ,+11
41.28381 ,Left ,+11 ,+1 ,-4 ,0  ,0  ,+21 ,+49 ,+12
41.2838142 ,Left ,-6 ,0  ,+3 ,+9 ,0  ,-38 ,-69 ,-22
41.2853427 ,Left ,-2 ,-2 ,-3 ,-44 ,-1 ,-17 ,+17 ,+6
41.2853463 ,Left ,-3 ,-2 ,-1 ,+37 ,+9 ,+37 ,+14 ,-13
41.3065846 ,Left ,-4 ,+1 ,-1 ,-14 ,-22 ,-31 ,-65 ,+11
41.3065887 ,Left ,+2 ,+3 ,-2 ,-21 ,-3 ,+14 ,+49 ,+3
41.3078411 ,Left ,-1 ,+1 ,+6 ,+37 ,+31 ,+24 ,+7 ,+5
41.3078817 ,Left ,+5 ,-4 ,-8 ,-36 ,-11 ,+2 ,+18 ,-2
41.3291502 ,Left ,-5 ,-2 ,+5 ,+27 ,+20 ,-15 ,+31 ,-7
41.3291563 ,Left ,-3 ,-4 ,-7 ,-27 ,-35 ,+8 ,-11 ,-2
41.330497 ,Left ,+2 ,+5 ,+7 ,+32 ,+13 ,-1 ,-16 ,-2
41.3305953 ,Left ,-3 ,-1 ,-1 ,-22 ,-21 ,-18 ,+9 ,+1
41.3435163 ,Left ,-3 ,-2 ,-9 ,-7 ,+10 ,+13 ,-2 ,-5
41.3435228 ,Left ,-2 ,-8 ,+7 ,+21 ,0  ,+1 ,+1 ,+1
41.3502756 ,Left ,-1 ,+1 ,-20 ,+14 ,-26 ,-7 ,-4 ,-3
41.3502822 ,Left ,-1 ,+1 ,+6 ,+5 ,+37 ,-5 ,-10 ,+1
41.3663025 ,Left ,-2 ,-9 ,0  ,+14 ,-4 ,+2 ,+5 ,-3
41.3663175 ,Left ,0  ,+2 ,+10 ,-14 ,-2 ,+5 ,-13 ,-2
41.367954 ,Left ,-7 ,-11 ,-1 ,+46 ,-10 ,+2 ,+3 ,-3
41.3679566 ,Left ,+1 ,+2 ,+7 ,-5 ,-6 ,-5 ,-8 ,-1
41.3888385 ,Left ,-2 ,-9 ,-60 ,-47 ,-4 ,+10 ,-5 ,-3
41.3888415 ,Left ,+1 ,+1 ,+20 ,+28 ,+23 ,+7 ,+14 ,+3
41.3903353 ,Left ,0  ,+1 ,+12 ,-10 ,-10 ,-5 ,-7 ,-4
41.3903443 ,Left ,-1 ,-2 ,+5 ,+53 ,+3 ,-10 ,-6 ,0 
41.4024633 ,Left ,0  ,-2 ,+9 ,-11 ,-8 ,+5 ,0  ,-5
41.4024669 ,Left ,-3 ,-7 ,-56 ,-23 ,-5 ,+2 ,-2 ,+2
41.411391 ,Left ,+1 ,+4 ,+29 ,-2 ,-6 ,-2 ,-10 ,+1
41.4113942 ,Left ,-5 ,-7 ,-33 ,-18 ,-3 ,-6 ,-8 ,-7
41.4265512 ,Left ,+1 ,+5 ,+27 ,+19 ,-3 ,+5 ,+4 ,0 
41.4265546 ,Left ,-1 ,+3 ,+5 ,+11 ,+15 ,+1 ,+1 ,-1
41.4279853 ,Left ,0  ,+3 ,+15 ,+6 ,-2 ,+1 ,-4 ,-3
41.4279886 ,Left ,0  ,-1 ,+2 ,-9 ,+4 ,-2 ,+1 ,0 
41.4401672 ,Left ,-4 ,-3 ,-10 ,+5 ,-1 ,+2 ,-2 ,-1
41.4401704 ,Left ,+1 ,+6 ,+10 ,-14 ,-2 ,-1 ,+1 ,+2
41.448978 ,Left ,-5 ,-9 ,-15 ,+5 ,+2 ,-2 ,+3 ,-4
41.4489812 ,Left ,0  ,0  ,-4 ,-7 ,-7 ,-3 ,-3 ,-2
41.4633667 ,Left ,+2 ,0  ,+6 ,+14 ,-1 ,-1 ,+2 ,-1
41.46337 ,Left ,-2 ,-3 ,+5 ,+8 ,-2 ,+3 ,-5 ,-2
41.4700839 ,Left ,-1 ,+2 ,-7 ,-30 ,-2 ,+1 ,+4 ,-1
41.4700871 ,Left ,0  ,-2 ,0  ,+18 ,-2 ,-4 ,-4 ,-1
41.4864209 ,Left ,-3 ,+2 ,+10 ,+15 ,+2 ,+2 ,-8 ,-10
41.486424 ,Left ,+3 ,-4 ,-11 ,-12 ,0  ,-1 ,+6 ,+10
41.4879152 ,Left ,-1 ,-3 ,-3 ,+2 ,-5 ,-2 ,+2 ,+1
41.4879183 ,Left ,+5 ,-1 ,+1 ,-31 ,-4 ,+2 ,-2 ,0 
41.5089575 ,Left ,-1 ,-2 ,+2 ,-1 ,+4 ,-1 ,-1 ,+1
41.5089611 ,Left ,-5 ,-3 ,0  ,+13 ,-6 ,0  ,-2 ,-9
41.5104349 ,Left ,-5 ,-4 ,-8 ,-26 ,-6 ,-6 ,-3 ,-12
41.510438 ,Left ,+2 ,+3 ,+3 ,-1 ,-1 ,+7 ,+11 ,+15
41.5238333 ,Left ,+5 ,+3 ,+2 ,+1 ,-2 ,-28 ,-33 ,-4
41.5238366 ,Left ,-11 ,-1 ,+1 ,+15 ,-1 ,+9 ,+11 ,-7
41.5254072 ,Left ,+5 ,-2 ,-4 ,-8 ,-4 ,-5 ,-20 ,+5
41.5254101 ,Left ,+8 ,-1 ,0  ,-3 ,+5 ,+6 ,+17 ,0 
41.5465289 ,Left ,+1 ,0  ,-2 ,+11 ,+1 ,+13 ,+41 ,+9
41.5465333 ,Left ,-1 ,+1 ,+3 ,-3 ,+5 ,+7 ,+5 ,-4
41.5478383 ,Left ,-3 ,-2 ,-1 ,+13 ,+5 ,0  ,+21 ,+12
41.5478416 ,Left ,-7 ,-6 ,-9 ,-39 ,-6 ,+23 ,+14 ,-11
41.5690074 ,Left ,-2 ,-4 ,-6 ,-52 ,-3 ,-11 ,-46 ,-7
41.5690117 ,Left ,0  ,0  ,+8 ,+61 ,+5 ,+12 ,+3 ,+2
41.5703962 ,Left ,-4 ,-4 ,-11 ,-54 ,-5 ,-4 ,+18 ,-10
41.5703998 ,Left ,+4 ,+4 ,+5 ,+77 ,+2 ,0  ,-6 ,+6
41.5831402 ,Left ,-3 ,-1 ,+3 ,+11 ,-11 ,-5 ,+14 ,+3
41.5831426 ,Left ,-3 ,-6 ,-9 ,-33 ,-10 ,-8 ,0  ,-3
41.5898428 ,Left ,-2 ,-2 ,+2 ,-23 ,0  ,+11 ,-20 ,-5
41.5898452 ,Left ,-3 ,-3 ,-16 ,-14 ,-5 ,-20 ,-13 ,-5
41.6065263 ,Left ,-1 ,+4 ,+17 ,-19 ,+7 ,+7 ,-6 ,-1
41.606529 ,Left ,+3 ,+1 ,-10 ,+24 ,-10 ,-7 ,-12 ,+4
41.6079466 ,Left ,-2 ,-8 ,-2 ,+30 ,0  ,+3 ,+6 ,+1
41.6079496 ,Left ,-1 ,+11 ,+18 ,+6 ,-12 ,-16 ,-12 ,0 
41.6288601 ,Left ,-3 ,-6 ,-3 ,+42 ,+4 ,+7 ,+13 ,-5
41.6288631 ,Left ,+4 ,+6 ,0  ,-43 ,0  ,+6 ,+1 ,+5
41.6302961 ,Left ,-1 ,+7 ,+1 ,+10 ,-2 ,-13 ,-5 ,-2
41.6303002 ,Left ,-6 ,-9 ,+10 ,+25 ,+7 ,-3 ,-7 ,-7
41.6425939 ,Left ,0  ,-9 ,-59 ,-54 ,-12 ,+7 ,-3 ,+1
41.6425969 ,Left ,+2 ,+5 ,+36 ,+23 ,+2 ,-6 ,0  ,-1
41.6513457 ,Left ,-1 ,-3 ,-12 ,+17 ,+8 ,+2 ,-6 ,+1
41.6513485 ,Left ,-5 ,-4 ,-24 ,-45 ,-14 ,-4 ,-8 ,-1
41.6660523 ,Left ,+1 ,+3 ,+20 ,+28 ,+11 ,+4 ,+7 ,+1
41.6660553 ,Left ,-3 ,-13 ,-54 ,-44 ,+6 ,+1 ,-6 ,-1
41.6738528 ,Left ,+2 ,+8 ,+34 ,+14 ,-9 ,0  ,+4 ,-1
41.6738556 ,Left ,0  ,0  ,+8 ,0  ,+5 ,+2 ,+2 ,0 
41.6889833 ,Left ,-3 ,0  ,+5 ,-2 ,-5 ,-3 ,-10 ,-2
41.6889865 ,Left ,+1 ,+1 ,+9 ,-8 ,-2 ,-11 ,+4 ,-3
41.6904016 ,Left ,+1 ,+1 ,+15 ,+41 ,-12 ,+5 ,+2 ,0 
41.6904051 ,Left ,0  ,-3 ,-4 ,-33 ,+11 ,+1 ,-3 ,-1
41.7030775 ,Left ,-3 ,+2 ,+1 ,+3 ,0  ,-3 ,-2 ,0 
41.7030806 ,Left ,+1 ,+1 ,+9 ,+42 ,-3 ,0  ,-2 ,0 
41.7099416 ,Left ,-1 ,-2 ,-9 ,+3 ,-6 ,-1 ,0  ,0 
41.7099449 ,Left ,-1 ,-1 ,-4 ,-7 ,-6 ,-12 ,-4 ,-2
41.7342964 ,Left ,-2 ,-2 ,-2 ,+16 ,+5 ,+3 ,+5 ,0 
41.7343001 ,Left ,-3 ,0  ,+6 ,-7 ,+1 ,-5 ,-6 ,-3
41.740004 ,Left ,0  ,-3 ,-10 ,-16 ,+10 ,-3 ,-1 ,0 
41.7400078 ,Left ,0  ,-3 ,-7 ,-8 ,-8 ,-4 ,-2 ,-2
41.7487299 ,Left ,+1 ,0  ,+6 ,+13 ,0  ,+2 ,0  ,+1
41.7487338 ,Left ,+1 ,+1 ,+9 ,+6 ,-1 ,+1 ,+1 ,0 
41.7504212 ,Left ,-2 ,-5 ,-7 ,-12 ,+6 ,-5 ,-4 ,-1
41.7504251 ,Left ,-2 ,-1 ,+3 ,+2 ,0  ,+2 ,-6 ,-1
41.7627088 ,Left ,-2 ,+1 ,+1 ,-23 ,-3 ,+1 ,+4 ,0 
41.7627129 ,Left ,-1 ,-7 ,-11 ,+27 ,-3 ,-5 ,-3 ,-2
41.7714539 ,Left ,-3 ,-1 ,-5 ,-21 ,-29 ,+2 ,-1 ,-2
41.7714582 ,Left ,0  ,+4 ,+2 ,+7 ,-9 ,-3 ,-2 ,-2
41.7870012 ,Left ,-1 ,-6 ,-3 ,-10 ,+6 ,+1 ,+2 ,0 
41.7870041 ,Left ,-1 ,-2 ,0  ,-3 ,-2 ,0  ,-2 ,-1
41.7882925 ,Left ,+1 ,+5 ,+3 ,+36 ,+7 ,+1 ,-3 ,+1
41.7882948 ,Left ,-4 ,-4 ,-8 ,-23 ,-2 ,-2 ,0  ,0 
41.8087832 ,Left ,0  ,-1 ,-2 ,+11 ,-20 ,-7 ,-1 ,-3
41.808786 ,Left ,-1 ,-3 ,+2 ,0  ,+8 ,+4 ,-3 ,0 
41.8103111 ,Left ,-1 ,0  ,+11 ,-4 ,-1 ,+1 ,-2 ,-2
41.8103134 ,Left ,0  ,-1 ,0  ,-5 ,+6 ,-2 ,-2 ,0 
41.8226805 ,Left ,-2 ,-3 ,-25 ,-22 ,-1 ,+3 ,+2 ,-1
41.8226836 ,Left ,+1 ,0  ,-1 ,-11 ,-2 ,-2 ,-4 ,-1
41.8313536 ,Left ,-2 ,-4 ,-9 ,-10 ,+7 ,0  ,-2 ,-1
41.831385 ,Left ,-2 ,-5 ,0  ,+11 ,-1 ,-1 ,-3 ,-2
41.8465243 ,Left ,+2 ,+5 ,+10 ,+17 ,+1 ,-1 ,0  ,0 
41.8465453 ,Left ,+1 ,+3 ,+2 ,+11 ,-2 ,-1 ,-2 ,+3
41.8480607 ,Left ,-1 ,-3 ,-11 ,-26 ,+19 ,-3 ,-1 ,0 
41.8480643 ,Left ,-2 ,-1 ,+3 ,+3 ,+28 ,+3 ,-2 ,-2
41.8689824 ,Left ,-2 ,-3 ,+2 ,-2 ,-15 ,-1 ,0  ,-2
41.8689852 ,Left ,0  ,+2 ,+1 ,-4 ,+3 ,-1 ,+2 ,0 
41.8703871 ,Left ,+2 ,0  ,+1 ,+3 ,-6 ,0  ,0  ,-1
41.87039 ,Left ,-2 ,-4 ,-11 ,-13 ,+26 ,0  ,-2 ,-1
41.8824526 ,Left ,0  ,+2 ,+3 ,+12 ,-12 ,-3 ,-2 ,-2
41.8824549 ,Left ,-3 ,0  ,+9 ,+26 ,+2 ,-1 ,-1 ,-1
41.8913331 ,Left ,-1 ,-3 ,-23 ,-55 ,-15 ,-3 ,-2 ,-1
41.8913357 ,Left ,-1 ,-5 ,+1 ,+7 ,-8 ,-1 ,+3 ,0 
41.9063197 ,Left ,0  ,0  ,+2 ,-10 ,+5 ,0  ,+1 ,0 
41.9063233 ,Left ,-2 ,+2 ,+3 ,-13 ,-5 ,-2 ,-1 ,-1
41.9077903 ,Left ,-1 ,-3 ,-2 ,+14 ,+5 ,+1 ,-2 ,-3
41.9077941 ,Left ,0  ,+7 ,+17 ,+49 ,-1 ,0  ,0  ,+2
41.9288887 ,Left ,-2 ,0  ,+4 ,-47 ,-10 ,+1 ,-1 ,-1
41.9288929 ,Left ,-2 ,-5 ,-8 ,+17 ,+22 ,+3 ,-10 ,-2
41.930444 ,Left ,0  ,-3 ,+5 ,+19 ,+1 ,-16 ,+4 ,-4
41.9304472 ,Left ,-2 ,-5 ,-6 ,+1 ,+15 ,0  ,-2 ,-2
41.9516285 ,Left ,-1 ,-2 ,-3 ,0  ,+1 ,-2 ,0  ,-1
41.9516331 ,Left ,-1 ,-1 ,-3 ,-13 ,-6 ,+4 ,-4 ,-1
41.9530245 ,Left ,+1 ,+4 ,+3 ,0  ,+2 ,+2 ,-1 ,0 
41.9530288 ,Left ,+1 ,0  ,+2 ,-9 ,-7 ,-3 ,-2 ,0 
41.9664275 ,Left ,-1 ,+1 ,+2 ,+2 ,-5 ,-5 ,-2 ,-2
41.9664429 ,Left ,-5 ,-4 ,-9 ,-22 ,-10 ,-6 ,+1 ,0 
41.9678316 ,Left ,-1 ,-2 ,-2 ,+5 ,+5 ,+2 ,-2 ,0 
41.9678339 ,Left ,0  ,+2 ,-3 ,-14 ,-20 ,-4 ,+1 ,0 
41.9886783 ,Left ,-2 ,-3 ,0  ,+6 ,+10 ,+4 ,-1 ,+1
41.988683 ,Left ,+2 ,+1 ,+1 ,-1 ,-7 ,-3 ,0  ,-1
41.9903138 ,Left ,-1 ,+2 ,-1 ,-13 ,-5 ,+3 ,0  ,+1
41.9903537 ,Left ,-5 ,-6 ,+2 ,-12 ,-9 ,-3 ,-6 ,-3
42.0033704 ,Left ,+2 ,-4 ,-11 ,-11 ,-10 ,-3 ,-3 ,-3
42.0033848 ,Left ,0  ,-2 ,-3 ,-7 ,+1 ,-1 ,+2 ,-1
42.0100742 ,Left ,-2 ,-3 ,0  ,+2 ,-5 ,+2 ,-2 ,0 
42.0100773 ,Left ,-2 ,-2 ,-5 ,-14 ,-5 ,0  ,0  ,0 
42.026547 ,Left ,-1 ,-3 ,+7 ,+14 ,+2 ,-1 ,-1 ,-2
42.0265512 ,Left ,-2 ,+1 ,-3 ,-13 ,-8 ,-2 ,+2 ,-2
42.0278998 ,Left ,0  ,-3 ,+1 ,+4 ,+5 ,0  ,-2 ,+1
42.0279037 ,Left ,+1 ,+2 ,+2 ,+8 ,-15 ,-1 ,0  ,-1
42.0490587 ,Left ,-1 ,+1 ,-3 ,+8 ,+11 ,-1 ,-2 ,-1
42.0490636 ,Left ,0  ,-2 ,+8 ,+6 ,+3 ,+1 ,-1 ,-1
42.0505776 ,Left ,-2 ,-1 ,+6 ,+16 ,-4 ,-1 ,0  ,-1
42.0505819 ,Left ,-2 ,+3 ,-6 ,-19 ,+3 ,-1 ,-2 ,0 
42.0634769 ,Left ,+1 ,+2 ,+2 ,+3 ,0  ,+1 ,+1 ,0 
42.0634817 ,Left ,0  ,0  ,-3 ,-7 ,-1 ,-1 ,-3 ,-1
42.0699887 ,Left ,-2 ,-1 ,-6 ,+1 ,+5 ,+2 ,-1 ,-1
42.0699932 ,Left ,-2 ,-2 ,-2 ,+2 ,-8 ,-2 ,0  ,-1
42.0866447 ,Left ,-3 ,-1 ,-2 ,-2 ,+7 ,0  ,0  ,+1
42.08665 ,Left ,0  ,-1 ,-1 ,-8 ,-14 ,-1 ,-1 ,0 
42.0879515 ,Left ,+1 ,+3 ,+7 ,+38 ,+8 ,0  ,0  ,0 
42.0879558 ,Left ,-2 ,-3 ,-6 ,-16 ,-12 ,+1 ,-2 ,-3
42.1090539 ,Left ,+1 ,-1 ,-1 ,-8 ,-2 ,-4 ,-1 ,-1
42.1090595 ,Left ,0  ,-3 ,-2 ,+7 ,-1 ,-2 ,+1 ,-3
42.1105904 ,Left ,-6 ,-8 ,-2 ,+2 ,-1 ,+1 ,+1 ,-2
42.1105955 ,Left ,+2 ,+5 ,-3 ,-5 ,-7 ,-2 ,0  ,-2
42.1316813 ,Left ,+1 ,+5 ,+4 ,-1 ,+46 ,+4 ,+1 ,+1
42.1316865 ,Left ,-1 ,0  ,+2 ,+14 ,-13 ,+3 ,0  ,-1
42.133035 ,Left ,-1 ,-3 ,-3 ,+1 ,-1 ,-4 ,-3 ,-3
42.1330399 ,Left ,-3 ,-6 ,-1 ,-14 ,0  ,-1 ,0  ,-1
42.1464649 ,Left ,-1 ,-4 ,-4 ,0  ,-5 ,+1 ,-1 ,0 
42.1464704 ,Left ,+1 ,+3 ,-2 ,-9 ,+2 ,-3 ,0  ,+2
42.1479418 ,Left ,0  ,+3 ,-1 ,-1 ,+25 ,+6 ,0  ,0 
42.1479466 ,Left ,0  ,-3 ,+3 ,-10 ,-2 ,-3 ,-1 ,-1
42.1690758 ,Left ,-3 ,-2 ,-4 ,+16 ,-18 ,-4 ,-2 ,-1
42.1690803 ,Left ,-2 ,-2 ,-4 ,-4 ,+3 ,+1 ,+1 ,-1
42.1704804 ,Left ,0  ,-3 ,-2 ,-10 ,-12 ,-4 ,-2 ,0 
42.1704849 ,Left ,0  ,0  ,-2 ,+5 ,+2 ,-3 ,-1 ,+1
42.182481 ,Left ,+1 ,+1 ,+2 ,-4 ,-1 ,+1 ,+1 ,-2
42.182485 ,Left ,0  ,+4 ,+7 ,+10 ,-4 ,-3 ,0  ,0 
42.1915254 ,Left ,-3 ,0  ,-12 ,-22 ,-4 ,+1 ,-1 ,-1
42.1915298 ,Left ,-1 ,-5 ,+2 ,+25 ,-3 ,-3 ,0  ,-1
42.206579 ,Left ,-2 ,-2 ,+3 ,+12 ,-3 ,+2 ,-2 ,-1
42.2065829 ,Left ,0  ,-3 ,-5 ,-5 ,0  ,-2 ,-2 ,0 
42.208055 ,Left ,0  ,-2 ,-1 ,-2 ,-4 ,-1 ,-1 ,-1
42.2080587 ,Left ,0  ,+1 ,+3 ,+1 ,+2 ,+4 ,+2 ,+2
42.2289748 ,Left ,-2 ,0  ,+2 ,-4 ,-8 ,-4 ,-1 ,0 
42.2289787 ,Left ,-1 ,+3 ,0  ,+2 ,+10 ,-1 ,0  ,+1
42.23047 ,Left ,-1 ,-6 ,-12 ,-22 ,-13 ,-4 ,-3 ,-4
42.2304738 ,Left ,-1 ,-3 ,-3 ,+7 ,-7 ,-2 ,0  ,-1
42.2424505 ,Left ,+2 ,+1 ,-1 ,-7 ,+10 ,+4 ,+1 ,0 
42.2424543 ,Left ,0  ,-2 ,+6 ,+4 ,-2 ,0  ,-1 ,-1
42.2515013 ,Left ,+1 ,+2 ,+1 ,-4 ,+5 ,-1 ,0  ,0 
42.2515049 ,Left ,0  ,+1 ,0  ,+1 ,-20 ,0  ,-2 ,-1
42.2665871 ,Left ,-3 ,-4 ,-4 ,-19 ,-19 ,-1 ,-2 ,-1
42.2665916 ,Left ,0  ,-1 ,-4 ,-16 ,+4 ,+11 ,+4 ,-1
42.2679436 ,Left ,-2 ,-2 ,+3 ,+7 ,+6 ,-29 ,-10 ,-2
42.2679471 ,Left ,-1 ,+1 ,-1 ,+18 ,-6 ,-2 ,-2 ,-2
42.2890211 ,Left ,0  ,-4 ,-7 ,-20 ,+3 ,+1 ,0  ,-1
42.2890248 ,Left ,-4 ,-1 ,0  ,+11 ,+2 ,-1 ,-1 ,-1
42.290484 ,Left ,-3 ,-1 ,-1 ,-6 ,-14 ,+5 ,+2 ,-1
42.2904992 ,Left ,0  ,-1 ,+2 ,+4 ,+20 ,-1 ,-2 ,-1
42.3026914 ,Left ,-1 ,-2 ,+2 ,+3 ,-1 ,-6 ,-2 ,0 
42.3026953 ,Left ,-1 ,-3 ,-8 ,-2 ,-5 ,-5 ,-2 ,-2
42.3115103 ,Left ,0  ,+1 ,0  ,+1 ,0  ,+4 ,+2 ,+2
42.3115145 ,Left ,-1 ,-4 ,-1 ,+7 ,+5 ,0  ,-2 ,-2
42.3263509 ,Left ,-1 ,0  ,-3 ,-11 ,-6 ,+2 ,+2 ,-2
42.3263557 ,Left ,-3 ,-3 ,-4 ,-2 ,-50 ,-9 ,-3 ,-3
42.3279597 ,Left ,-1 ,+2 ,+2 ,+7 ,+4 ,+5 ,-1 ,-1
42.3280488 ,Left ,-1 ,-4 ,0  ,+2 ,-7 ,+1 ,-1 ,-1
42.3490542 ,Left ,-2 ,+1 ,-1 ,+5 ,+19 ,-1 ,-2 ,0 
42.3490589 ,Left ,+4 ,+4 ,-3 ,-2 ,+15 ,-1 ,0  ,0 
42.3505188 ,Left ,-1 ,-1 ,+6 ,+2 ,-4 ,0  ,+1 ,-1
42.3505238 ,Left ,-1 ,0  ,-6 ,-11 ,+2 ,0  ,0  ,0 
42.3625007 ,Left ,+1 ,-1 ,0  ,+19 ,-13 ,-3 ,-2 ,-2
42.3625051 ,Left ,-3 ,-7 ,-8 ,-18 ,+1 ,0  ,-1 ,-1
42.3715509 ,Left ,+3 ,+2 ,0  ,-10 ,+1 ,-17 ,-4 ,-1
42.3715554 ,Left ,-1 ,0  ,0  ,-7 ,+9 ,-1 ,-3 ,-1
42.3941094 ,Left ,-3 ,-1 ,+3 ,+11 ,-2 ,0  ,-1 ,-2
42.394115 ,Left ,-2 ,-3 ,0  ,+3 ,+9 ,0  ,-1 ,-2
42.3954207 ,Left ,0  ,-4 ,-7 ,-1 ,-8 ,+5 ,0  ,0 
42.3954251 ,Left ,+1 ,+4 ,0  ,-16 ,+4 ,-2 ,0  ,0 
42.4092449 ,Left ,-2 ,-1 ,-2 ,+2 ,-5 ,-3 ,-2 ,-2
42.4093322 ,Left ,0  ,0  ,+2 ,-4 ,+1 ,0  ,0  ,+1
42.4108957 ,Left ,-1 ,-3 ,0  ,-4 ,-4 ,+2 ,0  ,-2
42.4109004 ,Left ,-2 ,+1 ,-4 ,+6 ,+24 ,+1 ,0  ,-1
42.4227826 ,Left ,-2 ,-3 ,+3 ,+13 ,-15 ,0  ,-1 ,-3
42.4227875 ,Left ,-1 ,+1 ,-1 ,-1 ,+16 ,0  ,-1 ,0 
42.4315843 ,Left ,-1 ,-2 ,-9 ,+4 ,-12 ,+2 ,-1 ,-2
42.4315889 ,Left ,0  ,+3 ,+1 ,+17 ,+22 ,-1 ,-3 ,-2
42.4465017 ,Left ,-2 ,+1 ,+5 ,-2 ,+3 ,-3 ,-1 ,-1
42.4465066 ,Left ,-2 ,-3 ,-1 ,-20 ,-14 ,-7 ,-3 ,-1
42.447915 ,Left ,-2 ,+2 ,-1 ,+8 ,+5 ,+3 ,0  ,0 
42.4479193 ,Left ,-1 ,-4 ,+4 ,+8 ,-16 ,0  ,0  ,0 
42.4694247 ,Left ,-3 ,-5 ,-10 ,-71 ,-7 ,-3 ,-2 ,-1
42.4694294 ,Left ,0  ,+1 ,+2 ,+16 ,+7 ,-1 ,-2 ,0 
42.4710331 ,Left ,-2 ,-2 ,-3 ,-16 ,-17 ,-1 ,0  ,-1
42.4710377 ,Left ,-1 ,-5 ,0  ,0  ,-4 ,-1 ,-2 ,-1
42.4824757 ,Left ,-1 ,+3 ,-1 ,+21 ,+24 ,+1 ,+1 ,0 
42.4824803 ,Left ,-3 ,-3 ,+2 ,-2 ,-17 ,0  ,-1 ,-2
42.4914759 ,Left ,0  ,+1 ,-1 ,-5 ,+4 ,-3 ,-1 ,0 
42.4914806 ,Left ,-2 ,-2 ,+7 ,-3 ,-2 ,0  ,0  ,-1
42.5065872 ,Left ,0  ,-2 ,-9 ,+12 ,+4 ,0  ,-1 ,-1
42.5065943 ,Left ,0  ,-1 ,-4 ,-6 ,-3 ,-1 ,-1 ,0 
42.5078911 ,Left ,-1 ,+2 ,+3 ,-9 ,+7 ,+3 ,+1 ,+1
42.5079017 ,Left ,-1 ,-1 ,-4 ,+6 ,-8 ,+4 ,-2 ,-2
42.5290849 ,Left ,-1 ,-2 ,+3 ,+46 ,-11 ,-14 ,-3 ,-1
42.5290897 ,Left ,0  ,-2 ,-5 ,-3 ,+7 ,+1 ,-2 ,-1
42.5304976 ,Left ,-1 ,-3 ,+1 ,+3 ,-2 ,0  ,-1 ,-1
42.530502 ,Left ,+2 ,+4 ,-6 ,-20 ,-3 ,+4 ,+2 ,0 
42.5427092 ,Left ,-2 ,-2 ,-1 ,+5 ,-29 ,+2 ,0  ,0 
42.5427143 ,Left ,0  ,+3 ,0  ,-4 ,+46 ,+2 ,+1 ,-2
42.5515609 ,Left ,-2 ,-3 ,+2 ,+1 ,-6 ,-4 ,-3 ,-2
42.5515653 ,Left ,-1 ,-4 ,-2 ,-9 ,-7 ,-4 ,0  ,0 
42.5663895 ,Left ,-1 ,-2 ,+6 ,+22 ,0  ,+1 ,-2 ,-1
42.5663939 ,Left ,+2 ,+1 ,-2 ,-27 ,-11 ,-3 ,-2 ,+1
42.5679297 ,Left ,-4 ,-5 ,-8 ,+9 ,+2 ,+3 ,-2 ,-2
42.5679338 ,Left ,-2 ,0  ,-6 ,+18 ,+4 ,-4 ,+1 ,0 
42.5890443 ,Left ,0  ,+1 ,+6 ,-38 ,-10 ,-1 ,-1 ,+1
42.5890487 ,Left ,-3 ,-7 ,+8 ,+50 ,-1 ,-1 ,-1 ,-2
42.5905565 ,Left ,+1 ,+6 ,-8 ,-11 ,+9 ,+2 ,0  ,+1
42.5905611 ,Left ,-1 ,-2 ,-6 ,-18 ,-14 ,-5 ,-1 ,-1
42.6026609 ,Left ,0  ,-2 ,-5 ,-12 ,+13 ,+2 ,0  ,-1
42.6026661 ,Left ,-1 ,-1 ,+6 ,+13 ,-11 ,-2 ,-2 ,-1
42.6114887 ,Left ,0  ,0  ,+7 ,+20 ,-4 ,+1 ,0  ,0 
42.6114931 ,Left ,-4 ,-3 ,+1 ,-12 ,+7 ,-3 ,-3 ,-2
42.6265036 ,Left ,0  ,-1 ,+2 ,-9 ,+3 ,+4 ,-1 ,-3
42.6265076 ,Left ,-1 ,-4 ,-23 ,-16 ,-1 ,-2 ,+1 ,-2
42.6279615 ,Left ,-1 ,-1 ,+23 ,+49 ,+2 ,-3 ,-2 ,-1
42.6279657 ,Left ,-2 ,-5 ,-3 ,-15 ,-4 ,-2 ,0  ,-3
42.649022 ,Left ,0  ,+3 ,-9 ,0  ,+5 ,+1 ,-1 ,+1
42.6490267 ,Left ,-3 ,-2 ,+6 ,-17 ,-14 ,-2 ,-2 ,-2
42.6505407 ,Left ,-2 ,-5 ,-18 ,-22 ,+5 ,+7 ,+4 ,-1
42.6505451 ,Left ,-2 ,-1 ,+2 ,+22 ,-8 ,-20 ,-6 ,-3
42.6716626 ,Left ,-3 ,0  ,+2 ,+3 ,-1 ,0  ,0  ,0 
42.6716676 ,Left ,-1 ,+3 ,+6 ,+18 ,+1 ,-1 ,0  ,0 
42.6729906 ,Left ,0  ,-2 ,-4 ,-25 ,-6 ,-1 ,+1 ,-1
42.6729949 ,Left ,0  ,-1 ,0  ,+10 ,+2 ,+6 ,0  ,0 
42.6866257 ,Left ,0  ,0  ,-5 ,-30 ,-2 ,-1 ,-1 ,0 
42.6866306 ,Left ,-1 ,-1 ,-5 ,+9 ,-1 ,-3 ,-2 ,0 
42.6880822 ,Left ,-1 ,+1 ,+6 ,+16 ,+15 ,+1 ,0  ,0 
42.6880866 ,Left ,+1 ,-3 ,-5 ,+22 ,-42 ,+2 ,+3 ,0 
42.7093583 ,Left ,-1 ,-3 ,-1 ,+24 ,+4 ,+4 ,-4 ,-3
42.7093704 ,Left ,+1 ,+1 ,-4 ,-48 ,-9 ,-14 ,+3 ,-3
42.7107766 ,Left ,-5 ,-2 ,+1 ,+18 ,+10 ,-22 ,+1 ,-3
42.7109526 ,Left ,+7 ,+1 ,+1 ,-16 ,+10 ,+3 ,-10 ,+2
42.7321208 ,Left ,-1 ,+1 ,+1 ,-2 ,-3 ,-4 ,-5 ,-9
42.7321393 ,Left ,+1 ,0  ,0  ,+6 ,-12 ,+43 ,+49 ,+26
42.7333344 ,Left ,+4 ,+1 ,-2 ,-36 ,-12 ,-19 ,+41 ,0 
42.7333456 ,Left ,-6 ,-3 ,-1 ,+14 ,+10 ,+6 ,-4 ,-10
42.7467848 ,Left ,+3 ,-3 ,-1 ,-20 ,-6 ,-25 ,-18 ,-2
42.7470244 ,Left ,-1 ,+2 ,+5 ,+23 ,+16 ,-5 ,+19 ,-10
42.7482867 ,Left ,+1 ,-5 ,-5 ,-9 ,-13 ,+10 ,-13 ,+11
42.7483939 ,Left ,+2 ,+8 ,0  ,-25 ,+4 ,+8 ,-6 ,+2
42.7691853 ,Left ,-3 ,-6 ,-5 ,-6 ,-20 ,-23 ,+26 ,-3
42.7691903 ,Left ,-2 ,-3 ,-1 ,-5 ,+8 ,+14 ,+9 ,+5
42.770423 ,Left ,+1 ,+2 ,+4 ,-1 ,+2 ,+16 ,+19 ,+5
42.770514 ,Left ,-1 ,-2 ,-6 ,-17 ,-5 ,-17 ,-8 ,-2
42.7905378 ,Left ,-2 ,-2 ,+2 ,+12 ,+14 ,+25 ,+4 ,+2
42.790542 ,Left ,0  ,+1 ,-2 ,-1 ,+7 ,-7 ,-27 ,-2
42.7989624 ,Left ,-4 ,-4 ,-5 ,-20 ,+9 ,-5 ,-18 ,-8
42.7989663 ,Left ,-4 ,-4 ,-1 ,+27 ,+3 ,-1 ,-4 ,-3
42.805825 ,Left ,+2 ,+3 ,+3 ,-5 ,-2 ,+1 ,+4 ,+3
42.8058294 ,Left ,-2 ,-3 ,-5 ,+28 ,+2 ,-8 ,-12 ,-7
42.8123914 ,Left ,0  ,+1 ,+8 ,-27 ,-10 ,+10 ,-8 ,-2
42.8124779 ,Left ,+4 ,+12 ,+4 ,-3 ,+8 ,0  ,+12 ,+3
42.8288947 ,Left ,-5 ,-6 ,+2 ,+8 ,-10 ,+3 ,-8 ,0 
42.8288975 ,Left ,-4 ,-15 ,-40 ,-32 ,-7 ,-5 ,-16 ,-8
42.8303972 ,Left ,0  ,-1 ,+18 ,+11 ,0  ,-8 ,-13 ,-5
42.8303999 ,Left ,-3 ,-5 ,+15 ,0  ,-2 ,-1 ,0  ,+2
42.8516245 ,Left ,-1 ,+6 ,0  ,-2 ,+7 ,-2 ,-2 ,0 
42.8516273 ,Left ,-1 ,-2 ,-8 ,-23 ,-6 ,-6 ,-13 ,-5
42.8529584 ,Left ,-3 ,-8 ,-28 ,+1 ,-2 ,-2 ,-4 ,-4
42.8529615 ,Left ,-3 ,-1 ,+28 ,+13 ,+3 ,+2 ,+5 ,-1
42.8656132 ,Left ,+4 ,+9 ,+24 ,+37 ,-1 ,+6 ,0  ,0 
42.8656167 ,Left ,-2 ,-8 ,-36 ,-43 ,+2 ,-3 ,-1 ,-1
42.872383 ,Left ,+5 ,+3 ,+8 ,+18 ,-1 ,0  ,-4 ,0 
42.8723868 ,Left ,-3 ,+2 ,-5 ,+8 ,-3 ,+1 ,0  ,+2
42.8965728 ,Left ,-3 ,-3 ,0  ,-26 ,0  ,-3 ,-4 ,-1
42.8965898 ,Left ,-3 ,+2 ,+27 ,+26 ,-6 ,-8 ,-9 ,-2
42.8979475 ,Left ,-1 ,+1 ,+1 ,+13 ,+3 ,+1 ,-1 ,-2
42.8979517 ,Left ,-2 ,-5 ,-23 ,-59 ,-11 ,-2 ,0  ,-2
42.9116405 ,Left ,0  ,-1 ,+1 ,+13 ,+2 ,+2 ,0  ,+1
42.9116452 ,Left ,-1 ,-1 ,-3 ,-17 ,-2 ,+2 ,-1 ,-2
42.9129622 ,Left ,-1 ,+1 ,-6 ,-10 ,-6 ,+1 ,-1 ,0 
42.9129667 ,Left ,0  ,+2 ,+4 ,+37 ,+7 ,-1 ,+2 ,-6
42.9258691 ,Left ,-6 ,-4 ,-17 ,-13 ,0  ,+8 ,+1 ,+11
42.9258737 ,Left ,+2 ,+3 ,+14 ,+16 ,-2 ,-8 ,-3 ,+3
42.9327705 ,Left ,-3 ,-2 ,-9 ,-23 ,-2 ,+8 ,+1 ,-1
42.9327751 ,Left ,0  ,-1 ,-3 ,-10 ,-1 ,+8 ,+1 ,-2
42.9488205 ,Left ,-2 ,-3 ,-5 ,+24 ,+2 ,-15 ,-12 ,-3
42.9489381 ,Left ,+1 ,+4 ,+4 ,-44 ,-4 ,+3 ,+4 ,0 
42.9504598 ,Left ,-5 ,+2 ,+6 ,+31 ,-2 ,-4 ,-11 ,-5
42.950464 ,Left ,-3 ,-5 ,-11 ,+2 ,-4 ,-3 ,+5 ,0 
42.9715399 ,Left ,-1 ,-3 ,-2 ,-7 ,+7 ,+9 ,+1 ,0 
42.9715449 ,Left ,0  ,+1 ,+2 ,-1 ,-1 ,-8 ,-2 ,+1
42.9730227 ,Left ,-1 ,-4 ,-5 ,-2 ,-6 ,-3 ,-4 ,-4
42.9730273 ,Left ,-1 ,-1 ,+3 ,+3 ,+5 ,+2 ,-3 ,0 
42.9856715 ,Left ,0  ,-1 ,-7 ,-3 ,+6 ,0  ,-1 ,-2
42.9856758 ,Left ,+2 ,-5 ,-6 ,+18 ,-4 ,-7 ,-1 ,-4
42.9927143 ,Left ,-3 ,+3 ,-4 ,-19 ,+1 ,-3 ,+1 ,0 
42.9927191 ,Left ,0  ,+4 ,+8 ,+34 ,-27 ,-8 ,-2 ,0 
43.0091008 ,Left ,-2 ,-4 ,-8 ,-28 ,+15 ,+10 ,+3 ,-4
43.0091053 ,Left ,-3 ,+3 ,+22 ,+46 ,-2 ,-23 ,-6 ,-2
43.0105291 ,Left ,+2 ,-2 ,-6 ,-18 ,0  ,+2 ,-1 ,+2
43.0105337 ,Left ,-2 ,-5 ,-10 ,-10 ,+2 ,-3 ,-3 ,+2
43.0313938 ,Left ,+1 ,+4 ,+7 ,-8 ,-9 ,-1 ,+1 ,-1
43.0313982 ,Left ,-3 ,-4 ,-6 ,+10 ,-1 ,+7 ,-4 ,-1
43.0329471 ,Left ,-1 ,-1 ,-2 ,-13 ,0  ,-2 ,-1 ,0 
43.0329513 ,Left ,0  ,+3 ,+10 ,+14 ,+9 ,-2 ,0  ,0 
43.0449805 ,Left ,0  ,-3 ,-15 ,-7 ,-6 ,-1 ,-2 ,-1
43.044985 ,Left ,-1 ,+3 ,+19 ,+13 ,+4 ,+1 ,-1 ,0 
43.0539668 ,Left ,-2 ,-4 ,-13 ,-31 ,-7 ,-5 ,0  ,-2
43.0539711 ,Left ,-1 ,-3 ,-9 ,-21 ,+6 ,+2 ,+2 ,+1
43.0686247 ,Left ,0  ,-1 ,+3 ,-13 ,-8 ,-2 ,-5 ,-3
43.0686291 ,Left ,-1 ,+3 ,-2 ,-6 ,-4 ,+4 ,-12 ,0 
43.0750986 ,Left ,+1 ,+2 ,+8 ,+15 ,+2 ,-4 ,+19 ,-1
43.0751034 ,Left ,-5 ,-3 ,-15 ,0  ,+4 ,-10 ,-3 ,-2
43.0915607 ,Left ,+2 ,-3 ,-1 ,+9 ,-6 ,-12 ,+9 ,-3
43.0915653 ,Left ,-1 ,0  ,-1 ,-22 ,-5 ,-2 ,-7 ,+6
43.0930679 ,Left ,-2 ,-3 ,-8 ,+10 ,+2 ,+9 ,+2 ,-1
43.0930722 ,Left ,+1 ,-1 ,+1 ,+5 ,+9 ,+20 ,-13 ,+1
43.1057958 ,Left ,-1 ,+1 ,+7 ,+10 ,+2 ,+11 ,+5 ,-6
43.1058016 ,Left ,-2 ,-2 ,-10 ,-6 ,-5 ,-4 ,-10 ,-3
43.1124362 ,Left ,-3 ,-2 ,-4 ,-41 ,-9 ,-5 ,+4 ,-1
43.1124407 ,Left ,0  ,-2 ,+7 ,+44 ,+13 ,+6 ,+16 ,+1
43.1289569 ,Left ,-1 ,-2 ,-7 ,-16 ,-9 ,-11 ,-9 ,+5
43.1289621 ,Left ,-10 ,-1 ,+1 ,+25 ,0  ,+16 ,-51 ,-35
43.1305563 ,Left ,+7 ,-2 ,+3 ,+14 ,+1 ,-6 ,+2 ,+10
43.1305653 ,Left ,0  ,-3 ,-10 ,-39 ,-8 ,+26 ,-6 ,-2
43.1517912 ,Left ,-4 ,-1 ,-4 ,0  ,+3 ,0  ,+13 ,-2
43.1517981 ,Left ,+10 ,+3 ,+4 ,0  ,+6 ,+16 ,+35 ,+19
43.1530957 ,Left ,-6 ,0  ,+4 ,+15 ,-8 ,+6 ,+13 ,-4
43.1531018 ,Left ,+1 ,-1 ,-3 ,+6 ,+1 ,+12 ,-7 ,+11
43.1650585 ,Left ,-1 ,-1 ,+1 ,+2 ,-2 ,-22 ,+4 ,+3
43.1650642 ,Left ,-9 ,-1 ,-1 ,-6 ,+6 ,+14 ,+4 ,-1
43.1740324 ,Left ,+3 ,+1 ,+4 ,+6 ,+2 ,-5 ,+3 ,-3
43.1740383 ,Left ,+1 ,-2 ,+3 ,+44 ,+3 ,-19 ,+1 ,-3
43.1888787 ,Left ,-5 ,-6 ,-11 ,-19 ,-6 ,+4 ,-16 ,-7
43.1888845 ,Left ,-1 ,-3 ,-3 ,-54 ,-10 ,-10 ,+16 ,0 
43.1902772 ,Left ,+4 ,+5 ,-3 ,+13 ,+3 ,-1 ,-20 ,+3
43.1902994 ,Left ,-7 ,+1 ,+32 ,+105 ,0  ,-11 ,-3 ,-7
43.2113689 ,Left ,0  ,-2 ,-20 ,-54 ,+7 ,+6 ,-5 ,+2
43.2113717 ,Left ,+8 ,+11 ,+16 ,+5 ,-9 ,-16 ,-8 ,-1
43.2127191 ,Left ,-3 ,-7 ,-13 ,-31 ,-4 ,+5 ,-1 ,-3
43.2127415 ,Left ,-4 ,-12 ,-44 ,-78 ,+3 ,-7 ,-2 ,-4
43.2249178 ,Left ,+1 ,+5 ,+30 ,+64 ,-4 ,-2 ,+3 ,-5
43.2250508 ,Left ,+2 ,-1 ,-11 ,-23 ,0  ,-2 ,+9 ,+4
43.233718 ,Left ,-6 ,-3 ,+5 ,+44 ,0  ,-4 ,-14 ,-4
43.2337725 ,Left ,0  ,+2 ,-23 ,-57 ,-10 ,-6 ,+6 ,0 
43.2485777 ,Left ,0  ,-3 ,+14 ,-18 ,-3 ,0  ,-7 ,-1
43.2486172 ,Left ,-5 ,-8 ,-14 ,+4 ,+10 ,+1 ,+1 ,-2
43.2502411 ,Left ,+2 ,+5 ,+30 ,+22 ,-4 ,-4 ,-7 ,-2
43.2502616 ,Left ,0  ,0  ,-9 ,-39 ,-1 ,-5 ,-2 ,-1
43.2712946 ,Left ,-1 ,0  ,+8 ,+57 ,+24 ,+4 ,+2 ,+1
43.2712972 ,Left ,0  ,+6 ,+27 ,+11 ,-8 ,-4 ,0  ,0 
43.2727242 ,Left ,-2 ,-4 ,-9 ,+1 ,0  ,-2 ,0  ,-5
43.2727475 ,Left ,0  ,+2 ,+12 ,-9 ,-7 ,-5 ,+3 ,0 
43.2849851 ,Left ,+3 ,+7 ,+5 ,+35 ,+4 ,0  ,-1 ,0 
43.2849879 ,Left ,-1 ,0  ,-7 ,-17 ,+4 ,-2 ,+4 ,+1
43.2939169 ,Left ,-3 ,-8 ,-18 ,-39 ,+2 ,0  ,-5 ,-2
43.2939195 ,Left ,+1 ,+1 ,+3 ,+26 ,-12 ,-4 ,-1 ,-1
43.3088626 ,Left ,0  ,+1 ,+6 ,+10 ,+6 ,+2 ,0  ,+1
43.3088657 ,Left ,-3 ,-8 ,-17 ,+2 ,-2 ,-5 ,-1 ,-4
43.3102958 ,Left ,-3 ,0  ,-10 ,-16 ,+7 ,0  ,0  ,0 
43.3102981 ,Left ,-4 ,+1 ,+11 ,-15 ,-16 ,-3 ,-1 ,+1
43.3315962 ,Left ,0  ,-2 ,-14 ,-38 ,-14 ,+2 ,-9 ,+2
43.331599 ,Left ,-2 ,-4 ,-5 ,+28 ,0  ,+16 ,+18 ,0 
43.332949 ,Left ,-1 ,0  ,-4 ,-21 ,-7 ,-23 ,-4 ,-5
43.3329518 ,Left ,-3 ,0  ,+5 ,-8 ,+8 ,+4 ,-2 ,-5
43.3540702 ,Left ,+5 ,-5 ,-15 ,-1 ,-18 ,-8 ,-3 ,-4
43.3540738 ,Left ,-2 ,-2 ,0  ,+2 ,-1 ,+7 ,-2 ,-1
43.3553523 ,Left ,0  ,+2 ,+4 ,-14 ,-2 ,+5 ,-2 ,+4
43.3553548 ,Left ,-1 ,-2 ,+1 ,0  ,+1 ,-6 ,0  ,+1
43.3687865 ,Left ,-2 ,-2 ,-1 ,0  ,0  ,+5 ,+1 ,+1
43.3687893 ,Left ,0  ,-2 ,+4 ,+19 ,-3 ,-9 ,-5 ,0 
43.3703464 ,Left ,+1 ,+1 ,+13 ,-1 ,-5 ,-3 ,+2 ,-3
43.3703862 ,Left ,+2 ,-5 ,-24 ,-31 ,+7 ,+6 ,-3 ,-2
43.3913799 ,Left ,-6 ,-5 ,-12 ,-1 ,-4 ,+1 ,-2 ,-2
43.3913828 ,Left ,+2 ,+6 ,+3 ,0  ,-4 ,-8 ,-4 ,-2
43.392865 ,Left ,-1 ,-1 ,+4 ,+11 ,+8 ,0  ,-1 ,+1
43.3928676 ,Left ,0  ,-6 ,-21 ,+20 ,-2 ,-2 ,-1 ,-1
43.4051333 ,Left ,-3 ,+1 ,+17 ,-17 ,-5 ,-4 ,+1 ,-1
43.4051362 ,Left ,-2 ,-5 ,-6 ,-2 ,-4 ,-4 ,-3 ,0 
43.4139068 ,Left ,+1 ,-2 ,+4 ,+28 ,+21 ,+5 ,-1 ,-3
43.4139095 ,Left ,-1 ,+1 ,+11 ,+3 ,-18 ,-4 ,+1 ,-1
43.4289679 ,Left ,-1 ,-9 ,-44 ,-50 ,-2 ,-1 ,0  ,-2
43.4289766 ,Left ,+1 ,+1 ,+3 ,-24 ,+8 ,-3 ,-1 ,0 
43.4304257 ,Left ,-3 ,-5 ,0  ,+37 ,-10 ,0  ,-6 ,-3
43.4304284 ,Left ,-1 ,+1 ,+11 ,-4 ,+5 ,+4 ,+1 ,0 
43.4512642 ,Left ,-3 ,+1 ,+1 ,+8 ,+5 ,-21 ,-5 ,-1
43.4512669 ,Left ,+1 ,-2 ,-4 ,-16 ,-7 ,+8 ,-1 ,-2
43.4528339 ,Left ,+2 ,0  ,-5 ,-4 ,-2 ,-9 ,-3 ,0 
43.4528364 ,Left ,-1 ,+1 ,-1 ,-10 ,+2 ,0  ,-1 ,-1
43.4651379 ,Left ,+2 ,+1 ,+5 ,-1 ,-1 ,+7 ,0  ,+1
43.4651408 ,Left ,-1 ,+1 ,+8 ,+14 ,+6 ,-5 ,0  ,-1
43.4740022 ,Left ,+3 ,-1 ,-11 ,+9 ,-5 ,+4 ,-2 ,+1
43.4740379 ,Left ,-5 ,-5 ,-16 ,-42 ,-4 ,-6 ,-2 ,-2
43.4890033 ,Left ,-2 ,-2 ,+23 ,+65 ,-2 ,-2 ,0  ,0 
43.4890063 ,Left ,-4 ,-4 ,-22 ,-10 ,-2 ,-2 ,-4 ,+1
43.4904324 ,Left ,-3 ,+1 ,+1 ,+2 ,+2 ,+5 ,-1 ,-2
43.4904355 ,Left ,+1 ,+2 ,+8 ,-12 ,+1 ,-4 ,+2 ,0 
43.5115861 ,Left ,-1 ,+2 ,+8 ,-8 ,0  ,+3 ,0  ,-3
43.5115889 ,Left ,+2 ,+1 ,-2 ,+7 ,-2 ,+1 ,+4 ,+1
43.5129244 ,Left ,-4 ,-3 ,-5 ,+3 ,-2 ,-2 ,+1 ,+2
43.5129277 ,Left ,0  ,-1 ,0  ,+40 ,+4 ,-4 ,0  ,-2
43.5339517 ,Left ,-1 ,-6 ,-11 ,+22 ,-7 ,-4 ,-3 ,-4
43.5339545 ,Left ,0  ,-2 ,+6 ,+10 ,+1 ,+3 ,-3 ,-3
43.5353546 ,Left ,-1 ,+3 ,0  ,-27 ,-6 ,-21 ,-7 ,-2
43.5353571 ,Left ,-1 ,0  ,-2 ,-13 ,+1 ,+3 ,-1 ,0 
43.5481886 ,Left ,+2 ,-1 ,-2 ,-17 ,-3 ,+2 ,+3 ,+1
43.5481914 ,Left ,-7 ,-1 ,-5 ,-8 ,0  ,-2 ,-7 ,-8
43.5551682 ,Left ,+2 ,-2 ,-3 ,-12 ,-2 ,+9 ,+8 ,+7
43.555171 ,Left ,+2 ,0  ,+5 ,+15 ,-1 ,-25 ,-23 ,-4
43.5713663 ,Left ,-5 ,+1 ,-3 ,-13 ,0  ,+16 ,+11 ,-4
43.5713693 ,Left ,-2 ,+1 ,+1 ,-17 ,+2 ,+15 ,-23 ,+7
43.572845 ,Left ,+1 ,-4 ,+3 ,+2 ,-1 ,-12 ,-7 ,-5
43.5728478 ,Left ,-7 ,-1 ,+3 ,-1 ,-2 ,-2 ,+3 ,-3
43.5940373 ,Left ,+10 ,0  ,-3 ,-20 ,+6 ,-7 ,+6 ,+3
43.5940403 ,Left ,-2 ,-3 ,+7 ,+18 ,-1 ,+9 ,+8 ,-19
43.5954348 ,Left ,+11 ,0  ,-11 ,-22 ,-5 ,+23 ,+19 ,+18
43.5954376 ,Left ,-3 ,+4 ,+14 ,+40 ,-2 ,-29 ,-22 ,+1
43.6085432 ,Left ,-6 ,0  ,-8 ,-32 ,+7 ,-8 ,-55 ,-9
43.6085461 ,Left ,+1 ,-4 ,-6 ,0  ,-8 ,+8 ,+53 ,+11
43.6164812 ,Left ,-7 ,0  ,+6 ,-33 ,+7 ,+14 ,+10 ,-9
43.6164844 ,Left ,+3 ,+1 ,-8 ,-6 ,-9 ,+1 ,+26 ,+6
43.6316016 ,Left ,+1 ,+4 ,+2 ,+1 ,+7 ,-2 ,+10 ,+1
43.6316043 ,Left ,-9 ,-4 ,-2 ,+13 ,-25 ,-13 ,+7 ,-3
43.6328737 ,Left ,-2 ,+1 ,-3 ,-13 ,+18 ,-3 ,-18 ,+5
43.6328763 ,Left ,-2 ,-3 ,+3 ,+21 ,+15 ,+10 ,-4 ,-4
43.6537433 ,Left ,-7 ,0  ,-1 ,-6 ,-29 ,-3 ,+4 ,-5
43.6537468 ,Left ,0  ,-6 ,-11 ,+32 ,+8 ,-7 ,-18 ,-4
43.6553552 ,Left ,-4 ,-8 ,+15 ,+42 ,-3 ,-5 ,+3 ,-6
43.6553579 ,Left ,+8 ,+18 ,-1 ,-72 ,0  ,+5 ,+2 ,+1
43.6689322 ,Left ,-1 ,-4 ,-8 ,+43 ,-1 ,0  ,-3 ,+1
43.6689351 ,Left ,0  ,+1 ,+22 ,+31 ,+3 ,-10 ,-7 ,+1
43.6704177 ,Left ,+2 ,+4 ,+1 ,+5 ,-6 ,-3 ,-2 ,0 
43.6704204 ,Left ,-4 ,-14 ,-23 ,0  ,+10 ,+7 ,+4 ,0 
43.6912354 ,Left ,+1 ,+7 ,+3 ,-19 ,-7 ,+2 ,+7 ,+1
43.6912381 ,Left ,-1 ,-8 ,-8 ,-10 ,+4 ,-2 ,-11 ,+2
43.6928593 ,Left ,-5 ,-10 ,-42 ,-28 ,-11 ,-2 ,-6 ,-6
43.6928617 ,Left ,+1 ,+3 ,+37 ,+30 ,-3 ,+4 ,0  ,-2
43.7137658 ,Left ,-2 ,0  ,+10 ,+22 ,+8 ,0  ,+1 ,+1
43.7137685 ,Left ,+3 ,+2 ,-3 ,-80 ,-7 ,-2 ,+7 ,-1
43.7153301 ,Left ,-4 ,-5 ,-14 ,+32 ,-1 ,-29 ,-1 ,-2
43.7153325 ,Left ,-2 ,-3 ,-9 ,-14 ,-14 ,0  ,-7 ,0 
43.7274596 ,Left ,0  ,-2 ,+14 ,+5 ,+4 ,+2 ,+17 ,+1
43.7274621 ,Left ,+1 ,+2 ,+3 ,-4 ,+1 ,-8 ,-20 ,-2
43.7439565 ,Left ,0  ,+6 ,+23 ,-9 ,+3 ,+2 ,+4 ,-2
43.7439597 ,Left ,-2 ,-1 ,-1 ,+7 ,-9 ,+14 ,-1 ,-2
43.7507981 ,Left ,0  ,-2 ,-2 ,+1 ,+3 ,-6 ,+1 ,+1
43.750801 ,Left ,-1 ,+1 ,+7 ,+28 ,+2 ,+1 ,-1 ,+1
43.7576442 ,Left ,-3 ,-3 ,-13 ,-17 ,-5 ,+7 ,0  ,-1
43.7576508 ,Left ,+1 ,-3 ,-2 ,+3 ,-27 ,-10 ,-4 ,-2
43.7814785 ,Left ,0  ,-3 ,-1 ,+12 ,+15 ,+6 ,-2 ,+1
43.7814814 ,Left ,-1 ,-3 ,-20 ,-69 ,-14 ,-4 ,0  ,-3
43.782851 ,Left ,-3 ,+1 ,+5 ,+21 ,-10 ,-2 ,-7 ,-6
43.7828539 ,Left ,-2 ,0  ,-6 ,-14 ,+8 ,0  ,+5 ,-1
43.7873699 ,Left ,0  ,-1 ,-6 ,-14 ,-6 ,-1 ,-1 ,0 
43.7873724 ,Left ,-2 ,-3 ,-6 ,+11 ,0  ,-5 ,+2 ,+1
43.7963769 ,Left ,-1 ,+1 ,+7 ,+22 ,-6 ,-9 ,-11 ,-3
43.7963795 ,Left ,+1 ,-1 ,+1 ,-37 ,+18 ,+4 ,-8 ,0 
43.8106197 ,Left ,-1 ,-5 ,-12 ,+6 ,-26 ,+4 ,+10 ,-4
43.8106226 ,Left ,-2 ,+2 ,+13 ,+36 ,+28 ,+7 ,+6 ,-2
43.8173841 ,Left ,-2 ,-1 ,0  ,-24 ,-7 ,+1 ,+1 ,0 
43.8173869 ,Left ,+5 ,-4 ,-9 ,-11 ,+3 ,+1 ,-2 ,-3
43.8340464 ,Left ,-2 ,-4 ,-2 ,+2 ,+3 ,+3 ,-3 ,-1
43.8340494 ,Left ,+1 ,+2 ,-1 ,+1 ,+3 ,0  ,-7 ,+1
43.835391 ,Left ,-1 ,+2 ,+4 ,-4 ,-3 ,+6 ,-1 ,-1
43.8353941 ,Left ,-5 ,-5 ,-4 ,-3 ,-4 ,-6 ,+4 ,-1
43.8481616 ,Left ,+1 ,0  ,+3 ,-2 ,+6 ,-2 ,-4 ,+1
43.8481644 ,Left ,0  ,0  ,-2 ,-2 ,-7 ,-4 ,-2 ,-1
43.8548942 ,Left ,+1 ,+6 ,+16 ,+25 ,+6 ,+1 ,+2 ,0 
43.8548969 ,Left ,-1 ,-7 ,-19 ,-12 ,-7 ,0  ,-3 ,-1
43.8713134 ,Left ,-4 ,-3 ,-11 ,-17 ,+4 ,-4 ,-3 ,-5
43.871316 ,Left ,0  ,-1 ,-7 ,+20 ,-2 ,-5 ,-3 ,-1
43.8727648 ,Left ,-2 ,-3 ,-1 ,+8 ,-1 ,+5 ,-3 ,-1
43.8728275 ,Left ,+1 ,+8 ,+10 ,-1 ,0  ,-1 ,+5 ,+2
43.8937025 ,Left ,+1 ,+1 ,-1 ,-32 ,-24 ,-7 ,+1 ,+3
43.8937163 ,Left ,0  ,-1 ,+6 ,+67 ,+22 ,0  ,0  ,+2
43.8953816 ,Left ,-1 ,0  ,-2 ,+5 ,-3 ,+3 ,-3 ,0 
43.8953841 ,Left ,-3 ,-4 ,-5 ,-23 ,-12 ,-1 ,+3 ,-2
43.9087806 ,Left ,-1 ,-2 ,-6 ,-16 ,-5 ,-2 ,0  ,-2
43.9087835 ,Left ,-2 ,+1 ,+1 ,-13 ,-1 ,-2 ,-5 ,0 
43.9150304 ,Left ,0  ,-4 ,-5 ,+5 ,-7 ,+8 ,+1 ,0 
43.9150331 ,Left ,-4 ,-2 ,-2 ,-19 ,-4 ,-19 ,-2 ,-1
43.9314053 ,Left ,+5 ,+8 ,+2 ,+16 ,+12 ,+4 ,0  ,+2
43.931408 ,Left ,-1 ,-3 ,0  ,-24 ,-10 ,-3 ,-2 ,-1
43.932943 ,Left ,-1 ,0  ,-1 ,+4 ,+19 ,+5 ,+2 ,0 
43.9329458 ,Left ,0  ,-1 ,+4 ,+7 ,-13 ,+3 ,+2 ,0 
43.9539723 ,Left ,-1 ,-3 ,-1 ,-1 ,+16 ,+1 ,-11 ,-1
43.9539754 ,Left ,-2 ,+3 ,+8 ,+50 ,-3 ,-5 ,+14 ,-2
43.9554587 ,Left ,0  ,-3 ,-22 ,-53 ,-8 ,-8 ,-4 ,-1
43.9554617 ,Left ,-1 ,+1 ,+1 ,+18 ,-38 ,-4 ,-4 ,-1
43.9682171 ,Left ,-2 ,-3 ,+5 ,+16 ,+2 ,-5 ,-3 ,+1
43.9682204 ,Left ,-1 ,0  ,-2 ,-31 ,-2 ,+6 ,-3 ,+1
43.9748587 ,Left ,-2 ,-2 ,+7 ,+49 ,+1 ,-14 ,-3 ,-4
43.9748845 ,Left ,-1 ,-2 ,-6 ,-48 ,+13 ,+8 ,-1 ,0 
43.9914544 ,Left ,-1 ,0  ,+10 ,+6 ,+3 ,-4 ,+6 ,-2
43.9914571 ,Left ,-1 ,-3 ,-14 ,-36 ,-16 ,-4 ,-9 ,-1
43.9929246 ,Left ,-5 ,+1 ,+6 ,+1 ,+9 ,+13 ,+5 ,0 
43.9929274 ,Left ,+6 ,+1 ,+4 ,+29 ,+14 ,-1 ,-25 ,-4
44.0140107 ,Left ,-7 ,-6 ,-8 ,-26 ,-14 ,-1 ,+45 ,+5
44.0140143 ,Left ,+1 ,+1 ,+4 ,+26 ,-1 ,0  ,+44 ,+2
44.0154362 ,Left ,-5 ,0  ,-5 ,-25 ,-7 ,-35 ,-6 ,-1
44.0154397 ,Left ,+11 ,+1 ,+11 ,+45 ,+10 ,+3 ,+18 ,-17
44.0281186 ,Left ,+1 ,-1 ,-8 ,-19 ,-5 ,-20 ,-73 ,+5
44.0281223 ,Left ,0  ,-3 ,+1 ,-2 ,-2 ,+44 ,+61 ,-2
44.0350243 ,Left ,-2 ,-6 ,-9 ,-23 ,+1 ,-32 ,-42 ,-4
44.035028 ,Left ,-8 ,-4 ,-6 ,+1 ,-19 ,+1 ,+21 ,+9
44.0514206 ,Left ,0  ,+5 ,+5 ,-6 ,-16 ,-4 ,-10 ,-8
44.0514246 ,Left ,+1 ,+5 ,+1 ,-14 ,+27 ,+4 ,+8 ,+2
44.0529807 ,Left ,-4 ,-4 ,-5 ,-7 ,-18 ,+15 ,+16 ,-1
44.0529844 ,Left ,0  ,+2 ,+8 ,+14 ,+36 ,-9 ,-14 ,0 
44.0738087 ,Left ,0  ,-6 ,-10 ,-60 ,+4 ,+3 ,+15 ,-4
44.0738125 ,Left ,-1 ,-3 ,-4 ,+4 ,-31 ,-11 ,-39 ,+5
44.0754003 ,Left ,0  ,-1 ,-6 ,-17 ,+1 ,+11 ,+11 ,-8
44.0754047 ,Left ,-2 ,-8 ,+4 ,+60 ,+22 ,-4 ,-10 ,+4
44.0875515 ,Left ,-1 ,+3 ,-1 ,-30 ,+8 ,+15 ,+12 ,-1
44.0875547 ,Left ,+1 ,+1 ,+1 ,0  ,-2 ,-17 ,-19 ,-3
44.0963513 ,Left ,-2 ,-6 ,+22 ,+31 ,+10 ,-4 ,-17 ,0 
44.0963541 ,Left ,-1 ,+1 ,-14 ,-26 ,-24 ,+11 ,+9 ,-1
44.1115842 ,Left ,-5 ,-1 ,-10 ,+27 ,+1 ,-2 ,-8 ,-2
44.111587 ,Left ,+1 ,+4 ,+36 ,+26 ,-3 ,-12 ,-19 ,-6
44.1130079 ,Left ,+2 ,-7 ,-63 ,-80 ,-13 ,+15 ,+12 ,+3
44.1130105 ,Left ,-6 ,-2 ,+35 ,+22 ,+13 ,+4 ,-6 ,+2
44.1339806 ,Left ,-1 ,-5 ,-24 ,+23 ,+1 ,0  ,+8 ,-4
44.1339834 ,Left ,-2 ,-1 ,+2 ,-1 ,-2 ,-12 ,-17 ,-2
44.1354209 ,Left ,+2 ,-3 ,-18 ,-5 ,+4 ,+11 ,+6 ,0 
44.1354238 ,Left ,-3 ,-1 ,-11 ,-30 ,-1 ,-4 ,-1 ,-1
44.1473231 ,Left ,+3 ,+8 ,+57 ,+41 ,-2 ,-9 ,-8 ,-2
44.1473456 ,Left ,-4 ,-10 ,-47 ,-38 ,-1 ,0  ,0  ,-1
44.1563646 ,Left ,+1 ,+6 ,+29 ,+31 ,-3 ,+2 ,-4 ,+3
44.1563723 ,Left ,-3 ,-4 ,-26 ,-17 ,0  ,+3 ,-14 ,-4
44.1715299 ,Left ,+2 ,+2 ,+9 ,+26 ,-6 ,-2 ,+18 ,0 
44.1715326 ,Left ,-1 ,+1 ,+2 ,-14 ,-2 ,-13 ,-9 ,-3
44.1727777 ,Left ,+1 ,+4 ,+19 ,+19 ,+1 ,+1 ,+5 ,0 
44.1727812 ,Left ,0  ,-1 ,-9 ,+2 ,-1 ,-5 ,-2 ,-1
44.1938095 ,Left ,-1 ,-3 ,-9 ,-9 ,+2 ,+13 ,-4 ,+1
44.1938544 ,Left ,-2 ,-1 ,+6 ,+2 ,+1 ,-1 ,+1 ,-2
44.195357 ,Left ,-4 ,-5 ,-9 ,-9 ,-3 ,0  ,-5 ,-5
44.1954036 ,Left ,-3 ,-2 ,+4 ,+1 ,-7 ,-12 ,-1 ,+8
44.2162827 ,Left ,+6 ,+1 ,-7 ,+12 ,+6 ,0  ,-7 ,+5
44.2163195 ,Left ,-3 ,-4 ,-11 ,-17 ,-4 ,-12 ,-14 ,-3
44.21783 ,Left ,-5 ,-2 ,+9 ,+9 ,-6 ,+6 ,-7 ,-10
44.2178595 ,Left ,-2 ,0  ,-6 ,-10 ,-1 ,+1 ,+8 ,-2
44.2312556 ,Left ,-4 ,-2 ,-2 ,-9 ,-2 ,0  ,-2 ,-4
44.2313179 ,Left ,-2 ,-1 ,-7 ,-17 ,-2 ,+13 ,+12 ,-1
44.2327447 ,Left ,+2 ,0  ,+8 ,+33 ,+6 ,+6 ,+5 ,+8
44.2327734 ,Left ,0  ,+1 ,+4 ,-14 ,0  ,-1 ,+1 ,-2
44.2539731 ,Left ,-1 ,-3 ,-11 ,-10 ,-3 ,-3 ,-1 ,-1
44.2539759 ,Left ,0  ,0  ,+2 ,-5 ,0  ,+4 ,0  ,-2
44.2554161 ,Left ,-1 ,0  ,+4 ,-5 ,0  ,-3 ,-7 ,+1
44.2554188 ,Left ,-3 ,-2 ,-7 ,-3 ,-1 ,+5 ,-3 ,-4
44.2674966 ,Left ,-1 ,+1 ,+1 ,-3 ,-2 ,+2 ,+1 ,-3
44.2674994 ,Left ,-1 ,-4 ,0  ,+16 ,0  ,-2 ,-4 ,+1
44.2763859 ,Left ,+1 ,-1 ,-1 ,+2 ,+2 ,-1 ,-3 ,-2
44.2764092 ,Left ,-2 ,+2 ,+5 ,+11 ,-2 ,+5 ,-4 ,-4
44.2914169 ,Left ,-1 ,-2 ,-3 ,-20 ,-3 ,-12 ,-2 ,-2
44.2914198 ,Left ,0  ,+2 ,+11 ,+24 ,+2 ,0  ,-8 ,0 
44.2930069 ,Left ,-2 ,-4 ,-27 ,-37 ,-3 ,-4 ,+2 ,-1
44.2930096 ,Left ,0  ,+2 ,+6 ,-10 ,-1 ,0  ,+3 ,-1
44.3137387 ,Left ,-3 ,-2 ,+3 ,+40 ,0  ,-8 ,-1 ,-1
44.3137416 ,Left ,0  ,-1 ,-5 ,-1 ,+3 ,+5 ,-6 ,0 
44.3152529 ,Left ,+1 ,+3 ,+13 ,+10 ,+3 ,+4 ,+13 ,+1
44.3152554 ,Left ,-5 ,-3 ,-5 ,-8 ,-2 ,-8 ,-1 ,-2
44.3276402 ,Left ,0  ,+1 ,+8 ,+22 ,+6 ,-3 ,+1 ,-1
44.327643 ,Left ,0  ,-3 ,-9 ,-66 ,-9 ,-1 ,-9 ,0 
44.3364652 ,Left ,-1 ,+3 ,+6 ,+31 ,-5 ,-6 ,+1 ,0 
44.33647 ,Left ,-1 ,-4 ,-4 ,+25 ,-1 ,+1 ,-1 ,-1
44.3516287 ,Left ,0  ,-2 ,+4 ,-13 ,-10 ,+9 ,0  ,-3
44.3516326 ,Left ,0  ,+2 ,-8 ,-17 ,+25 ,-10 ,-1 ,-1
44.3529259 ,Left ,0  ,-3 ,-4 ,+47 ,+4 ,+3 ,-1 ,-1
44.3529291 ,Left ,-4 ,-6 ,-8 ,-27 ,-8 ,-4 ,-1 ,-3
44.3737141 ,Left ,-1 ,+1 ,-1 ,+2 ,+6 ,+3 ,0  ,+1
44.3737275 ,Left ,-1 ,-1 ,+2 ,-8 ,+3 ,+5 ,0  ,-1
44.3754 ,Left ,-1 ,+2 ,+2 ,-25 ,-1 ,-6 ,-6 ,-2
44.3754029 ,Left ,0  ,-1 ,+2 ,+57 ,+1 ,0  ,0  ,0 
44.3874355 ,Left ,0  ,-1 ,-6 ,+13 ,+7 ,+2 ,0  ,-1
44.3874385 ,Left ,-1 ,+6 ,+12 ,-21 ,-11 ,-2 ,-1 ,+2
44.3963309 ,Left ,-4 ,-5 ,-10 ,-2 ,-3 ,-4 ,-2 ,-4
44.3963636 ,Left ,0  ,-2 ,-5 ,-22 ,0  ,+1 ,-8 ,-10
44.4114614 ,Left ,0  ,0  ,+2 ,+12 ,-8 ,+1 ,+4 ,+11
44.4114641 ,Left ,0  ,-2 ,-7 ,+35 ,-6 ,+8 ,-24 ,-4
44.4128349 ,Left ,+3 ,+2 ,+6 ,-36 ,0  ,-34 ,+7 ,+3
44.4128373 ,Left ,-2 ,+1 ,-3 ,-10 ,+2 ,-4 ,+13 ,-2
44.4338158 ,Left ,+3 ,0  ,-4 ,+1 ,+5 ,+47 ,+1 ,+1
44.4338193 ,Left ,+4 ,-2 ,+3 ,+64 ,-1 ,-7 ,+62 ,+1
44.4353534 ,Left ,-7 ,-1 ,-1 ,-1 ,-6 ,-26 ,-62 ,+12
44.4353564 ,Left ,+6 ,+1 ,-4 ,-33 ,-8 ,+18 ,+4 ,-8
44.447671 ,Left ,-4 ,+1 ,-2 ,-35 ,-1 ,-33 ,+1 ,-5
44.4476745 ,Left ,-2 ,-6 ,-3 ,+13 ,+5 ,+29 ,+42 ,-3
44.4564372 ,Left ,+1 ,0  ,+2 ,-6 ,-16 ,+15 ,+6 ,-9
44.4564409 ,Left ,0  ,+1 ,-4 ,-37 ,+1 ,-32 ,+21 ,+11
44.4716698 ,Left ,-4 ,-2 ,+1 ,+18 ,+25 ,-20 ,-28 ,-1
44.4716732 ,Left ,-2 ,-2 ,-3 ,-39 ,-5 ,+24 ,+24 ,-4
44.4729206 ,Left ,-4 ,-5 ,0  ,+31 ,+5 ,+9 ,+8 ,-8
44.4729237 ,Left ,-3 ,+2 ,-3 ,-56 ,-3 ,-2 ,-25 ,+2
44.4937883 ,Left ,-2 ,-5 ,-1 ,+13 ,-16 ,-17 ,0  ,-13
44.4937917 ,Left ,-2 ,-5 ,-5 ,-42 ,+9 ,-24 ,-27 ,+1
44.4953512 ,Left ,+4 ,+4 ,+3 ,+9 ,+5 ,+7 ,+6 ,-1
44.4953544 ,Left ,-2 ,+2 ,+15 ,+4 ,-10 ,+6 ,-5 ,+1
44.5167271 ,Left ,-1 ,+5 ,+2 ,-4 ,-11 ,+4 ,+9 ,+2
44.5167305 ,Left ,-2 ,-16 ,-64 ,-29 ,-5 ,-8 ,-17 ,-1
44.5183586 ,Left ,+2 ,+14 ,+55 ,+23 ,+4 ,+11 ,-2 ,+2
44.5183619 ,Left ,+2 ,-3 ,-42 ,-28 ,-2 ,0  ,+4 ,0 
44.5315847 ,Left ,-3 ,-7 ,-9 ,+2 ,+26 ,+2 ,+3 ,-3
44.531588 ,Left ,-3 ,+2 ,+29 ,+7 ,-11 ,-10 ,-29 ,-1
44.5329533 ,Left ,-2 ,-13 ,-29 ,-17 ,+6 ,-3 ,+7 ,-3
44.5329559 ,Left ,-2 ,-1 ,+9 ,+22 ,+6 ,-3 ,-2 ,-2
44.5539522 ,Left ,+2 ,+9 ,+42 ,+39 ,+4 ,+4 ,+1 ,0 
44.5539551 ,Left ,-2 ,-1 ,-12 ,-12 ,-10 ,+5 ,-9 ,+1
44.5554076 ,Left ,+2 ,-5 ,-9 ,+11 ,-1 ,-17 ,+2 ,+1
44.5554102 ,Left ,0  ,+4 ,+25 ,+32 ,+14 ,+7 ,+4 ,-1
44.5764815 ,Left ,-6 ,-12 ,-61 ,-62 ,-45 ,-2 ,-7 ,-2
44.5764844 ,Left ,0  ,+3 ,+23 ,+26 ,0  ,-3 ,-3 ,0 
44.5779504 ,Left ,+1 ,+7 ,+16 ,-17 ,-10 ,0  ,+3 ,-1
44.577953 ,Left ,-2 ,-5 ,-5 ,+35 ,+5 ,+1 ,-7 ,0 
44.5913862 ,Left ,+2 ,+4 ,+2 ,-12 ,-3 ,-3 ,0  ,-1
44.5913891 ,Left ,-2 ,+2 ,+6 ,+2 ,-2 ,-11 ,-10 ,-2
44.5929411 ,Left ,-5 ,-9 ,-26 ,-10 ,+2 ,+9 ,+2 ,-2
44.5929445 ,Left ,-2 ,0  ,+10 ,+41 ,0  ,-2 ,-4 ,0 
44.6139816 ,Left ,-2 ,-5 ,-1 ,-78 ,-13 ,+3 ,+3 ,0 
44.6139844 ,Left ,-2 ,0  ,-4 ,-9 ,-4 ,-8 ,-4 ,-2
44.6153903 ,Left ,0  ,-5 ,-3 ,-24 ,+1 ,+3 ,0  ,0 
44.6153932 ,Left ,+2 ,+3 ,+5 ,-19 ,-5 ,+2 ,+3 ,0 
44.6364433 ,Left ,0  ,0  ,+3 ,+65 ,+3 ,0  ,+2 ,+1
44.6364464 ,Left ,+1 ,0  ,-7 ,-6 ,-6 ,-5 ,-7 ,-1
44.6378656 ,Left ,+1 ,-3 ,-3 ,-13 ,-7 ,0  ,+1 ,0 
44.6378683 ,Left ,-2 ,-3 ,0  ,+10 ,0  ,-2 ,-3 ,-2
44.6498759 ,Left ,-3 ,-1 ,-5 ,0  ,+4 ,0  ,-4 ,-14
44.6498794 ,Left ,+2 ,+5 ,+2 ,-14 ,+2 ,-1 ,+1 ,+17
44.6589041 ,Left ,-7 ,-1 ,+4 ,+26 ,-6 ,+13 ,-1 ,-2
44.6589069 ,Left ,+5 ,0  ,+3 ,+7 ,+6 ,-7 ,-11 ,-4
44.6737645 ,Left ,-3 ,-3 ,-6 ,-18 ,-9 ,-9 ,+6 ,0 
44.6737673 ,Left ,-2 ,-1 ,+3 ,+19 ,+8 ,+1 ,-13 ,-8
44.6753627 ,Left ,0  ,+1 ,-2 ,-12 ,0  ,-7 ,-10 ,-5
44.6753653 ,Left ,+2 ,0  ,-5 ,+8 ,-3 ,-8 ,+13 ,+13
44.6965065 ,Left ,+1 ,-3 ,+2 ,+5 ,0  ,+25 ,+10 ,-1
44.6965092 ,Left ,+4 ,+2 ,+2 ,+2 ,-1 ,-22 ,+41 ,-7
44.6979349 ,Left ,-1 ,-1 ,-8 ,-7 ,-4 ,+12 ,-39 ,+10
44.6979373 ,Left ,-8 ,-4 ,-1 ,+2 ,-1 ,-26 ,-2 ,-17
44.7109036 ,Left ,+5 ,+1 ,+2 ,+4 ,+3 ,+7 ,-2 ,+10
44.7109065 ,Left ,-6 ,-2 ,+2 ,+6 ,+8 ,+12 ,0  ,-6
44.7174863 ,Left ,+4 ,+4 ,-3 ,-11 ,-36 ,+1 ,+26 ,+4
44.7174889 ,Left ,0  ,-4 ,+5 ,+38 ,-5 ,+12 ,+43 ,+6
44.7340238 ,Left ,-3 ,+2 ,+4 ,+47 ,+16 ,-2 ,-43 ,-6
44.7340271 ,Left ,+2 ,-6 ,-7 ,-17 ,-17 ,+2 ,-8 ,-3
44.7354469 ,Left ,-8 ,+3 ,+7 ,+34 ,+14 ,-2 ,0  ,-11
44.7354498 ,Left ,+1 ,-11 ,-21 ,-71 ,-17 ,+14 ,-21 ,+4
44.7565296 ,Left ,-5 ,-4 ,+6 ,+34 ,-1 ,-2 ,+17 ,+3
44.7565325 ,Left ,+13 ,+29 ,+2 ,-12 ,-7 ,+4 ,-16 ,+1
44.7579576 ,Left ,-3 ,-24 ,-6 ,+22 ,+5 ,-2 ,+1 ,-1
44.7579603 ,Left ,-1 ,+23 ,+9 ,-4 ,-1 ,+2 ,+2 ,+1
44.7698257 ,Left ,0  ,-9 ,+10 ,-36 ,+9 ,-3 ,-2 ,-2
44.769871 ,Left ,-8 ,-13 ,-11 ,+72 ,+1 ,-11 ,-12 ,-3
44.7789002 ,Left ,0  ,0  ,-25 ,-43 ,-1 ,-5 ,+5 ,-2
44.7789028 ,Left ,-4 ,-12 ,+25 ,+38 ,+2 ,0  ,-3 ,-5
44.7938648 ,Left ,-4 ,-11 ,-46 ,-61 ,-8 ,-7 ,-2 ,-3
44.7938675 ,Left ,-4 ,+1 ,+20 ,-4 ,+5 ,0  ,-12 ,+1
44.7953783 ,Left ,+3 ,+8 ,+43 ,+69 ,+8 ,-1 ,+8 ,-1
44.7953807 ,Left ,-3 ,-6 ,-22 ,-8 ,+3 ,+5 ,-9 ,-1
44.8165249 ,Left ,+3 ,+8 ,+22 ,+8 ,-1 ,0  ,+3 ,+2
44.8165277 ,Left ,-7 ,-19 ,-75 ,-49 ,-8 ,-2 ,+2 ,-2
44.8179372 ,Left ,-1 ,-4 ,-26 ,-34 ,+3 ,-5 ,-2 ,-4
44.8179401 ,Left ,0  ,+6 ,+41 ,+13 ,-1 ,-1 ,-5 ,-2
44.8301501 ,Left ,-4 ,-2 ,-23 ,-34 ,-8 ,-6 ,-1 ,-2
44.8301531 ,Left ,-2 ,-3 ,+8 ,0  ,0  ,-2 ,-12 ,-1
44.8389308 ,Left ,+1 ,+5 ,+11 ,+2 ,+2 ,-3 ,+9 ,+2
44.8389333 ,Left ,0  ,+2 ,+2 ,+28 ,-1 ,+3 ,+2 ,+1
44.8541783 ,Left ,-1 ,+2 ,+11 ,-28 ,-9 ,-3 ,+3 ,-1
44.8541815 ,Left ,-1 ,-1 ,+18 ,+23 ,+11 ,+3 ,-2 ,+1
44.8558261 ,Left ,-3 ,-5 ,-17 ,+23 ,-8 ,-7 ,-3 ,-2
44.8558343 ,Left ,0  ,-2 ,-11 ,-9 ,-3 ,-1 ,-2 ,-1
44.876516 ,Left ,-1 ,-2 ,+7 ,+18 ,0  ,-1 ,-2 ,0 
44.8765192 ,Left ,-2 ,0  ,-3 ,-9 ,+8 ,0  ,+2 ,0 
44.8779537 ,Left ,-1 ,+2 ,+6 ,-26 ,-3 ,0  ,-2 ,-1
44.8779568 ,Left ,0  ,-3 ,-10 ,-5 ,+1 ,+2 ,-1 ,-2
44.8899597 ,Left ,-2 ,-4 ,-8 ,+10 ,-5 ,-4 ,-3 ,-1
44.8899691 ,Left ,-2 ,+2 ,+17 ,+1 ,+8 ,+1 ,-2 ,-1
44.8989652 ,Left ,+2 ,0  ,-1 ,-17 ,0  ,+1 ,+4 ,0 
44.898968 ,Left ,-2 ,-4 ,-8 ,-15 ,-2 ,-1 ,-5 ,-1
44.913824 ,Left ,+2 ,+5 ,-1 ,-2 ,0  ,-1 ,+1 ,+1
44.9138268 ,Left ,-4 ,-5 ,+9 ,+3 ,-22 ,-4 ,+3 ,-1
44.915353 ,Left ,0  ,+3 ,+2 ,-3 ,+27 ,+2 ,-1 ,-1
44.9153555 ,Left ,-2 ,-3 ,-10 ,-7 ,+1 ,-2 ,-3 ,0 
44.9363039 ,Left ,-5 ,-6 ,-6 ,-5 ,-2 ,+1 ,-1 ,-3
44.9363066 ,Left ,0  ,+3 ,+11 ,+17 ,-5 ,-2 ,0  ,0 
44.9378639 ,Left ,0  ,-6 ,-3 ,+13 ,-2 ,0  ,-1 ,-1
44.9378664 ,Left ,-4 ,+1 ,-2 ,-52 ,-7 ,-2 ,-3 ,-1
44.9501468 ,Left ,-2 ,-3 ,+2 ,+18 ,0  ,-2 ,+1 ,-1
44.9501496 ,Left ,0  ,-3 ,+1 ,0  ,0  ,+1 ,-3 ,-2
44.9589325 ,Left ,-2 ,-1 ,-6 ,-31 ,-1 ,-1 ,-1 ,-1
44.9589351 ,Left ,+2 ,+1 ,+1 ,+12 ,+2 ,-1 ,0  ,0 
44.9738369 ,Left ,-1 ,-2 ,-10 ,-11 ,0  ,0  ,-1 ,-1
44.9738398 ,Left ,-1 ,-1 ,-1 ,-4 ,-3 ,-1 ,-1 ,-2
44.9754463 ,Left ,0  ,-1 ,-3 ,-8 ,+2 ,-2 ,-2 ,0 
44.975449 ,Left ,0  ,0  ,+2 ,+6 ,-5 ,-1 ,-2 ,-1
44.9963409 ,Left ,0  ,+1 ,0  ,-6 ,+1 ,0  ,-1 ,-1
44.9963434 ,Left ,+1 ,-5 ,-8 ,-7 ,0  ,0  ,-1 ,0 
44.9978734 ,Left ,-2 ,-2 ,-10 ,-7 ,-2 ,0  ,-2 ,0 
44.9978758 ,Left ,-2 ,-3 ,-4 ,+4 ,0  ,-1 ,-1 ,-1
45.0100687 ,Left ,0  ,+1 ,+8 ,+15 ,+3 ,-2 ,-2 ,0 
45.0100716 ,Left ,+2 ,+8 ,-1 ,-8 ,-4 ,-1 ,+1 ,-1
45.0189351 ,Left ,-2 ,-3 ,+14 ,-12 ,-12 ,-4 ,-2 ,0 
45.0190008 ,Left ,+1 ,+1 ,-10 ,-4 ,+1 ,0  ,-2 ,-1
45.0326816 ,Left ,+1 ,+1 ,+3 ,-6 ,-3 ,-2 ,0  ,-1
45.0326848 ,Left ,-3 ,-7 ,+1 ,+9 ,+4 ,+5 ,0  ,-1
45.0415076 ,Left ,-1 ,+4 ,-7 ,-5 ,-1 ,-22 ,-5 ,-2
45.0415107 ,Left ,-2 ,-3 ,-5 ,+24 ,-1 ,+3 ,-1 ,-1
45.0565833 ,Left ,-1 ,-2 ,+1 ,-12 ,+2 ,-2 ,-1 ,-2
45.0565867 ,Left ,-2 ,-5 ,0  ,+8 ,+4 ,0  ,0  ,0 
45.0579237 ,Left ,+3 ,+4 ,+4 ,+3 ,-4 ,+6 ,+1 ,+1
45.0579267 ,Left ,-2 ,-3 ,+3 ,+5 ,+4 ,-2 ,-2 ,-2
45.0700052 ,Left ,0  ,-1 ,-3 ,-3 ,-4 ,-1 ,-3 ,+1
45.0700151 ,Left ,-2 ,-2 ,-2 ,+24 ,-5 ,-3 ,0  ,-2
45.0789501 ,Left ,-1 ,0  ,+2 ,-8 ,-2 ,+2 ,-1 ,-2
45.0789528 ,Left ,-2 ,-1 ,-4 ,+3 ,+9 ,-4 ,-2 ,+1
45.0923499 ,Left ,-2 ,-1 ,+3 ,-12 ,-2 ,+2 ,0  ,-2
45.0923526 ,Left ,0  ,+3 ,-4 ,+10 ,-1 ,-4 ,-4 ,-2
45.1014808 ,Left ,-2 ,-3 ,+3 ,+12 ,+1 ,+1 ,+1 ,0 
45.1014841 ,Left ,-1 ,+2 ,0  ,-20 ,-11 ,-1 ,0  ,0 
45.11692 ,Left ,0  ,-4 ,-2 ,+15 ,-1 ,-1 ,-1 ,-1
45.1169234 ,Left ,+1 ,-2 ,+4 ,-3 ,+7 ,-3 ,0  ,0 
45.118413 ,Left ,0  ,-1 ,-7 ,-27 ,-16 ,+1 ,-1 ,-2
45.1184157 ,Left ,-1 ,-1 ,-2 ,+12 ,+1 ,0  ,-4 ,-1
45.1299171 ,Left ,-1 ,-2 ,-2 ,+3 ,+3 ,-2 ,0  ,0 
45.1299199 ,Left ,0  ,0  ,0  ,+5 ,-1 ,-1 ,-1 ,0 
45.1389642 ,Left ,-1 ,+2 ,+5 ,+6 ,-11 ,+1 ,+1 ,+1
45.1389681 ,Left ,-2 ,-3 ,0  ,-5 ,-2 ,0  ,-1 ,-2
45.153987 ,Left ,-1 ,-4 ,-9 ,-30 ,-9 ,-3 ,-2 ,0 
45.1539903 ,Left ,-2 ,-1 ,0  ,0  ,-3 ,-4 ,-2 ,-1
45.1554927 ,Left ,0  ,0  ,-1 ,+2 ,0  ,+2 ,-1 ,0 
45.1554964 ,Left ,-2 ,-3 ,-3 ,-18 ,-3 ,+1 ,0  ,-1
45.1765235 ,Left ,+1 ,+3 ,+1 ,+16 ,-1 ,+1 ,+1 ,-1
45.1765268 ,Left ,-1 ,-4 ,+1 ,-18 ,-8 ,-1 ,-1 ,-1
45.1779494 ,Left ,-2 ,-1 ,0  ,-7 ,+5 ,+1 ,-1 ,0 
45.1779526 ,Left ,0  ,+1 ,+4 ,+23 ,+4 ,0  ,0  ,0 
45.1904173 ,Left ,-1 ,-1 ,-2 ,+16 ,+2 ,0  ,-2 ,-1
45.1907223 ,Left ,+1 ,+1 ,0  ,-26 ,-9 ,+3 ,-1 ,0 
45.19924 ,Left ,-2 ,-3 ,+2 ,+19 ,+8 ,-1 ,-2 ,-3
45.1994269 ,Left ,-1 ,-3 ,-8 ,-12 ,-2 ,-1 ,0  ,+1
45.2213606 ,Left ,0  ,-1 ,+7 ,+19 ,-2 ,0  ,+1 ,0 
45.2213646 ,Left ,-2 ,0  ,-2 ,-8 ,+1 ,-3 ,-1 ,-1
45.2229178 ,Left ,+2 ,-1 ,+3 ,+7 ,+2 ,+3 ,+1 ,-1
45.2229211 ,Left ,-1 ,-3 ,-1 ,-5 ,-6 ,-2 ,-3 ,-2
45.2364949 ,Left ,-2 ,-1 ,-4 ,-4 ,+2 ,-1 ,-2 ,-1
45.2364984 ,Left ,-2 ,-3 ,-5 ,-14 ,-13 ,+1 ,0  ,-1
45.2378821 ,Left ,-1 ,+7 ,+10 ,+39 ,+8 ,-1 ,0  ,0 
45.2378847 ,Left ,+2 ,-1 ,-5 ,-41 ,-7 ,-5 ,-2 ,0 
45.2499851 ,Left ,-2 ,-4 ,-1 ,-3 ,-2 ,-1 ,0  ,-1
45.2499875 ,Left ,+1 ,-1 ,-2 ,-5 ,+6 ,-3 ,-1 ,+1
45.2589693 ,Left ,-5 ,-6 ,-13 ,-3 ,-18 ,-2 ,0  ,-1
45.2589719 ,Left ,0  ,-3 ,+2 ,+28 ,+17 ,+1 ,0  ,0 
45.273838 ,Left ,0  ,+1 ,0  ,-1 ,-7 ,-1 ,-1 ,-2
45.2738407 ,Left ,-1 ,-1 ,-1 ,-24 ,-7 ,0  ,-2 ,0 
45.2753938 ,Left ,0  ,-2 ,-2 ,+1 ,+1 ,-2 ,-2 ,-4
45.2754795 ,Left ,-2 ,-1 ,+1 ,+10 ,-5 ,0  ,-2 ,-2
45.2964784 ,Left ,+1 ,-1 ,-3 ,-5 ,-1 ,0  ,-1 ,-2
45.2964817 ,Left ,-2 ,0  ,+4 ,+16 ,+13 ,-2 ,-2 ,-2
45.2978003 ,Left ,+1 ,-4 ,-3 ,-8 ,+21 ,+2 ,-1 ,0 
45.2978917 ,Left ,-3 ,-2 ,-2 ,-5 ,-24 ,+1 ,-1 ,-1
45.3190147 ,Left ,-2 ,0  ,+4 ,+6 ,+8 ,-6 ,-2 ,0 
45.3190175 ,Left ,0  ,-1 ,-3 ,+7 ,-7 ,0  ,-2 ,0 
45.3204372 ,Left ,-2 ,-1 ,-1 ,-6 ,+7 ,+1 ,-1 ,-2
45.32044 ,Left ,+1 ,0  ,-4 ,+4 ,-3 ,+1 ,+1 ,-2
45.3339802 ,Left ,-1 ,+1 ,+1 ,-33 ,-2 ,-1 ,0  ,0 
45.3339831 ,Left ,-1 ,+2 ,+3 ,+22 ,+1 ,+1 ,-1 ,0 
45.3354249 ,Left ,-2 ,-1 ,-3 ,-13 ,-13 ,-5 ,-1 ,0 
45.3354353 ,Left ,-4 ,-5 ,-6 ,-12 ,+15 ,+5 ,0  ,-2
45.3563143 ,Left ,-3 ,-3 ,0  ,+7 ,-7 ,-6 ,-4 ,-1
45.3564161 ,Left ,+1 ,+2 ,-2 ,-14 ,0  ,0  ,+1 ,-1
45.3578604 ,Left ,+2 ,+3 ,-1 ,+5 ,-9 ,+2 ,+2 ,+1
45.3579356 ,Left ,-1 ,-3 ,+6 ,+1 ,-11 ,-6 ,-1 ,-1
45.3786797 ,Left ,-1 ,+4 ,-1 ,+30 ,+17 ,+4 ,+1 ,0 
45.3787014 ,Left ,0  ,-3 ,-2 ,-9 ,-8 ,-4 ,-1 ,-1
45.3803057 ,Left ,-3 ,-5 ,-8 ,-4 ,+1 ,-2 ,-2 ,-2
45.3803805 ,Left ,+1 ,+1 ,0  ,-7 ,+4 ,+2 ,0  ,0 
45.394024 ,Left ,-1 ,+1 ,-1 ,-4 ,-33 ,-2 ,-1 ,0 
45.3940267 ,Left ,-1 ,+1 ,+2 ,+32 ,+10 ,-2 ,-1 ,0 
45.3954611 ,Left ,0  ,+3 ,+1 ,-50 ,-2 ,-2 ,-1 ,-1
45.3954639 ,Left ,-1 ,-5 ,-7 ,+12 ,-2 ,-4 ,-2 ,-1
45.4165781 ,Left ,-1 ,-2 ,+2 ,+4 ,+5 ,-2 ,0  ,-1
45.4165811 ,Left ,-1 ,-1 ,-4 ,-2 ,-4 ,0  ,0  ,-1
45.4179866 ,Left ,-1 ,-2 ,0  ,+9 ,0  ,-1 ,-2 ,0 
45.41799 ,Left ,0  ,+2 ,-5 ,-27 ,-15 ,-1 ,0  ,-2
45.4387624 ,Left ,-2 ,-2 ,-3 ,+16 ,+19 ,+1 ,-2 ,-2
45.438766 ,Left ,-1 ,0  ,-5 ,-19 ,+8 ,+3 ,0  ,-1
45.4403821 ,Left ,0  ,-3 ,-1 ,+3 ,-2 ,-2 ,-2 ,-2
45.4403855 ,Left ,-4 ,-5 ,0  ,+5 ,0  ,-4 ,-2 ,-3
45.4614385 ,Left ,+1 ,+6 ,+1 ,-1 ,-5 ,+1 ,+4 ,-1
45.4614416 ,Left ,-1 ,+1 ,+13 ,+5 ,-14 ,-2 ,-1 ,-2
45.4628835 ,Left ,-1 ,0  ,-12 ,-31 ,+17 ,-1 ,-1 ,0 
45.4628864 ,Left ,0  ,0  ,+7 ,+16 ,-28 ,-4 ,-3 ,+1
45.4763638 ,Left ,-2 ,-8 ,-26 ,-36 ,+1 ,0  ,0  ,-2
45.476367 ,Left ,+1 ,-3 ,-1 ,+19 ,+9 ,0  ,-2 ,-1
45.4778701 ,Left ,+1 ,0  ,+4 ,+12 ,-4 ,+3 ,+1 ,+1
45.4778731 ,Left ,0  ,+4 ,+3 ,+24 ,+6 ,-9 ,-4 ,-2
45.4988497 ,Left ,-2 ,-3 ,+2 ,-25 ,-2 ,-1 ,-1 ,0 
45.4988526 ,Left ,-1 ,-2 ,-3 ,-11 ,-23 ,-1 ,0  ,0 
45.500328 ,Left ,-2 ,-3 ,-1 ,+15 ,+27 ,+4 ,0  ,-1
45.5003314 ,Left ,-1 ,+2 ,-4 ,-9 ,+2 ,-1 ,0  ,0 
45.5131167 ,Left ,0  ,-1 ,+1 ,+5 ,-5 ,-2 ,0  ,+2
45.5131195 ,Left ,-4 ,-2 ,-6 ,-6 ,-3 ,-3 ,+1 ,-2
45.5199305 ,Left ,+2 ,-1 ,+10 ,+21 ,-2 ,+2 ,+1 ,0 
45.5199329 ,Left ,0  ,+3 ,-5 ,-46 ,+20 ,+2 ,-1 ,-2
45.5364942 ,Left ,0  ,+2 ,+1 ,+21 ,+6 ,-1 ,-1 ,-3
45.536497 ,Left ,0  ,-2 ,-3 ,-1 ,-1 ,0  ,-3 ,-3
45.5379678 ,Left ,-3 ,-2 ,-5 ,-36 ,-14 ,-4 ,-2 ,-2
45.5379703 ,Left ,-2 ,-3 ,-1 ,-3 ,+11 ,+2 ,+1 ,0 
45.5586886 ,Left ,-1 ,-5 ,-3 ,+24 ,-12 ,-4 ,-2 ,-2
45.5586915 ,Left ,0  ,-1 ,+5 ,0  ,+11 ,-2 ,-1 ,0 
45.5603464 ,Left ,+2 ,+5 ,-1 ,+11 ,-17 ,-5 ,-1 ,-1
45.5603489 ,Left ,-2 ,0  ,+6 ,+15 ,+23 ,0  ,-2 ,-2
45.5737683 ,Left ,-4 ,-4 ,-8 ,-30 ,-8 ,+2 ,0  ,+2
45.5737709 ,Left ,-3 ,0  ,-1 ,+13 ,+3 ,-3 ,-1 ,+2
45.5753222 ,Left ,-2 ,-2 ,-1 ,+6 ,+1 ,-1 ,-1 ,-3
45.5753245 ,Left ,-1 ,-3 ,-3 ,-7 ,-14 ,0  ,0  ,0 
45.5967451 ,Left ,0  ,+2 ,+6 ,+1 ,+3 ,+1 ,-1 ,-2
45.5968724 ,Left ,+1 ,-2 ,-5 ,-9 ,+3 ,-5 ,-2 ,+1
45.5980777 ,Left ,-1 ,-1 ,0  ,+13 ,+22 ,+6 ,0  ,0 
45.598145 ,Left ,-1 ,-4 ,-3 ,-3 ,-17 ,-19 ,-5 ,-2
45.6189561 ,Left ,0  ,0  ,+3 ,+10 ,-2 ,0  ,-2 ,-1
45.6189672 ,Left ,-1 ,-3 ,-4 ,-14 ,+1 ,+1 ,+2 ,0 
45.6204611 ,Left ,-1 ,-3 ,-3 ,+3 ,-2 ,0  ,0  ,-1
45.6204646 ,Left ,-2 ,+1 ,+8 ,+36 ,+5 ,+6 ,+2 ,0 
45.6334294 ,Left ,-1 ,-3 ,-14 ,-52 ,-9 ,-5 ,-3 ,-1
45.6334328 ,Left ,0  ,+1 ,0  ,0  ,0  ,-2 ,-1 ,-2
45.6399594 ,Left ,-2 ,+1 ,0  ,-1 ,-5 ,0  ,-2 ,0 
45.6399625 ,Left ,0  ,+1 ,+1 ,+9 ,-9 ,+2 ,+3 ,+1
45.6565339 ,Left ,-3 ,-3 ,+4 ,+2 ,+18 ,-1 ,0  ,-3
45.6565368 ,Left ,-3 ,0  ,+1 ,+10 ,-6 ,+2 ,+1 ,0 
45.6577953 ,Left ,-1 ,+2 ,+3 ,+10 ,-9 ,-5 ,-2 ,-2
45.6578664 ,Left ,-1 ,0  ,-8 ,-19 ,-7 ,+1 ,-1 ,0 
45.6789755 ,Left ,+1 ,+1 ,+10 ,+20 ,+2 ,-2 ,-1 ,0 
45.6789941 ,Left ,0  ,-3 ,-6 ,-21 ,-35 ,-3 ,-3 ,-4
45.680429 ,Left ,-4 ,-5 ,0  ,+1 ,-4 ,-3 ,-1 ,-1
45.6804325 ,Left ,+2 ,+3 ,-3 ,-5 ,+9 ,+1 ,+1 ,+1
45.6933737 ,Left ,0  ,-1 ,+4 ,-3 ,-13 ,-3 ,-2 ,-1
45.6933765 ,Left ,-1 ,-2 ,+2 ,+32 ,+14 ,0  ,-1 ,-1
45.7000239 ,Left ,0  ,-4 ,-6 ,-42 ,-16 ,-4 ,-1 ,-1
45.7000266 ,Left ,-1 ,-1 ,+11 ,+36 ,+13 ,+1 ,-2 ,-2
45.7163485 ,Left ,0  ,-3 ,-10 ,-23 ,0  ,+4 ,0  ,0 
45.7163582 ,Left ,-1 ,-3 ,-6 ,-2 ,+2 ,-3 ,-2 ,0 
45.7177579 ,Left ,0  ,+5 ,+10 ,+14 ,+4 ,+4 ,+1 ,+1
45.7177603 ,Left ,0  ,-3 ,-5 ,-3 ,-5 ,-4 ,-1 ,-2
45.7388109 ,Left ,-1 ,+3 ,+15 ,+7 ,-2 ,+3 ,+1 ,-1
45.7388136 ,Left ,-1 ,0  ,-4 ,+7 ,+4 ,+1 ,-1 ,+1
45.7404319 ,Left ,-1 ,-6 ,-12 ,-6 ,-5 ,-3 ,-1 ,0 
45.740435 ,Left ,-3 ,-5 ,-2 ,+11 ,-3 ,+3 ,+1 ,-2
45.753413 ,Left ,+2 ,+8 ,+14 ,+4 ,-13 ,-3 ,+1 ,0 
45.7534162 ,Left ,+1 ,-6 ,-29 ,-53 ,+8 ,0  ,0  ,0 
45.7600268 ,Left ,-1 ,-5 ,-3 ,+51 ,-1 ,-1 ,-3 ,-2
45.7600297 ,Left ,0  ,0  ,+3 ,-22 ,0  ,0  ,-2 ,-1
45.7764798 ,Left ,+1 ,-2 ,-3 ,+16 ,-7 ,-3 ,-2 ,0 
45.7764828 ,Left ,-2 ,-2 ,+4 ,-39 ,-14 ,-2 ,0  ,-1
45.7839552 ,Left ,-1 ,0  ,+11 ,+19 ,+15 ,-4 ,-2 ,-1
45.7839581 ,Left ,+1 ,+5 ,-12 ,-39 ,-8 ,-1 ,0  ,0 
45.7987827 ,Left ,-3 ,-6 ,-7 ,-9 ,+5 ,-1 ,0  ,-2
45.7987853 ,Left ,+1 ,+1 ,+7 ,+4 ,+6 ,+1 ,-1 ,-1
45.8003543 ,Left ,-1 ,-2 ,-4 ,+15 ,-9 ,-2 ,-1 ,0 
45.8003568 ,Left ,+1 ,-2 ,-2 ,-34 ,-9 ,0  ,0  ,+2
45.8137809 ,Left ,-2 ,-5 ,0  ,+73 ,+9 ,+5 ,+1 ,-1
45.8137837 ,Left ,-1 ,-2 ,-7 ,-18 ,-3 ,-1 ,-2 ,-1
45.8198517 ,Left ,-2 ,-1 ,-5 ,-42 ,-13 ,-4 ,0  ,-3
45.8198545 ,Left ,0  ,+1 ,+6 ,+14 ,+5 ,+3 ,+2 ,-1
45.8364545 ,Left ,-3 ,-5 ,-6 ,+10 ,+1 ,0  ,-1 ,0 
45.8364572 ,Left ,-2 ,-2 ,+3 ,+14 ,0  ,+11 ,-1 ,-1
45.8379125 ,Left ,0  ,+1 ,+2 ,-12 ,-9 ,-50 ,-10 ,0 
45.8379281 ,Left ,-2 ,-1 ,-4 ,-5 ,+8 ,+24 ,-10 ,-6
45.8589138 ,Left ,-8 ,-3 ,-7 ,-13 ,+8 ,-3 ,+16 ,-4
45.8589165 ,Left ,+10 ,+3 ,+4 ,-10 ,-5 ,0  ,+37 ,+11
45.8604527 ,Left ,-5 ,+1 ,+1 ,-8 ,+5 ,+8 ,-12 ,-8
45.8604629 ,Left ,-9 ,-3 ,-2 ,+16 ,-7 ,+5 ,+16 ,-4
45.8733581 ,Left ,+20 ,-1 ,-6 ,-13 ,+2 ,-30 ,+45 ,-3
45.873361 ,Left ,-5 ,+2 ,+5 ,+4 ,+4 ,+7 ,-41 ,+10
45.8801432 ,Left ,+5 ,-2 ,0  ,+3 ,-4 ,+28 ,+27 ,+10
45.8801462 ,Left ,-17 ,-4 ,-5 ,-3 ,+12 ,-12 ,-28 ,-12
45.8963268 ,Left ,+19 ,+6 ,+6 ,-10 ,+5 ,-4 ,-14 ,+1
45.8963295 ,Left ,-10 ,-7 ,0  ,+10 ,+3 ,-10 ,+32 ,-2
45.8978278 ,Left ,+7 ,+3 ,-3 ,-1 ,+14 ,-9 ,-37 ,+1
45.8978697 ,Left ,-3 ,-4 ,-2 ,+7 ,-22 ,-21 ,-2 ,-16
45.9189996 ,Left ,-4 ,0  ,+3 ,-6 ,-1 ,+19 ,-12 ,+8
45.9190025 ,Left ,+3 ,+2 ,-2 ,-7 ,-17 ,-9 ,-4 ,-3
45.9204497 ,Left ,-5 ,-1 ,+2 ,-17 ,+56 ,+12 ,-8 ,-1
45.9204527 ,Left ,-1 ,-5 ,-16 ,+60 ,-54 ,-7 ,+5 ,-3
45.9333655 ,Left ,-4 ,-13 ,+1 ,-7 ,+4 ,-3 ,-19 ,0 
45.9333682 ,Left ,+7 ,+30 ,+7 ,+12 ,+1 ,+3 ,-6 ,-2
45.9476043 ,Left ,-10 ,-20 ,+3 ,+20 ,-19 ,+7 ,+25 ,-4
45.9476071 ,Left ,+16 ,+20 ,+25 ,+45 ,+26 ,-8 ,-4 ,+8
45.9566574 ,Left ,-11 ,-14 ,-34 ,-61 ,-14 ,-2 ,-2 ,-5
45.9566602 ,Left ,-6 ,-6 ,+11 ,-17 ,0  ,+3 ,-6 ,-6
45.9580227 ,Left ,0  ,0  ,-28 ,0  ,-9 ,+1 ,-3 ,-2
45.9580709 ,Left ,+2 ,+2 ,+31 ,-26 ,+6 ,-5 ,+3 ,+6
45.9781161 ,Left ,-8 ,-7 ,+12 ,+48 ,0  ,+2 ,-14 ,-1
45.9781187 ,Left ,+5 ,+5 ,+20 ,+1 ,+8 ,-2 ,-2 ,-4
45.978888 ,Left ,+1 ,+2 ,-21 ,0  ,-6 ,-5 ,0  ,0 
45.9788905 ,Left ,+2 ,-4 ,+21 ,+1 ,+5 ,+5 ,+4 ,+5
46.0007699 ,Left ,-5 ,-1 ,-66 ,-62 ,-7 ,+7 ,+5 ,0 
46.0009484 ,Left ,-3 ,-4 ,+30 ,+27 ,-1 ,-8 ,-10 ,-4
46.0014542 ,Left ,0  ,+3 ,+17 ,+11 ,-9 ,+1 ,+6 ,-1
46.0014566 ,Left ,0  ,-4 ,-19 ,-17 ,+1 ,0  ,+1 ,+2
46.0157943 ,Left ,-1 ,+9 ,+29 ,+15 ,-1 ,-1 ,-6 ,-2
46.015797 ,Left ,-2 ,-7 ,-11 ,+22 ,0  ,-3 ,-1 ,-2
46.0165775 ,Left ,-1 ,+1 ,+9 ,-15 ,-8 ,0  ,-3 ,-1
46.0165806 ,Left ,-2 ,-5 ,-4 ,-3 ,+5 ,0  ,+1 ,0 
46.0381186 ,Left ,-3 ,+2 ,-8 ,-27 ,-7 ,-4 ,-5 ,-2
46.0381216 ,Left ,-2 ,-6 ,-15 ,+16 ,+4 ,0  ,-3 ,-2
46.0389586 ,Left ,+1 ,0  ,+8 ,+11 ,-5 ,0  ,+2 ,-9
46.0389615 ,Left ,-4 ,-8 ,-22 ,-34 ,-3 ,-3 ,-1 ,0 
46.060582 ,Left ,0  ,+3 ,+11 ,+41 ,+3 ,+2 ,0  ,0 
46.0605854 ,Left ,-1 ,-5 ,-11 ,-18 ,-8 ,0  ,-5 ,-3
46.0615985 ,Left ,-2 ,-4 ,-6 ,-8 ,-6 ,+4 ,+5 ,-1
46.0616017 ,Left ,+2 ,+1 ,-1 ,+2 ,+6 ,-16 ,-12 ,+1
46.0757029 ,Left ,-2 ,+1 ,+9 ,+1 ,-1 ,+11 ,-7 ,-2
46.075706 ,Left ,-5 ,-6 ,-10 ,-26 ,-3 ,-27 ,-10 ,-9
46.0765166 ,Left ,-1 ,0  ,-4 ,-27 ,-7 ,+2 ,+3 ,+8
46.0765199 ,Left ,-3 ,-7 ,-7 ,-9 ,-2 ,+4 ,+3 ,-1
46.0980263 ,Left ,-4 ,-3 ,+3 ,-22 ,-11 ,-12 ,+3 ,-2
46.0981231 ,Left ,-1 ,-1 ,-9 ,+2 ,+4 ,+13 ,+3 ,+1
46.0988529 ,Left ,-1 ,+2 ,+5 ,-3 ,-1 ,-4 ,-7 ,-5
46.0988552 ,Left ,+2 ,+2 ,-5 ,-2 ,+6 ,+8 ,+9 ,0 
46.121468 ,Left ,+1 ,+3 ,+4 ,-3 ,-4 ,-2 ,-3 ,+2
46.1214715 ,Left ,-3 ,-5 ,-7 ,+40 ,+7 ,-7 ,0  ,-3
46.1222285 ,Left ,+1 ,0  ,+7 ,+14 ,-4 ,+1 ,-2 ,-1
46.1222309 ,Left ,-1 ,-1 ,-12 ,-16 ,+1 ,+1 ,+1 ,+2
46.1355454 ,Left ,0  ,-2 ,-7 ,0  ,+1 ,+1 ,0  ,-3
46.1355482 ,Left ,+2 ,+1 ,+18 ,+9 ,+1 ,-2 ,-1 ,+3
46.1363053 ,Left ,-1 ,-3 ,-19 ,-26 ,0  ,+1 ,+2 ,-1
46.1363077 ,Left ,+1 ,+3 ,+10 ,+31 ,+2 ,+3 ,-2 ,+1
46.1580891 ,Left ,0  ,+2 ,+5 ,-2 ,-1 ,-5 ,-3 ,-2
46.1580919 ,Left ,-3 ,-3 ,-3 ,+10 ,0  ,+9 ,+3 ,0 
46.1589856 ,Left ,-2 ,-2 ,-1 ,-39 ,-3 ,-2 ,-1 ,+1
46.1589887 ,Left ,0  ,-2 ,+5 ,+38 ,-7 ,+2 ,0  ,-3
46.1805862 ,Left ,+2 ,+3 ,-6 ,-16 ,-1 ,-5 ,-4 ,0 
46.1805897 ,Left ,0  ,+1 ,+6 ,+2 ,+4 ,0  ,-3 ,0 
46.18136 ,Left ,+3 ,+1 ,0  ,-6 ,0  ,+9 ,+1 ,0 
46.1813634 ,Left ,-4 ,-4 ,-7 ,+2 ,-9 ,-25 ,-5 ,-5
46.1958234 ,Left ,-3 ,-3 ,+4 ,+15 ,+9 ,+5 ,+7 ,0 
46.1958262 ,Left ,-3 ,0  ,-4 ,+7 ,-5 ,-8 ,0  ,-5
46.1964242 ,Left ,+5 ,-2 ,-6 ,-34 ,-7 ,+4 ,-15 ,+13
46.1964308 ,Left ,-3 ,+2 ,+4 ,+41 ,+12 ,+14 ,+24 ,-5
46.2183301 ,Left ,+1 ,0  ,+3 ,+3 ,-14 ,-31 ,+16 ,+11
46.218333 ,Left ,-1 ,+1 ,-8 ,-41 ,-5 ,+54 ,+24 ,-1
46.2191022 ,Left ,+1 ,-1 ,+4 ,+48 ,+17 ,-9 ,-89 ,-21
46.2191052 ,Left ,-1 ,-1 ,-4 ,-32 ,-25 ,+4 ,+16 ,+9
46.2407477 ,Left ,-7 ,0  ,+1 ,+4 ,+11 ,-3 ,+3 ,-1
46.2407505 ,Left ,-5 ,-5 ,-9 ,-14 ,-6 ,+34 ,+23 ,-6
46.2415033 ,Left ,0  ,+1 ,+4 ,+4 ,-7 ,-6 ,+53 ,+11
46.241506 ,Left ,-3 ,-3 ,-4 ,-22 ,+9 ,0  ,-26 ,-8
46.2556308 ,Left ,+2 ,+2 ,+4 ,-3 ,+5 ,+4 ,-8 ,-5
46.2556336 ,Left ,-1 ,-5 ,-11 ,-26 ,-31 ,-22 ,-16 ,+2
46.2562938 ,Left ,-5 ,-1 ,+4 ,+20 ,+32 ,+3 ,+31 ,-3
46.2562967 ,Left ,0  ,-5 ,-14 ,-64 ,-18 ,-7 ,-12 ,-1
46.2782062 ,Left ,-1 ,-4 ,+4 ,+65 ,+10 ,+14 ,+8 ,-1
46.2782096 ,Left ,+3 ,+1 ,+10 ,-38 ,-7 ,-16 ,-13 ,0 
46.2791195 ,Left ,-1 ,+15 ,+25 ,+22 ,-23 ,-5 ,0  ,0 
46.2791228 ,Left ,0  ,0  ,-27 ,+13 ,+31 ,-5 ,+3 ,+2
46.3008128 ,Left ,-9 ,-10 ,+7 ,+20 ,+8 ,0  ,-15 ,-7
46.3008161 ,Left ,+3 ,+2 ,-24 ,+10 ,+18 ,-9 ,-6 ,+2
46.3014251 ,Left ,-3 ,-4 ,-1 ,-35 ,-11 ,-3 ,+1 ,-3
46.3014282 ,Left ,0  ,+3 ,+3 ,+10 ,+5 ,+6 ,0  ,+3
46.3156997 ,Left ,+3 ,+7 ,+9 ,-52 ,-13 ,+5 ,-1 ,-1
46.315703 ,Left ,-3 ,-5 ,-2 ,+45 ,+9 ,-13 ,-8 ,-2
46.3165247 ,Left ,0  ,+7 ,-4 ,-4 ,-2 ,+1 ,+8 ,+1
46.3165281 ,Left ,0  ,-7 ,-1 ,+1 ,-3 ,0  ,-1 ,-2
46.3381595 ,Left ,-4 ,-11 ,-48 ,-54 ,-12 ,-3 ,-7 ,-5
46.3381628 ,Left ,-1 ,0  ,+25 ,+31 ,-1 ,-6 ,-2 ,-2
46.3389122 ,Left ,-3 ,-3 ,-16 ,-46 ,-5 ,-2 ,-4 ,-3
46.3389153 ,Left ,+2 ,+7 ,+33 ,+13 ,+1 ,+1 ,-1 ,+2
46.3608495 ,Left ,-2 ,-1 ,+10 ,+63 ,-2 ,+2 ,-5 ,-3
46.360853 ,Left ,-1 ,0  ,-4 ,+23 ,+11 ,-5 ,0  ,+3
46.3616298 ,Left ,-2 ,-7 ,-6 ,-29 ,-14 ,-4 ,0  ,-3
46.3616334 ,Left ,-2 ,+2 ,-2 ,-28 ,+2 ,+8 ,-1 ,+1
46.3758518 ,Left ,-2 ,+1 ,-2 ,+31 ,-3 ,-11 ,-8 ,-2
46.3758552 ,Left ,0  ,-4 ,-7 ,-13 ,+1 ,-12 ,+7 ,+5
46.3764324 ,Left ,-6 ,-1 ,+4 ,+26 ,-1 ,-15 ,-4 ,0 
46.3764359 ,Left ,+8 ,-2 ,-2 ,-14 ,-11 ,-8 ,-17 ,-13
46.3978449 ,Left ,0  ,0  ,-3 ,-5 ,+5 ,+2 ,+45 ,+8
46.3978482 ,Left ,0  ,-4 ,+5 ,+9 ,+1 ,-4 ,-54 ,-9
46.4057608 ,Left ,-6 ,-6 ,-5 ,+2 ,-2 ,-14 ,+6 ,-7
46.4057639 ,Left ,-20 ,-5 ,-8 ,-16 ,-24 ,0  ,+26 ,-1
46.4205897 ,Left ,+22 ,+3 ,+8 ,-10 ,+9 ,+47 ,-18 ,-17
46.4205925 ,Left ,-7 ,-3 ,-8 ,-21 ,-4 ,-74 ,-3 ,+23
46.4213203 ,Left ,+10 ,-1 ,-2 ,+9 ,-23 ,+22 ,-4 ,+8
46.421323 ,Left ,-4 ,+1 ,+2 ,+21 ,+18 ,-22 ,-30 ,-11
46.4358056 ,Left ,-6 ,-5 ,-2 ,-33 ,-17 ,+1 ,+6 ,-4
46.4358085 ,Left ,0  ,+1 ,-4 ,-9 ,+13 ,+26 ,+35 ,+3
46.4364229 ,Left ,-4 ,-2 ,0  ,+38 ,-7 ,-2 ,-19 ,-13
46.4364284 ,Left ,0  ,-2 ,-6 ,-46 ,0  ,+1 ,+20 ,+11
46.4580812 ,Left ,-1 ,+2 ,+7 ,+12 ,0  ,-11 ,-23 ,+2
46.4580842 ,Left ,+2 ,+3 ,-2 ,+2 ,-8 ,+15 ,+3 ,-8
46.4589327 ,Left ,-6 ,-4 ,+6 ,+10 ,+56 ,-1 ,+2 ,+2
46.4589353 ,Left ,+2 ,-8 ,-14 ,-67 ,-26 ,+2 ,-7 ,-3
46.4806628 ,Left ,-2 ,+4 ,-6 ,-35 ,-4 ,-5 ,+5 ,+3
46.4806663 ,Left ,-1 ,+10 ,+21 ,+27 ,-6 ,+5 ,-8 ,-9
46.4815308 ,Left ,-5 ,-13 ,-6 ,+102 ,+8 ,-3 ,+9 ,-3
46.4815332 ,Left ,+2 ,+1 ,+30 ,+11 ,-2 ,+2 ,-8 ,+6
46.4955804 ,Left ,-1 ,+4 ,+6 ,+29 ,+7 ,-4 ,-3 ,+2
46.4955829 ,Left ,+1 ,-4 ,-46 ,-15 ,-4 ,+6 ,+7 ,0 
46.496346 ,Left ,0  ,+3 ,+8 ,-60 ,-7 ,+1 ,-7 ,+2
46.4963486 ,Left ,-2 ,-7 ,-30 ,-9 ,+8 ,+6 ,+3 ,-2
46.5181218 ,Left ,-5 ,-7 ,+16 ,+24 ,-8 ,-9 ,-8 ,-2
46.518125 ,Left ,0  ,-1 ,+10 ,-7 ,+5 ,+7 ,-1 ,-4
46.5189618 ,Left ,-2 ,-7 ,-44 ,-77 ,-17 ,-3 ,+4 ,0 
46.5189649 ,Left ,+1 ,+2 ,+26 ,+68 ,+2 ,+2 ,-3 ,-1
46.5408486 ,Left ,+1 ,+1 ,-7 ,-15 ,+18 ,-5 ,+1 ,+2
46.5408522 ,Left ,-2 ,-1 ,+12 ,-31 ,-8 ,-6 ,-1 ,-3
46.5414921 ,Left ,+2 ,+6 ,+18 ,+55 ,+18 ,+3 ,0  ,0 
46.5414949 ,Left ,-7 ,-4 ,-14 ,-72 ,-34 ,-12 ,-51 ,-16
46.554833 ,Left ,+1 ,+3 ,-2 ,-4 ,+13 ,0  ,+2 ,+5
46.5548356 ,Left ,-2 ,-3 ,+1 ,-35 ,-15 ,-14 ,+32 ,-1
46.563362 ,Left ,+2 ,+5 ,+25 ,+42 ,+15 ,+34 ,-17 ,0 
46.5633654 ,Left ,0  ,+1 ,-10 ,+26 ,-5 ,-35 ,-25 ,-3
46.578302 ,Left ,-4 ,-3 ,-1 ,+13 ,+12 ,-5 ,-6 ,-6
46.5783049 ,Left ,-7 ,-5 ,-9 ,-17 ,-13 ,+30 ,+29 ,+6
46.5789109 ,Left ,+10 ,+2 ,-8 ,-18 ,-16 ,-20 ,+7 ,+6
46.5789137 ,Left ,0  ,0  ,+1 ,+19 ,+26 ,+27 ,-3 ,+4
46.6005731 ,Left ,-3 ,-3 ,-6 ,+21 ,-13 ,+9 ,+18 ,-7
46.600576 ,Left ,-1 ,+4 ,+10 ,+21 ,-4 ,-1 ,+8 ,+6
46.6013567 ,Left ,-7 ,-1 ,-6 ,-2 ,+2 ,-12 ,0  ,-2
46.6013595 ,Left ,+3 ,+1 ,-1 ,-12 ,+10 ,+33 ,+13 ,+8
46.6151313 ,Left ,-3 ,-4 ,+1 ,+9 ,-17 ,-29 ,+20 ,-6
46.6151345 ,Left ,-5 ,-9 ,-10 ,-3 ,0  ,+9 ,-52 ,-16
46.6234018 ,Left ,-4 ,-2 ,-1 ,-13 ,-7 ,+2 ,-3 ,-1
46.623405 ,Left ,-1 ,0  ,-5 ,-16 ,+3 ,-5 ,0  ,-8
46.6381638 ,Left ,+1 ,+4 ,+2 ,-11 ,-1 ,+15 ,+42 ,+2
46.6381669 ,Left ,-1 ,-2 ,+3 ,+2 ,+20 ,-22 ,-85 ,+6
46.6390727 ,Left ,-2 ,-6 ,-9 ,-46 ,-16 ,-24 ,+23 ,-5
46.6390755 ,Left ,+1 ,+4 ,+4 ,+9 ,+3 ,+2 ,+16 ,+1
46.6609166 ,Left ,+1 ,+4 ,+6 ,+10 ,+4 ,-3 ,-34 ,+4
46.6609194 ,Left ,0  ,-3 ,-3 ,-13 ,-4 ,+6 ,+45 ,-4
46.6616179 ,Left ,-1 ,-3 ,-5 ,-21 ,-2 ,+11 ,-28 ,-6
46.661621 ,Left ,-1 ,0  ,0  ,+61 ,-2 ,-10 ,+33 ,+7
46.675372 ,Left ,-3 ,-3 ,-7 ,-58 ,+2 ,0  ,-66 ,-7
46.6753767 ,Left ,+4 ,0  ,+7 ,-11 ,0  ,-4 ,+8 ,+1
46.6831669 ,Left ,-1 ,+5 ,+10 ,+31 ,-10 ,0  ,+5 ,+3
46.6831696 ,Left ,-2 ,-3 ,+9 ,+16 ,+24 ,-3 ,+13 ,+1
46.6982045 ,Left ,-1 ,-2 ,-30 ,-42 ,-9 ,+5 ,+2 ,+3
46.6982073 ,Left ,-1 ,-1 ,+6 ,-23 ,-2 ,-4 ,+3 ,-4
46.6988532 ,Left ,0  ,+1 ,+10 ,+42 ,-7 ,-6 ,-5 ,-1
46.6988555 ,Left ,-1 ,-4 ,-24 ,-16 ,+7 ,+6 ,-1 ,0 
46.7207184 ,Left ,-2 ,-4 ,+2 ,-5 ,-2 ,-2 ,+5 ,+1
46.7207691 ,Left ,+2 ,+2 ,+16 ,+47 ,+2 ,+3 ,-6 ,-2
46.7215033 ,Left ,-3 ,-2 ,-2 ,-16 ,+5 ,+2 ,+7 ,-5
46.7215064 ,Left ,+1 ,-1 ,-6 ,-31 ,-15 ,-5 ,+2 ,0 
46.7349445 ,Left ,+1 ,0  ,+20 ,+4 ,-11 ,+7 ,+1 ,+2
46.7349473 ,Left ,-1 ,-5 ,-21 ,+10 ,+13 ,-25 ,-4 ,-4
46.7433663 ,Left ,+3 ,+5 ,+40 ,+25 ,+1 ,+4 ,+7 ,+2
46.7433699 ,Left ,-1 ,-2 ,-14 ,-9 ,-4 ,-4 ,+9 ,0 
46.7580153 ,Left ,-2 ,+2 ,+13 ,+24 ,-7 ,-7 ,-4 ,0 
46.7580179 ,Left ,+1 ,+3 ,-5 ,-14 ,+1 ,+13 ,-1 ,0 
46.7588398 ,Left ,-1 ,-4 ,-6 ,-6 ,0  ,-5 ,-2 ,+1
46.758848 ,Left ,+1 ,0  ,+6 ,+4 ,0  ,-3 ,+1 ,+3
46.780804 ,Left ,-3 ,-2 ,-4 ,+16 ,+2 ,+8 ,+6 ,-2
46.7808073 ,Left ,-1 ,-3 ,-6 ,-43 ,-11 ,+2 ,-5 ,-5
46.7815793 ,Left ,-1 ,-1 ,-22 ,-10 ,-2 ,-7 ,-5 ,+2
46.7815823 ,Left ,-1 ,+1 ,-1 ,-8 ,-7 ,0  ,-3 ,-12
46.7949786 ,Left ,+1 ,+1 ,+4 ,-1 ,+2 ,-5 ,+10 ,+23
46.794981 ,Left ,-3 ,-3 ,-5 ,+21 ,+1 ,+14 ,+5 ,-4
46.8031402 ,Left ,-1 ,-4 ,-11 ,-9 ,-2 ,-7 ,-5 ,-8
46.8031429 ,Left ,-2 ,+3 ,+15 ,+13 ,+2 ,0  ,-5 ,-6
46.8183457 ,Left ,-3 ,0  ,-7 ,-32 ,-6 ,-2 ,+1 ,-9
46.8183486 ,Left ,-1 ,-5 ,0  ,+24 ,+1 ,-23 ,+7 ,+1
46.8189354 ,Left ,-1 ,-1 ,-5 ,+1 ,0  ,+15 ,+5 ,-1
46.818938 ,Left ,0  ,-1 ,+6 ,+4 ,-1 ,+1 ,-2 ,+3
46.8406649 ,Left ,0  ,-3 ,-5 ,+14 ,0  ,-17 ,-7 ,-6
46.8406935 ,Left ,0  ,-2 ,-6 ,0  ,-2 ,+22 ,-2 ,0 
46.8412834 ,Left ,+1 ,+1 ,+1 ,+2 ,0  ,-11 ,-3 ,-1
46.8413406 ,Left ,-2 ,-2 ,-5 ,+3 ,+3 ,0  ,-3 ,+1
46.8551688 ,Left ,0  ,-1 ,-3 ,-21 ,-4 ,-3 ,-4 ,+1
46.8551717 ,Left ,+1 ,0  ,+4 ,+25 ,+5 ,+16 ,+2 ,-3
46.8632267 ,Left ,0  ,+1 ,-1 ,+3 ,-2 ,+1 ,+1 ,-1
46.8632295 ,Left ,-1 ,-1 ,-2 ,-2 ,-2 ,0  ,-7 ,+1
46.8781835 ,Left ,-1 ,+2 ,+8 ,+17 ,+6 ,+7 ,0  ,-3
46.8781865 ,Left ,-3 ,-3 ,-21 ,-10 ,-6 ,-6 ,-1 ,-1
46.8790403 ,Left ,0  ,-1 ,-3 ,-3 ,+6 ,+2 ,-6 ,0 
46.8790429 ,Left ,-3 ,-2 ,-6 ,-8 ,-7 ,-11 ,+2 ,0 
46.9008647 ,Left ,-1 ,-7 ,0  ,+20 ,+4 ,+2 ,0  ,-5
46.900868 ,Left ,+2 ,+6 ,+3 ,-8 ,0  ,-2 ,-1 ,0 
46.9016352 ,Left ,0  ,+2 ,+7 ,-9 ,+5 ,-4 ,+2 ,+3
46.9016387 ,Left ,+1 ,0  ,+4 ,-9 ,-4 ,+3 ,+3 ,+1
46.9240927 ,Left ,-8 ,-9 ,+3 ,+66 ,+6 ,-2 ,-9 ,-7
46.9243737 ,Left ,0  ,0  ,+8 ,-2 ,-3 ,+3 ,+2 ,-1
46.925004 ,Left ,-2 ,-5 ,-12 ,-22 ,-7 ,+2 ,-1 ,-1
46.9250148 ,Left ,+3 ,0  ,-15 ,-4 ,+3 ,+11 ,+2 ,+1
46.9379325 ,Left ,0  ,0  ,-6 ,-20 ,-6 ,-17 ,-3 ,-5
46.9379352 ,Left ,-1 ,0  ,+5 ,-15 ,-2 ,+3 ,-9 ,+9
46.9457777 ,Left ,+4 ,-1 ,+1 ,+28 ,-2 ,+3 ,-5 ,-2
46.9457805 ,Left ,-6 ,-6 ,+3 ,-8 ,-10 ,-13 ,-6 ,-4
46.9609261 ,Left ,+2 ,+3 ,-1 ,+2 ,+6 ,+1 ,+18 ,-8
46.9609292 ,Left ,-2 ,-2 ,-5 ,-12 ,-3 ,+20 ,-9 ,+7
46.9614853 ,Left ,-2 ,0  ,-1 ,-21 ,-8 ,-4 ,+58 ,+16
46.9614879 ,Left ,+2 ,+1 ,+2 ,-12 ,+4 ,+22 ,+10 ,-5
46.9840921 ,Left ,-1 ,-4 ,-8 ,+15 ,-5 ,+12 ,-27 ,-2
46.9840968 ,Left ,-10 ,-1 ,+5 ,+13 ,+4 ,-15 ,-50 ,-25
46.984794 ,Left ,+4 ,-1 ,-5 ,-23 ,-15 ,+5 ,+21 ,+30
46.9847967 ,Left ,-4 ,-4 ,-5 ,-18 ,+21 ,+9 ,+1 ,-3
46.998018 ,Left ,-1 ,+3 ,+6 ,-8 ,+5 ,-4 ,+3 ,-1
46.9980204 ,Left ,+3 ,+1 ,+7 ,+17 ,-38 ,+15 ,+26 ,0 
46.9989225 ,Left ,-1 ,-2 ,-6 ,-27 ,+11 ,+23 ,+6 ,-3
46.998925 ,Left ,-4 ,-1 ,+8 ,+66 ,-8 ,-35 ,-25 ,-7
47.0207709 ,Left ,-1 ,0  ,-3 ,-27 ,-11 ,-3 ,-8 ,+1
47.0207736 ,Left ,+2 ,+1 ,-2 ,-32 ,+20 ,-12 ,-1 ,-2
47.0215171 ,Left ,-5 ,-6 ,-7 ,+47 ,-1 ,-6 ,-15 ,-14
47.0215197 ,Left ,0  ,-6 ,+7 ,+17 ,+5 ,-3 ,-2 ,+4
47.0437773 ,Left ,+1 ,+6 ,-4 ,-47 ,-14 ,+2 ,+6 ,+1
47.0437803 ,Left ,0  ,-8 ,+6 ,-7 ,-2 ,-8 ,+16 ,+2
47.0445284 ,Left ,+7 ,+23 ,+38 ,+19 ,+5 ,-2 ,-12 ,-7
47.0445311 ,Left ,-3 ,-4 ,-16 ,+72 ,-3 ,+6 ,+2 ,+1
47.0580452 ,Left ,0  ,+7 ,+28 ,+44 ,+5 ,-1 ,-1 ,+2
47.0580479 ,Left ,-6 ,-23 ,-72 ,-41 ,+3 ,-5 ,0  ,-3
47.058851 ,Left ,-3 ,-10 ,+21 ,+8 ,-5 ,-11 ,-21 ,-9
47.0588538 ,Left ,+2 ,+6 ,+12 ,-7 ,+4 ,0  ,0  ,+4
47.0806429 ,Left ,+2 ,0  ,-5 ,-29 ,-4 ,+3 ,+6 ,+2
47.0806459 ,Left ,+2 ,+2 ,+6 ,+25 ,-2 ,-7 ,0  ,+2
47.0816083 ,Left ,-4 ,-3 ,-9 ,-26 ,-3 ,-29 ,-13 ,-9
47.0816113 ,Left ,+2 ,+1 ,-8 ,-27 ,-8 ,+5 ,+5 ,+2
47.1040299 ,Left ,-4 ,-11 ,-34 ,-27 ,-6 ,0  ,+2 ,-2
47.1040331 ,Left ,-4 ,+1 ,-3 ,-15 ,0  ,-4 ,-1 ,-4
47.1047629 ,Left ,-1 ,+2 ,+6 ,+7 ,-4 ,+3 ,-10 ,-5
47.1047664 ,Left ,+3 ,+8 ,+20 ,+8 ,+9 ,+1 ,+2 ,+2
47.1183194 ,Left ,+1 ,+1 ,+19 ,+4 ,+5 ,-6 ,-3 ,+1
47.1183227 ,Left ,-2 ,0  ,-1 ,+47 ,-2 ,0  ,+2 ,0 
47.1191192 ,Left ,-5 ,-7 ,-21 ,-24 ,-23 ,0  ,-2 ,-2
47.1191224 ,Left ,+2 ,+7 ,+23 ,-22 ,+4 ,0  ,0  ,+1
47.1408029 ,Left ,0  ,-1 ,-14 ,+39 ,-3 ,+3 ,+1 ,+2
47.1408059 ,Left ,-4 ,-2 ,+5 ,-8 ,-7 ,-5 ,+1 ,-3
47.1414124 ,Left ,-1 ,-5 ,-7 ,+26 ,+12 ,+2 ,-2 ,-2
47.1414153 ,Left ,-3 ,-5 ,-11 ,-20 ,-3 ,-3 ,-2 ,-3
47.1639801 ,Left ,-5 ,-6 ,-11 ,-40 ,0  ,+1 ,0  ,-3
47.1639831 ,Left ,+4 ,+6 ,+22 ,+46 ,+26 ,+2 ,+3 ,+3
47.1647988 ,Left ,-2 ,-2 ,-17 ,-9 ,-27 ,-6 ,-6 ,-5
47.164802 ,Left ,-2 ,-5 ,-5 ,-4 ,-6 ,-5 ,-7 ,-6
47.1780514 ,Left ,0  ,0  ,+3 ,+1 ,+8 ,0  ,0  ,-2
47.1780541 ,Left ,+1 ,-1 ,+10 ,+1 ,-16 ,-4 ,0  ,+1
47.1787855 ,Left ,-2 ,-2 ,-13 ,-21 ,+17 ,+4 ,-3 ,-1
47.178788 ,Left ,-1 ,+1 ,+3 ,+18 ,-3 ,+1 ,+3 ,+1
47.2006754 ,Left ,-2 ,-5 ,-8 ,-12 ,-7 ,-1 ,-4 ,-1
47.2006782 ,Left ,-1 ,+3 ,+7 ,+1 ,+4 ,+5 ,0  ,-2
47.2014021 ,Left ,-1 ,-2 ,-1 ,-4 ,0  ,-15 ,-8 ,-2
47.2014054 ,Left ,-3 ,+1 ,-4 ,-18 ,-1 ,+1 ,-6 ,-14
47.2245723 ,Left ,+4 ,-2 ,+3 ,+4 ,-6 ,+5 ,+5 ,+19
47.2245757 ,Left ,-2 ,+1 ,0  ,+25 ,+2 ,-14 ,-7 ,-4
47.2252054 ,Left ,-3 ,+1 ,0  ,-12 ,+2 ,+4 ,+1 ,-1
47.2252083 ,Left ,-1 ,-1 ,-1 ,-20 ,-6 ,+10 ,+4 ,-3
47.2462218 ,Left ,+8 ,-1 ,+1 ,+27 ,+7 ,+5 ,-11 ,+9
47.2462421 ,Left ,-8 ,0  ,-2 ,-39 ,-15 ,-12 ,-14 ,-24
47.2470012 ,Left ,+8 ,-2 ,-4 ,+4 ,+3 ,+22 ,+70 ,+37
47.2470854 ,Left ,-7 ,-2 ,-6 ,-9 ,-1 ,-12 ,-36 ,-3
47.2607848 ,Left ,-1 ,+1 ,+4 ,+4 ,+13 ,-24 ,+3 ,-4
47.2607876 ,Left ,-3 ,-4 ,-7 ,-10 ,-25 ,+5 ,-23 ,-6
47.2615944 ,Left ,-6 ,+1 ,-1 ,-7 ,+4 ,+10 ,+8 ,-11
47.2615972 ,Left ,+3 ,-3 ,0  ,+21 ,+1 ,-16 ,+10 ,+4
47.2841238 ,Left ,+1 ,+1 ,+1 ,-2 ,-8 ,+6 ,+1 ,0 
47.284127 ,Left ,+2 ,+1 ,0  ,-29 ,+5 ,-3 ,+2 ,+2
47.2846393 ,Left ,-4 ,-1 ,+1 ,+47 ,0  ,-3 ,-14 ,-3
47.2846493 ,Left ,-1 ,-6 ,-5 ,-4 ,-5 ,+3 ,-3 ,+1
47.2980209 ,Left ,-3 ,0  ,+1 ,-9 ,-8 ,-5 ,+1 ,-5
47.2980237 ,Left ,-1 ,0  ,+6 ,+18 ,+3 ,-2 ,+13 ,+2
47.2988533 ,Left ,-2 ,-12 ,-18 ,-9 ,+11 ,+3 ,-18 ,-6
47.2988559 ,Left ,+3 ,+13 ,+5 ,-34 ,-5 ,-2 ,-2 ,+2
47.3208221 ,Left ,-9 ,-11 ,+4 ,+15 ,+5 ,-1 ,+6 ,-7
47.3208251 ,Left ,+6 ,+13 ,-4 ,-40 ,-8 ,+3 ,+3 ,+6
47.321592 ,Left ,-3 ,+2 ,+15 ,+17 ,+5 ,-4 ,-21 ,-7
47.321595 ,Left ,0  ,-7 ,+8 ,+15 ,-4 ,-5 ,+7 ,-1
47.3438576 ,Left ,-5 ,-5 ,-43 ,-33 ,-1 ,+2 ,-3 ,-6
47.3438605 ,Left ,0  ,+3 ,+11 ,+14 ,+12 ,+7 ,+5 ,+5
47.3446316 ,Left ,+3 ,+9 ,+23 ,+8 ,-16 ,-12 ,-11 ,-5
47.3446342 ,Left ,-5 ,-15 ,-66 ,-96 ,-3 ,+2 ,+8 ,0 
47.358043 ,Left ,-2 ,+3 ,+41 ,+30 ,+1 ,+6 ,-3 ,-5
47.3580538 ,Left ,0  ,-5 ,-3 ,+28 ,-5 ,-3 ,+1 ,+2
47.3589234 ,Left ,-2 ,-6 ,-59 ,-49 ,+4 ,-3 ,-2 ,-4
47.3589258 ,Left ,+1 ,+1 ,+32 ,+69 ,+4 ,+5 ,+2 ,+2
47.3804946 ,Left ,0  ,0  ,-3 ,-21 ,+8 ,-1 ,-6 ,-3
47.3805661 ,Left ,-3 ,-8 ,-32 ,-24 ,+3 ,-4 ,+1 ,-1
47.381402 ,Left ,-2 ,+2 ,+24 ,+25 ,-13 ,-2 ,-13 ,-3
47.381466 ,Left ,-2 ,+1 ,+1 ,-8 ,+13 ,+2 ,+18 ,+1
47.4040063 ,Left ,-1 ,+3 ,-1 ,-12 ,-8 ,-9 ,-3 ,-2
47.4040091 ,Left ,+1 ,+4 ,+35 ,+36 ,+5 ,+1 ,+5 ,+2
47.4047772 ,Left ,+1 ,+1 ,-11 ,-50 ,-7 ,+12 ,0  ,-1
47.4047801 ,Left ,-2 ,-2 ,-5 ,+30 ,-7 ,-22 ,-7 ,0 
47.4173931 ,Left ,-3 ,0  ,+3 ,+18 ,-1 ,0  ,+3 ,-4
47.4173956 ,Left ,0  ,-3 ,-10 ,-30 ,-28 ,+4 ,-6 ,0 
47.4257795 ,Left ,+2 ,+4 ,+6 ,+26 ,+14 ,-7 ,+4 ,0 
47.4257824 ,Left ,-3 ,-4 ,-9 ,-36 ,-13 ,-5 ,-4 ,-2
47.4407851 ,Left ,0  ,+1 ,0  ,-8 ,+2 ,+4 ,-1 ,-1
47.4407882 ,Left ,-1 ,-3 ,+2 ,+41 ,+9 ,+3 ,+1 ,0 
47.4414549 ,Left ,+2 ,+2 ,+1 ,+21 ,+5 ,+5 ,+1 ,0 
47.4414575 ,Left ,+1 ,+5 ,+14 ,+4 ,-5 ,+6 ,-3 ,0 
47.46382 ,Left ,-3 ,-4 ,-9 ,-12 ,-4 ,-6 ,-7 ,-2
47.463823 ,Left ,0  ,-7 ,-8 ,0  ,+9 ,+1 ,+3 ,0 
47.4645343 ,Left ,-1 ,0  ,+11 ,+1 ,-5 ,-6 ,-4 ,-2
47.4645371 ,Left ,+2 ,+2 ,0  ,-2 ,+8 ,+1 ,+1 ,+1
47.4782778 ,Left ,-1 ,0  ,-2 ,0  ,-12 ,+1 ,-4 ,0 
47.4782809 ,Left ,-1 ,-1 ,-3 ,-19 ,+7 ,-2 ,+2 ,0 
47.4790909 ,Left ,-5 ,-5 ,-2 ,-2 ,-2 ,-5 ,-3 ,-3
47.4790939 ,Left ,-3 ,-6 ,-4 ,+14 ,-4 ,+4 ,-3 ,-2
47.5006395 ,Left ,+2 ,+3 ,-4 ,+16 ,-9 ,+3 ,+3 ,0 
47.5006426 ,Left ,-2 ,-3 ,+1 ,-23 ,+30 ,-6 ,-2 ,-1
47.5013979 ,Left ,+1 ,0  ,+1 ,+48 ,+6 ,+3 ,-1 ,0 
47.5014007 ,Left ,+1 ,+5 ,+7 ,-59 ,-14 ,+2 ,-2 ,0 
47.5239278 ,Left ,+1 ,-2 ,+3 ,-16 ,-38 ,-6 ,-1 ,-1
47.5239307 ,Left ,0  ,+3 ,+1 ,+41 ,+1 ,-1 ,-1 ,-2
47.5246865 ,Left ,-3 ,-7 ,-19 ,-33 ,0  ,-4 ,-5 ,-1
47.5246889 ,Left ,-1 ,-3 ,+2 ,+19 ,+7 ,+1 ,-1 ,+1
47.538009 ,Left ,0  ,+5 ,+13 ,-11 ,+6 ,0  ,+1 ,-2
47.5380307 ,Left ,+1 ,+1 ,+3 ,-12 ,-6 ,-1 ,-1 ,+2
47.5388108 ,Left ,-1 ,-2 ,+1 ,-11 ,0  ,-1 ,0  ,-3
47.5389071 ,Left ,-2 ,-3 ,-2 ,+7 ,-4 ,0  ,-1 ,-3
47.5620597 ,Left ,0  ,-2 ,-8 ,-11 ,+8 ,0  ,0  ,-1
47.5620623 ,Left ,-3 ,-1 ,-1 ,+5 ,-14 ,-2 ,-2 ,+1
47.5629578 ,Left ,+1 ,-4 ,-3 ,-5 ,+3 ,+1 ,0  ,-1
47.5629603 ,Left ,-2 ,-1 ,+2 ,+30 ,+5 ,+6 ,-4 ,-1
47.5839917 ,Left ,-1 ,-3 ,-5 ,+3 ,+9 ,-2 ,+1 ,-2
47.5839953 ,Left ,0  ,+2 ,+2 ,+12 ,+2 ,+2 ,+5 ,0 
47.5848648 ,Left ,-3 ,-4 ,-12 ,-38 ,-27 ,-3 ,-5 ,+1
47.5848688 ,Left ,+1 ,+5 ,-8 ,-10 ,+29 ,+6 ,0  ,-1
47.5975541 ,Left ,-1 ,-4 ,+1 ,+19 ,-15 ,+2 ,-3 ,-3
47.5975575 ,Left ,0  ,-2 ,+1 ,-10 ,-3 ,-2 ,-5 ,0 
47.6058277 ,Left ,-2 ,-2 ,+2 ,-8 ,-2 ,+1 ,+1 ,-2
47.605831 ,Left ,-3 ,-5 ,+1 ,+27 ,-4 ,0  ,+3 ,-2
47.620588 ,Left ,-1 ,0  ,-7 ,-17 ,+2 ,-6 ,-2 ,0 
47.6205909 ,Left ,+2 ,0  ,-4 ,-6 ,+4 ,-2 ,-3 ,-2
47.6213577 ,Left ,0  ,-2 ,+10 ,+12 ,-1 ,0  ,-2 ,0 
47.6213607 ,Left ,-2 ,+3 ,-4 ,-15 ,-3 ,-3 ,0  ,+1
47.644036 ,Left ,-2 ,-2 ,0  ,+14 ,-4 ,0  ,0  ,-1
47.6440395 ,Left ,0  ,-3 ,0  ,-10 ,+1 ,+4 ,+1 ,-1
47.6447566 ,Left ,0  ,0  ,-1 ,-7 ,+3 ,-3 ,0  ,-1
47.6447598 ,Left ,-1 ,-3 ,-4 ,-2 ,+3 ,-3 ,-1 ,-2
47.657689 ,Left ,0  ,-3 ,0  ,+25 ,-40 ,-2 ,-2 ,-1
47.6576924 ,Left ,-1 ,-3 ,-6 ,-12 ,+4 ,-1 ,+1 ,-1
47.6821459 ,Left ,-2 ,+6 ,+9 ,+9 ,+6 ,-2 ,-1 ,-2
47.6821494 ,Left ,0  ,-1 ,-2 ,-19 ,-10 ,-3 ,-1 ,+2
47.6836171 ,Left ,-2 ,-2 ,0  ,-7 ,+9 ,-3 ,-1 ,-2
47.6836201 ,Left ,0  ,0  ,+1 ,+8 ,+13 ,+7 ,+1 ,0 
47.6849705 ,Left ,-2 ,-2 ,-2 ,-11 ,-8 ,-4 ,-3 ,-3
47.6849739 ,Left ,0  ,+1 ,+8 ,+13 ,-5 ,-1 ,-1 ,-1
47.7040421 ,Left ,0  ,+5 ,-3 ,-6 ,+21 ,+2 ,+3 ,0 
47.7040451 ,Left ,-4 ,-4 ,-16 ,-1 ,-7 ,-4 ,-4 ,-3
47.704817 ,Left ,-2 ,-3 ,-2 ,-45 ,0  ,-1 ,-2 ,-1
47.7048199 ,Left ,0  ,-3 ,+2 ,+16 ,+4 ,+1 ,0  ,-2
47.7180476 ,Left ,0  ,-3 ,-7 ,-28 ,+9 ,0  ,0  ,-1
47.7180504 ,Left ,0  ,0  ,+8 ,+42 ,-4 ,-2 ,0  ,-1
47.7188825 ,Left ,-2 ,0  ,+5 ,+34 ,+10 ,0  ,-2 ,0 
47.7188851 ,Left ,-3 ,-1 ,-4 ,-11 ,+16 ,-1 ,-3 ,-1
47.7407926 ,Left ,-3 ,-3 ,-1 ,-12 ,-1 ,+3 ,-1 ,-1
47.7407955 ,Left ,-2 ,-3 ,-11 ,-9 ,+4 ,-2 ,-1 ,+1
47.7414515 ,Left ,+2 ,+5 ,+8 ,-15 ,-8 ,-1 ,0  ,-1
47.7414543 ,Left ,0  ,-5 ,-2 ,+12 ,+5 ,+2 ,-2 ,-1
47.764055 ,Left ,+1 ,-2 ,+1 ,+10 ,+6 ,0  ,-3 ,+1
47.7640578 ,Left ,-2 ,-2 ,+1 ,-21 ,-10 ,+2 ,0  ,-1
47.7648342 ,Left ,+1 ,+4 ,-3 ,+2 ,-1 ,-1 ,+2 ,+1
47.7648373 ,Left ,-2 ,+1 ,+4 ,+5 ,-14 ,-5 ,-2 ,-2
47.7783032 ,Left ,-2 ,0  ,+1 ,+21 ,+7 ,+2 ,-2 ,-3
47.7783063 ,Left ,-1 ,-5 ,-3 ,-26 ,-7 ,-4 ,-2 ,-2
47.7789015 ,Left ,-1 ,-3 ,-3 ,+7 ,-1 ,-1 ,-2 ,-1
47.778904 ,Left ,-1 ,0  ,+3 ,-13 ,-1 ,-4 ,-2 ,-1
47.8006041 ,Left ,+1 ,-1 ,-4 ,-28 ,+6 ,0  ,+1 ,+1
47.8006067 ,Left ,-2 ,+1 ,+10 ,+8 ,-46 ,-9 ,-1 ,-1
47.8013536 ,Left ,0  ,-3 ,-11 ,+8 ,+9 ,0  ,-2 ,-2
47.801356 ,Left ,+2 ,-1 ,-15 ,-31 ,-10 ,+1 ,-1 ,+1
47.8238166 ,Left ,-2 ,-7 ,+9 ,+36 ,+14 ,-2 ,-2 ,-1
47.8238198 ,Left ,+2 ,+7 ,+6 ,-23 ,+7 ,+1 ,+2 ,+3
47.8246318 ,Left ,-3 ,-2 ,+5 ,+19 ,-5 ,+1 ,-1 ,-2
47.8246624 ,Left ,-2 ,-4 ,-6 ,+10 ,-25 ,-3 ,-1 ,-1
47.8465242 ,Left ,+1 ,+4 ,-11 ,-14 ,+20 ,0  ,-2 ,-2
47.8465269 ,Left ,+1 ,-1 ,+4 ,-5 ,+7 ,0  ,-1 ,+1
47.8473078 ,Left ,0  ,-2 ,-1 ,+29 ,-6 ,-1 ,0  ,-1
47.8473149 ,Left ,-1 ,-3 ,-6 ,-11 ,+25 ,+2 ,0  ,-1
47.8608088 ,Left ,-2 ,-2 ,+1 ,-4 ,-13 ,0  ,-1 ,-2
47.8608118 ,Left ,0  ,0  ,-7 ,+7 ,+28 ,+1 ,-1 ,-1
47.8616405 ,Left ,0  ,0  ,-3 ,-14 ,-11 ,-2 ,-2 ,0 
47.8616434 ,Left ,-2 ,-2 ,+3 ,-14 ,-5 ,-4 ,0  ,-1
47.8837159 ,Left ,0  ,-2 ,-5 ,+1 ,-7 ,+5 ,-1 ,+1
47.8837338 ,Left ,0  ,0  ,+3 ,+5 ,+11 ,-22 ,-3 ,-2
47.8844638 ,Left ,-1 ,-2 ,0  ,+6 ,+5 ,+2 ,-4 ,0 
47.8844729 ,Left ,+2 ,+5 ,-1 ,-11 ,-7 ,+1 ,-2 ,+2
47.8976925 ,Left ,-3 ,-2 ,+1 ,+6 ,+1 ,-4 ,+1 ,0 
47.8976963 ,Left ,-1 ,-3 ,0  ,0  ,-13 ,+10 ,-5 ,-2
47.9057332 ,Left ,-1 ,-3 ,+1 ,-16 ,-8 ,-2 ,0  ,0 
47.9057366 ,Left ,+2 ,+2 ,+3 ,+5 ,-17 ,-2 ,0  ,0 
47.9207128 ,Left ,-3 ,-3 ,-4 ,-8 ,-3 ,0  ,-4 ,-4
47.9207155 ,Left ,0  ,+2 ,+4 ,+22 ,+18 ,+1 ,-2 ,0 
47.9215966 ,Left ,-3 ,-1 ,-7 ,-36 ,+4 ,+1 ,0  ,-1
47.9215994 ,Left ,-1 ,-3 ,+8 ,+44 ,+9 ,+2 ,-3 ,-4
47.9439764 ,Left ,-3 ,-3 ,-25 ,-35 ,-11 ,-5 ,-1 ,0 
47.9439793 ,Left ,-6 ,-7 ,-5 ,-4 ,-5 ,+1 ,0  ,0 
47.9447936 ,Left ,0  ,+3 ,-8 ,-15 ,+3 ,-4 ,+1 ,-1
47.9447964 ,Left ,+1 ,+1 ,+15 ,+16 ,+3 ,0  ,0  ,0 
47.9577845 ,Left ,-1 ,-4 ,-1 ,+16 ,-3 ,-1 ,-1 ,-2
47.9577872 ,Left ,-3 ,-2 ,-4 ,-7 ,-9 ,+1 ,+2 ,-2
47.9656387 ,Left ,+1 ,-2 ,0  ,0  ,+3 ,-2 ,-4 ,-2
47.9656414 ,Left ,-3 ,-3 ,-9 ,-6 ,-6 ,-2 ,-1 ,-2
47.9806534 ,Left ,-1 ,+3 ,+16 ,+3 ,-4 ,-1 ,-1 ,+1
47.9806564 ,Left ,-1 ,+1 ,-11 ,-20 ,-16 ,+1 ,-2 ,0 
47.9815737 ,Left ,0  ,0  ,+7 ,+30 ,+32 ,0  ,-1 ,-2
47.9815766 ,Left ,-2 ,-3 ,-11 ,-39 ,-42 ,-6 ,-2 ,-1
48.0039073 ,Left ,0  ,+1 ,+3 ,+11 ,-3 ,-1 ,-1 ,+1
48.0039111 ,Left ,-1 ,-1 ,+2 ,+10 ,+27 ,0  ,0  ,-1
48.0045984 ,Left ,0  ,-3 ,-2 ,-14 ,-7 ,0  ,-1 ,0 
48.0046019 ,Left ,-3 ,-1 ,-2 ,+2 ,+6 ,+13 ,+2 ,0 
48.0175255 ,Left ,-1 ,-1 ,+1 ,-3 ,+6 ,-12 ,-5 ,-2
48.0175297 ,Left ,0  ,-1 ,+1 ,-2 ,-19 ,-7 ,+2 ,-2
48.025771 ,Left ,-1 ,-2 ,-8 ,-23 ,-10 ,+4 ,-1 ,-1
48.0257747 ,Left ,-1 ,-1 ,-3 ,-1 ,+13 ,+3 ,-3 ,-1
48.040558 ,Left ,-1 ,-3 ,-2 ,-5 ,-5 ,+8 ,+3 ,-1
48.0406731 ,Left ,+1 ,+2 ,+2 ,+2 ,+1 ,0  ,-1 ,0 
48.0413768 ,Left ,-2 ,-3 ,0  ,+10 ,-4 ,-6 ,+2 ,-2
48.0413804 ,Left ,+1 ,+1 ,+1 ,-1 ,0  ,-2 ,-5 ,+1
48.0637013 ,Left ,-3 ,-1 ,+1 ,+18 ,-1 ,0  ,-2 ,-2
48.0637045 ,Left ,-1 ,+4 ,+4 ,-54 ,-7 ,-3 ,-1 ,-1
48.0645322 ,Left ,-2 ,-3 ,-7 ,+3 ,-3 ,-1 ,-3 ,0 
48.0645353 ,Left ,-2 ,-1 ,0  ,+5 ,0  ,-5 ,0  ,-1
48.0775038 ,Left ,0  ,-4 ,-3 ,+10 ,+3 ,-3 ,0  ,-1
48.0775067 ,Left ,0  ,-2 ,-6 ,0  ,+7 ,+3 ,-1 ,-1
48.0855748 ,Left ,-1 ,0  ,+11 ,+21 ,-25 ,-2 ,-2 ,-1
48.0855775 ,Left ,+2 ,+2 ,-6 ,-31 ,-1 ,-4 ,-1 ,0 
48.100772 ,Left ,0  ,-2 ,-4 ,-1 ,+4 ,-3 ,-1 ,-1
48.1007752 ,Left ,-3 ,-4 ,-1 ,+11 ,-4 ,+1 ,-3 ,-1
48.1016037 ,Left ,-3 ,+2 ,-2 ,+18 ,+30 ,+1 ,0  ,-1
48.1016067 ,Left ,-1 ,0  ,+7 ,+27 ,-1 ,-3 ,0  ,-3
48.1238129 ,Left ,-3 ,-1 ,+1 ,-20 ,-17 ,-2 ,-2 ,+1
48.1238159 ,Left ,0  ,-3 ,-4 ,+5 ,+1 ,+1 ,0  ,-1
48.1244914 ,Left ,-2 ,-1 ,0  ,-4 ,-7 ,-6 ,0  ,-1
48.1245151 ,Left ,-1 ,-1 ,-4 ,-6 ,+2 ,0  ,0  ,-1
48.13762 ,Left ,-1 ,+3 ,+5 ,+24 ,+8 ,0  ,-1 ,-1
48.1376228 ,Left ,-1 ,-2 ,+3 ,+5 ,-5 ,-1 ,-2 ,0 
48.1458972 ,Left ,+2 ,+2 ,-2 ,-5 ,-4 ,-1 ,+1 ,-2
48.1459 ,Left ,-1 ,-1 ,-5 ,-1 ,+16 ,-2 ,-1 ,-1
48.1608788 ,Left ,+1 ,+1 ,0  ,-3 ,-31 ,-1 ,0  ,-1
48.1608818 ,Left ,-3 ,-3 ,-3 ,+3 ,-1 ,-5 ,-2 ,-2
48.1614246 ,Left ,0  ,+1 ,-1 ,-13 ,-13 ,+3 ,-3 ,-2
48.1614641 ,Left ,0  ,0  ,-5 ,+6 ,+9 ,-1 ,0  ,-3
48.1841359 ,Left ,-1 ,0  ,-3 ,-1 ,+27 ,+3 ,+1 ,-1
48.1841394 ,Left ,-2 ,-2 ,+8 ,+3 ,-3 ,0  ,-1 ,0 
48.1848422 ,Left ,-2 ,-5 ,-6 ,-4 ,-10 ,0  ,-1 ,-1
48.1848521 ,Left ,-3 ,-4 ,-2 ,+7 ,-1 ,+3 ,0  ,-2
48.1977125 ,Left ,-1 ,-1 ,0  ,-14 ,-4 ,-20 ,-4 ,-2
48.1977156 ,Left ,+1 ,-1 ,-5 ,+17 ,+25 ,0  ,-1 ,-2
48.2058791 ,Left ,-1 ,-2 ,-9 ,-42 ,+1 ,-1 ,-2 ,+1
48.205882 ,Left ,-2 ,-1 ,0  ,-19 ,-10 ,+2 ,0  ,-2
48.2208336 ,Left ,0  ,-3 ,0  ,0  ,+4 ,+4 ,0  ,-2
48.2208364 ,Left ,0  ,+1 ,-2 ,-7 ,-7 ,-1 ,0  ,-2
48.2216285 ,Left ,+2 ,+2 ,+8 ,+28 ,+1 ,0  ,-4 ,+2
48.2216314 ,Left ,+1 ,+2 ,0  ,+16 ,+3 ,-3 ,+1 ,+1
48.2437199 ,Left ,-1 ,-3 ,-3 ,-11 ,-7 ,+3 ,-3 ,-1
48.2437226 ,Left ,0  ,0  ,0  ,-1 ,-1 ,-2 ,-2 ,-2
48.2445222 ,Left ,-3 ,-3 ,-2 ,0  ,+2 ,+3 ,-2 ,-3
48.2445355 ,Left ,-2 ,-4 ,-2 ,0  ,-3 ,-3 ,-3 ,-1
48.2576611 ,Left ,0  ,-1 ,-2 ,+7 ,+4 ,+1 ,0  ,-3
48.2576855 ,Left ,-1 ,-3 ,-2 ,-3 ,-9 ,-1 ,-1 ,0 
48.2658158 ,Left ,-1 ,-3 ,-7 ,-1 ,+6 ,-3 ,+3 ,+1
48.2658187 ,Left ,+1 ,-2 ,+4 ,+3 ,+2 ,-3 ,-1 ,-1
48.2808068 ,Left ,-1 ,0  ,0  ,-13 ,-4 ,+1 ,0  ,0 
48.2808097 ,Left ,-2 ,+3 ,+10 ,+8 ,-7 ,+1 ,-1 ,-1
48.2815958 ,Left ,+1 ,-3 ,-17 ,-6 ,-3 ,-1 ,0  ,-1
48.2815986 ,Left ,-3 ,-7 ,-1 ,+20 ,-5 ,-4 ,-1 ,-1
48.3043738 ,Left ,0  ,-4 ,-9 ,-11 ,-6 ,0  ,-2 ,-1
48.3043851 ,Left ,0  ,+2 ,-3 ,-6 ,-3 ,0  ,+1 ,-1
48.3050492 ,Left ,-1 ,+1 ,+12 ,+24 ,+4 ,-1 ,+1 ,0 
48.3051949 ,Left ,+1 ,+4 ,-11 ,-36 ,-4 ,0  ,0  ,+1
48.3263976 ,Left ,0  ,+1 ,+7 ,+39 ,+7 ,+1 ,-1 ,-3
48.3264003 ,Left ,-5 ,-4 ,-4 ,+2 ,-5 ,-5 ,-2 ,-1
48.3270283 ,Left ,0  ,+1 ,+7 ,-1 ,-5 ,-3 ,0  ,-2
48.3270637 ,Left ,-1 ,0  ,-13 ,-31 ,-3 ,-2 ,-3 ,-1
48.3405407 ,Left ,-2 ,0  ,0  ,-14 ,+2 ,+7 ,+2 ,-1
48.3405936 ,Left ,+1 ,-1 ,-2 ,-4 ,-3 ,-21 ,-4 ,-2
48.34133 ,Left ,0  ,-1 ,+5 ,+16 ,+1 ,+3 ,-2 ,0 
48.3413324 ,Left ,-2 ,-4 ,-3 ,+15 ,-6 ,-3 ,-1 ,-2
48.3638261 ,Left ,0  ,+3 ,+1 ,-25 ,-6 ,+2 ,+2 ,+2
48.3638292 ,Left ,0  ,-4 ,-3 ,+6 ,+4 ,+5 ,-1 ,-1
48.3645501 ,Left ,-3 ,-4 ,-3 ,+9 ,+3 ,-4 ,-2 ,-3
48.3645524 ,Left ,0  ,0  ,+6 ,+19 ,-4 ,-1 ,0  ,-1
48.3865028 ,Left ,-1 ,+2 ,+2 ,-2 ,+6 ,-1 ,0  ,+1
48.3865062 ,Left ,-2 ,0  ,+1 ,-12 ,+4 ,+5 ,-4 ,0 
48.3873554 ,Left ,-1 ,-2 ,-2 ,-36 ,-12 ,+16 ,+4 ,0 
48.3873582 ,Left ,-5 ,-4 ,-4 ,-20 ,+2 ,-19 ,-5 ,-6
48.4009544 ,Left ,+2 ,-3 ,+2 ,+24 ,+3 ,-31 ,-8 ,+6
48.4009572 ,Left ,-1 ,+2 ,-4 ,-6 ,-9 ,+10 ,-15 ,0 
48.4014366 ,Left ,0  ,-2 ,-5 ,-7 ,+8 ,+7 ,+21 ,+3
48.4014391 ,Left ,+3 ,+3 ,+3 ,0  ,0  ,+14 ,+23 ,+1
48.4237812 ,Left ,0  ,+1 ,-1 ,-10 ,+2 ,-4 ,0  ,-15
48.4237842 ,Left ,0  ,+5 ,+2 ,+5 ,0  ,-47 ,+11 ,+22
48.4244616 ,Left ,-8 ,-4 ,-6 ,+3 ,-44 ,-26 ,-33 ,-18
48.4245337 ,Left ,-2 ,-2 ,+3 ,+5 ,-1 ,-9 ,-18 ,-9
48.4463723 ,Left ,+11 ,-1 ,0  ,-7 ,+5 ,+26 ,0  ,+29
48.4463762 ,Left ,-2 ,+2 ,-2 ,+15 ,+12 ,+27 ,+23 ,-4
48.4473235 ,Left ,+4 ,0  ,-3 ,-40 ,-2 ,-29 ,-15 ,+9
48.4473268 ,Left ,-12 ,-2 ,+1 ,-4 ,-8 ,+12 ,+30 ,-10
48.4607112 ,Left ,-4 ,-5 ,-5 ,+11 ,+18 ,+11 ,-22 ,-22
48.4607143 ,Left ,0  ,-2 ,-7 ,-31 ,-9 ,-1 ,-6 ,+2
48.4616156 ,Left ,-4 ,+2 ,+2 ,+3 ,+13 ,+12 ,+17 ,+4
48.4616187 ,Left ,+3 ,-1 ,+1 ,+19 ,+8 ,+1 ,-12 ,0 
48.4840473 ,Left ,-4 ,-2 ,-8 ,-31 ,+8 ,-1 ,+15 ,-2
48.4840505 ,Left ,+2 ,-4 ,+3 ,+11 ,+10 ,+2 ,0  ,-7
48.4847617 ,Left ,-1 ,-5 ,-6 ,-26 ,-15 ,-1 ,-7 ,-6
48.484765 ,Left ,+5 ,+15 ,+11 ,-17 ,+3 ,-2 ,-5 ,+8
48.5053589 ,Left ,+2 ,-4 ,-3 ,+73 ,-13 ,-6 ,-8 ,+1
48.5053623 ,Left ,-4 ,+4 ,+5 ,+21 ,+4 ,+2 ,-8 ,-6
48.5134325 ,Left ,+4 ,+3 ,-12 ,-13 ,+17 ,+5 ,0  ,+1
48.5134358 ,Left ,-1 ,-11 ,-11 ,-22 ,-6 ,-3 ,-9 ,+3
48.5208617 ,Left ,-9 ,-5 ,+8 ,+15 ,-7 ,-4 ,+3 ,-7
48.520865 ,Left ,+6 ,+3 ,-10 ,-33 ,-7 ,+5 ,-2 ,-3
48.5216719 ,Left ,+1 ,-5 ,+8 ,+40 ,+7 ,+3 ,+7 ,-1
48.5216754 ,Left ,0  ,+2 ,+23 ,-12 ,-8 ,-4 ,-3 ,+4
48.5441112 ,Left ,+2 ,+14 ,+36 ,+30 ,-2 ,-1 ,-2 ,0 
48.5441141 ,Left ,-1 ,-11 ,-51 ,-45 ,-2 ,+6 ,0  ,-3
48.5446716 ,Left ,0  ,+3 ,+9 ,+33 ,+7 ,0  ,-4 ,-1
48.5446746 ,Left ,-6 ,-15 ,-37 ,-22 ,-4 ,0  ,-4 ,-1
48.5665908 ,Left ,0  ,+1 ,+5 ,-19 ,+2 ,-1 ,+2 ,-1
48.5666303 ,Left ,+3 ,+5 ,+23 ,+30 ,-6 ,-5 ,-4 ,-1
48.5672089 ,Left ,-4 ,0  ,+4 ,-35 ,-7 ,-2 ,+2 ,0 
48.5672116 ,Left ,0  ,0  ,0  ,+38 ,+4 ,+2 ,-2 ,-2
48.5805948 ,Left ,-4 ,-8 ,-16 ,-26 ,-10 ,-1 ,+3 ,-1
48.5805977 ,Left ,-3 ,-4 ,+3 ,+30 ,-3 ,-1 ,+1 ,-4
48.5814195 ,Left ,0  ,-1 ,-2 ,+4 ,+3 ,+3 ,-2 ,-4
48.5814223 ,Left ,-2 ,-1 ,+12 ,+55 ,+4 ,0  ,-2 ,0 
48.6044171 ,Left ,-1 ,-2 ,-16 ,-44 ,-6 ,-3 ,-4 ,-2
48.6044205 ,Left ,-4 ,-3 ,+6 ,+8 ,-1 ,-1 ,-3 ,0 
48.6051572 ,Left ,0  ,-2 ,-1 ,+2 ,0  ,+1 ,-3 ,+1
48.6051604 ,Left ,+1 ,+2 ,+1 ,-7 ,+3 ,+14 ,-6 ,-10
48.6268096 ,Left ,0  ,-1 ,-8 ,+3 ,-10 ,-39 ,-2 ,+14
48.6268131 ,Left ,-4 ,-4 ,-2 ,-10 ,-3 ,-13 ,-6 ,-7
48.6275312 ,Left ,+1 ,+1 ,+1 ,-4 ,+2 ,+1 ,+6 ,+2
48.6275342 ,Left ,-1 ,-1 ,-2 ,+15 ,0  ,+1 ,-7 ,-1
48.6408467 ,Left ,-1 ,-2 ,-8 ,-35 ,-3 ,+3 ,-1 ,-1
48.6408665 ,Left ,+1 ,0  ,+6 ,+3 ,+1 ,+1 ,+3 ,-1
48.6414844 ,Left ,0  ,-3 ,+1 ,+4 ,+2 ,-5 ,0  ,+2
48.641488 ,Left ,-3 ,-4 ,-11 ,-54 ,-8 ,-3 ,-2 ,-7
48.6637403 ,Left ,0  ,-1 ,+4 ,+38 ,0  ,-1 ,+2 ,+6
48.6637439 ,Left ,+2 ,-1 ,0  ,-9 ,0  ,+11 ,+5 ,+1
48.6645655 ,Left ,0  ,-2 ,-2 ,-3 ,-1 ,+5 ,-10 ,-5
48.6645686 ,Left ,0  ,-1 ,+1 ,+6 ,+10 ,-7 ,+2 ,+4
48.6864946 ,Left ,-2 ,-2 ,-3 ,-15 ,-7 ,+3 ,0  ,-7
48.6864975 ,Left ,+1 ,+4 ,+12 ,+12 ,+1 ,0  ,-2 ,-4
48.6872951 ,Left ,0  ,-4 ,-24 ,+3 ,+9 ,-5 ,0  ,+1
48.6872981 ,Left ,+1 ,+1 ,-9 ,+5 ,+1 ,-2 ,+1 ,+2
48.7008701 ,Left ,-1 ,+6 ,+24 ,-1 ,+2 ,+5 ,-2 ,-3
48.7008729 ,Left ,-3 ,-6 ,+6 ,+21 ,+3 ,+3 ,+1 ,-2
48.7016024 ,Left ,-2 ,+3 ,+3 ,-9 ,-34 ,-2 ,+1 ,-3
48.7016053 ,Left ,+1 ,0  ,0  ,+24 ,+14 ,-2 ,-1 ,+3
48.7239065 ,Left ,-4 ,-3 ,-2 ,-16 ,+4 ,+10 ,+3 ,-2
48.7239093 ,Left ,-1 ,-5 ,-14 ,+5 ,-10 ,-5 ,-2 ,+2
48.724684 ,Left ,-2 ,+2 ,+14 ,+21 ,+4 ,+3 ,+2 ,+1
48.7246872 ,Left ,+1 ,+1 ,-3 ,-17 ,-5 ,0  ,+1 ,0 
48.7463013 ,Left ,-2 ,-1 ,-5 ,-21 ,-6 ,+1 ,+4 ,-2
48.7463044 ,Left ,-2 ,+2 ,+11 ,+21 ,+8 ,-1 ,-5 ,-3
48.7470611 ,Left ,+1 ,-4 ,-4 ,-6 ,+3 ,+3 ,0  ,-2
48.7470637 ,Left ,-5 ,-3 ,+4 ,-11 ,-2 ,-19 ,-1 ,-1
48.7608704 ,Left ,+5 ,-2 ,-7 ,+16 ,+8 ,+2 ,-5 ,-2
48.7608735 ,Left ,-8 ,-3 ,-9 ,-26 ,-12 ,-4 ,+1 ,+2
48.7616156 ,Left ,+5 ,+1 ,0  ,+4 ,+7 ,+3 ,+2 ,+6
48.7616187 ,Left ,-2 ,-2 ,+9 ,-1 ,-13 ,-9 ,-9 ,-14
48.783614 ,Left ,0  ,+1 ,0  ,-10 ,+6 ,+2 ,+8 ,+16
48.7836174 ,Left ,-2 ,-4 ,-8 ,+9 ,-10 ,+4 ,-12 ,-11
48.7845601 ,Left ,-2 ,+1 ,+5 ,+8 ,+1 ,+4 ,+6 ,-3
48.7845633 ,Left ,+2 ,+1 ,0  ,-9 ,-1 ,+8 ,-18 ,+5
48.8065404 ,Left ,-3 ,-5 ,-6 ,-10 ,-2 ,-4 ,+45 ,-4
48.806544 ,Left ,+3 ,0  ,0  ,-3 ,-3 ,-13 ,-42 ,-4
48.8072315 ,Left ,-18 ,-1 ,-1 ,-10 ,+10 ,-2 ,+24 ,-6
48.8072346 ,Left ,+20 ,0  ,+1 ,+11 ,0  ,-34 ,-57 ,-6
48.8206464 ,Left ,+2 ,0  ,-6 ,-4 ,-5 ,+10 ,-2 ,+16
48.8206531 ,Left ,-5 ,-2 ,-2 ,-5 ,-28 ,+14 ,-36 ,-7
48.8214046 ,Left ,+2 ,-2 ,-1 ,-5 ,-3 ,+23 ,+13 ,-1
48.8214075 ,Left ,-5 ,-1 ,-3 ,-12 ,-4 ,+1 ,+45 ,+5
48.8438803 ,Left ,-8 ,-1 ,+3 ,+56 ,+7 ,-18 ,-26 ,-11
48.8438832 ,Left ,+6 ,-2 ,+2 ,-17 ,+6 ,+16 ,+29 ,+5
48.8446695 ,Left ,-3 ,-2 ,-6 ,-19 ,-5 ,-4 ,+1 ,-1
48.8446721 ,Left ,-3 ,+2 ,+6 ,+26 ,-2 ,+16 ,+14 ,+3
48.8663519 ,Left ,-2 ,-8 ,-12 ,-62 ,-11 ,+2 ,+2 ,-7
48.8663549 ,Left ,-5 ,-1 ,-8 ,-26 ,+6 ,-3 ,+20 ,0 
48.8670702 ,Left ,-2 ,-8 ,+8 ,+64 ,+10 ,-15 ,-14 ,-12
48.8670727 ,Left ,+3 ,+3 ,-7 ,+1 ,-16 ,+7 ,+16 ,+7
48.8799987 ,Left ,+2 ,+11 ,+16 ,+16 ,+3 ,+1 ,-8 ,-7
48.8800015 ,Left ,+1 ,-2 ,+10 ,+6 ,+8 ,-10 ,0  ,-1
48.8881664 ,Left ,0  ,-10 ,-32 ,-38 ,+4 ,0  ,-5 ,+3
48.8881696 ,Left ,-2 ,+4 ,+20 ,+31 ,-5 ,0  ,-3 ,0 
48.9041186 ,Left ,-2 ,-5 ,-31 ,-57 ,-1 ,+5 ,-13 ,-4
48.9041215 ,Left ,-4 ,-4 ,+10 ,+14 ,-5 ,-6 ,+8 ,-1
48.9047301 ,Left ,+3 ,0  ,-4 ,+3 ,+3 ,-4 ,-6 ,+7
48.9047329 ,Left ,-12 ,-21 ,-50 ,-65 ,-8 ,+3 ,0  ,-5
48.9266005 ,Left ,+1 ,+2 ,+27 ,+25 ,-5 ,-4 ,-5 ,-7
48.9266033 ,Left ,+4 ,-4 ,-38 ,-43 ,+9 ,-2 ,+11 ,+4
48.9273118 ,Left ,+2 ,+8 ,+59 ,+63 ,-2 ,-7 ,-8 ,0 
48.9273148 ,Left ,-1 ,-1 ,-10 ,-23 ,+2 ,-1 ,-2 ,-2
48.9400751 ,Left ,-1 ,-3 ,-18 ,-7 ,-1 ,+8 ,+2 ,-2
48.9400779 ,Left ,0  ,0  ,-2 ,-18 ,-7 ,-2 ,-8 ,-1
48.9484628 ,Left ,-1 ,-1 ,-8 ,+8 ,-1 ,-4 ,-3 ,-1
48.9484652 ,Left ,-1 ,+5 ,+5 ,+7 ,+5 ,+15 ,-4 ,+2
48.9633611 ,Left ,+1 ,+1 ,+10 ,+33 ,0  ,-7 ,+26 ,+1
48.9633639 ,Left ,-2 ,+2 ,+3 ,+9 ,0  ,-14 ,-1 ,-5
48.9639282 ,Left ,-1 ,+3 ,-10 ,-38 ,-8 ,+2 ,-3 ,+7
48.9639307 ,Left ,+2 ,+2 ,+18 ,+27 ,+9 ,+6 ,+2 ,0 
48.9865694 ,Left ,-2 ,-6 ,-10 ,-7 ,-15 ,+3 ,-5 ,-1
48.9865725 ,Left ,-4 ,0  ,+8 ,+37 ,+2 ,-12 ,-7 ,-16
48.9871784 ,Left ,-3 ,+3 ,-5 ,-43 ,-1 ,-5 ,+1 ,+11
48.9872067 ,Left ,+6 ,-6 ,-8 ,+25 ,-1 ,+12 ,+4 ,+5
48.9999063 ,Left ,-4 ,-3 ,-2 ,+8 ,+1 ,+4 ,-27 ,-15
48.9999098 ,Left ,-3 ,+1 ,-6 ,-53 ,-5 ,-13 ,+22 ,+1
49.0082675 ,Left ,0  ,-3 ,-1 ,+33 ,-7 ,+11 ,+40 ,+9
49.008271 ,Left ,-8 ,-2 ,-2 ,-27 ,-23 ,-1 ,-21 ,-29
49.0238998 ,Left ,-1 ,0  ,-4 ,+2 ,+11 ,+32 ,-22 ,+18
49.0239032 ,Left ,+9 ,+1 ,+7 ,+8 ,-2 ,-5 ,-18 ,-5
49.0246599 ,Left ,-2 ,-2 ,0  ,+5 ,0  ,+15 ,+2 ,-7
49.0246633 ,Left ,-5 ,-3 ,+4 ,+3 ,+6 ,-9 ,+6 ,+12
49.0465378 ,Left ,+5 ,+1 ,0  ,-1 ,-7 ,+6 ,-2 ,0 
49.0465411 ,Left ,+1 ,+5 ,+3 ,+17 ,+17 ,-17 ,-1 ,+8
49.0472806 ,Left ,-2 ,-3 ,-7 ,-31 ,-23 ,+8 ,-25 ,-10
49.0472841 ,Left ,-1 ,+4 ,+3 ,+5 ,+23 ,+11 ,+13 ,+4
49.0688509 ,Left ,-1 ,-1 ,-4 ,-36 ,-30 ,-26 ,+2 ,-5
49.0688539 ,Left ,-3 ,-2 ,-5 ,-16 ,+7 ,+12 ,+3 ,+5
49.0698218 ,Left ,-2 ,-2 ,-4 ,+40 ,+7 ,-12 ,-12 ,-12
49.0698248 ,Left ,-1 ,-7 ,-2 ,-48 ,-8 ,-6 ,+7 ,+2
49.0830699 ,Left ,0  ,+5 ,+3 ,+22 ,-1 ,-10 ,+4 ,-1
49.0830729 ,Left ,0  ,+2 ,-3 ,+43 ,+5 ,+7 ,-1 ,-1
49.0838988 ,Left ,-3 ,-3 ,+5 ,-16 ,-3 ,0  ,-3 ,0 
49.0839016 ,Left ,-1 ,+1 ,+1 ,+25 ,+3 ,-7 ,-3 ,-2
49.1065454 ,Left ,-1 ,-7 ,-24 ,-69 ,-2 ,-10 ,-9 ,-3
49.1065483 ,Left ,-1 ,+1 ,+29 ,+48 ,-4 ,+11 ,+2 ,+1
49.107379 ,Left ,+5 ,+4 ,-30 ,-87 ,-4 ,-11 ,-8 ,0 
49.1073825 ,Left ,-3 ,+2 ,+8 ,+20 ,-18 ,-11 ,-4 ,+1
49.1200688 ,Left ,-2 ,-3 ,+37 ,+34 ,+25 ,+1 ,+2 ,-8
49.1200717 ,Left ,0  ,-4 ,-57 ,-55 ,-11 ,+4 ,+7 ,+3
49.1281447 ,Left ,0  ,-5 ,+18 ,+59 ,+10 ,-7 ,-5 ,-2
49.1281476 ,Left ,0  ,0  ,+6 ,+9 ,-7 ,+1 ,-2 ,-2
49.1433657 ,Left ,-1 ,0  ,-4 ,-30 ,-13 ,+11 ,+4 ,+1
49.1433689 ,Left ,-2 ,-6 ,-8 ,-1 ,-19 ,-14 ,+6 ,0 
49.1439356 ,Left ,0  ,+3 ,+18 ,+46 ,+10 ,-21 ,-6 ,0 
49.1439386 ,Left ,0  ,+1 ,-18 ,-22 ,+5 ,-3 ,-4 ,-2
49.1665196 ,Left ,-1 ,-1 ,+7 ,+37 ,+2 ,+2 ,+5 ,-1
49.1665302 ,Left ,0  ,+3 ,+17 ,+23 ,+20 ,+2 ,-10 ,+3
49.1672244 ,Left ,-3 ,-5 ,-19 ,-22 ,-2 ,+26 ,-5 ,-5
49.1672275 ,Left ,+1 ,0  ,+8 ,+30 ,+3 ,0  ,-19 ,-10
49.1806449 ,Left ,-1 ,-3 ,-7 ,-13 ,+10 ,-14 ,+3 ,+9
49.1806479 ,Left ,-1 ,-1 ,+5 ,+6 ,-11 ,+5 ,-4 ,-3
49.1882137 ,Left ,0  ,-1 ,-3 ,-8 ,+4 ,-10 ,-5 ,-2
49.1882167 ,Left ,-1 ,-3 ,+7 ,-6 ,+5 ,+21 ,+6 ,+2
49.203028 ,Left ,-6 ,-1 ,-12 ,-8 ,+2 ,-7 ,+10 ,-8
49.2030305 ,Left ,+6 ,+2 ,+3 ,-10 ,-7 ,+2 ,+46 ,+3
49.203847 ,Left ,-1 ,+3 ,+6 ,+13 ,+3 ,+14 ,-22 ,-1
49.2038495 ,Left ,+2 ,0  ,-1 ,-20 ,+6 ,0  ,+37 ,+2
49.2265842 ,Left ,-2 ,-3 ,-10 ,+5 ,-6 ,+6 ,-18 ,-5
49.2265874 ,Left ,+1 ,0  ,+3 ,0  ,+8 ,+6 ,+14 ,+5
49.2272011 ,Left ,-1 ,+1 ,+4 ,-32 ,-4 ,-15 ,+3 ,-2
49.2272036 ,Left ,-3 ,-3 ,+2 ,-6 ,-5 ,+6 ,+7 ,+3
49.2490834 ,Left ,-1 ,-4 ,-11 ,-1 ,+4 ,-9 ,-3 ,0 
49.2490862 ,Left ,-5 ,-4 ,+10 ,+34 ,+14 ,+24 ,-20 ,-6
49.2498752 ,Left ,-3 ,-3 ,-4 ,+2 ,-3 ,+5 ,+33 ,-22
49.249878 ,Left ,0  ,-1 ,-8 ,-2 ,+10 ,+31 ,-73 ,+32
49.2631249 ,Left ,-1 ,+4 ,+4 ,-19 ,-5 ,-38 ,+6 ,-9
49.2631275 ,Left ,+1 ,+2 ,+1 ,0  ,-8 ,+4 ,+14 ,-3
49.2638573 ,Left ,+9 ,+1 ,-5 ,-13 ,+16 ,+14 ,+4 ,+23
49.2638596 ,Left ,-4 ,-5 ,-4 ,+8 ,-3 ,-6 ,+43 ,-12
49.2866648 ,Left ,0  ,-2 ,+3 ,+8 ,+10 ,+4 ,-26 ,-2
49.2868599 ,Left ,-3 ,+1 ,0  ,-38 ,-3 ,-3 ,-13 ,+4
49.2876723 ,Left ,-2 ,-2 ,+1 ,+29 ,-12 ,0  ,+26 ,-1
49.2876838 ,Left ,0  ,0  ,-1 ,+7 ,-1 ,-20 ,+12 ,-6
49.3087743 ,Left ,+1 ,+1 ,-3 ,-47 ,-2 ,+9 ,-2 ,+6
49.3087774 ,Left ,-4 ,-9 ,-10 ,+53 ,-1 ,-13 ,-15 ,-11
49.3096018 ,Left ,-2 ,0  ,+5 ,-22 ,+8 ,-6 ,-11 ,+3
49.309604 ,Left ,-4 ,-9 ,-11 ,-6 ,-42 ,-18 ,-19 ,-8
49.3237724 ,Left ,+3 ,+8 ,-3 ,+13 ,+6 ,+1 ,+6 ,-5
49.323931 ,Left ,-1 ,-2 ,+18 ,-10 ,-10 ,-4 ,-9 ,+3
49.3242172 ,Left ,+2 ,+11 ,+9 ,-12 ,+8 ,-10 ,-8 ,0 
49.3244466 ,Left ,-3 ,-2 ,-8 ,-9 ,-17 ,-13 ,0  ,-6
49.346359 ,Left ,-2 ,-6 ,-9 ,+32 ,+11 ,+6 ,0  ,0 
49.3464618 ,Left ,-1 ,-2 ,-28 ,-54 ,-8 ,-2 ,+1 ,-1
49.3470808 ,Left ,-5 ,-10 ,-17 ,-20 ,-3 ,-4 ,-11 ,-1
49.3471072 ,Left ,+3 ,+10 ,+35 ,+10 ,+10 ,-6 ,0  ,-3
49.3687395 ,Left ,0  ,+3 ,+43 ,+64 ,0  ,+2 ,-3 ,-1
49.3687646 ,Left ,-3 ,-11 ,-64 ,-41 ,+13 ,-9 ,-6 ,0 
49.3695694 ,Left ,-4 ,-6 ,-12 ,-1 ,-9 ,-13 ,-12 ,-6
49.3695721 ,Left ,+2 ,0  ,-11 ,-34 ,+4 ,0  ,-3 ,0 
49.3833603 ,Left ,-2 ,-6 ,-2 ,+10 ,-6 ,+1 ,-1 ,0 
49.3833631 ,Left ,0  ,+9 ,+49 ,+23 ,-7 ,+5 ,+1 ,-1
49.3839201 ,Left ,0  ,+1 ,-4 ,-6 ,-6 ,-3 ,-3 ,0 
49.3839365 ,Left ,-2 ,-2 ,-9 ,+7 ,+5 ,-5 ,+4 ,0 
49.406961 ,Left ,+1 ,+3 ,+5 ,+18 ,+2 ,+6 ,-4 ,0 
49.4071444 ,Left ,-1 ,+1 ,+5 ,-8 ,0  ,-1 ,+6 ,-1
49.4083367 ,Left ,-3 ,-4 ,-8 ,-11 ,-6 ,-2 ,-5 ,-14
49.4084768 ,Left ,+1 ,+1 ,+7 ,+16 ,+9 ,0  ,+4 ,+14
49.4288867 ,Left ,-1 ,-5 ,-16 ,-26 ,-6 ,+1 ,+4 ,-5
49.4288913 ,Left ,-5 ,-5 ,-6 ,+2 ,0  ,+3 ,-1 ,+4
49.4305004 ,Left ,+12 ,+1 ,+8 ,+16 ,-5 ,-12 ,-7 ,+3
49.4305051 ,Left ,-2 ,0  ,+2 ,+10 ,+1 ,-9 ,-1 ,-5
49.4425153 ,Left ,-2 ,-3 ,-16 ,-60 ,-6 ,+8 ,+25 ,0 
49.4425186 ,Left ,+1 ,-3 ,+6 ,+26 ,-2 ,-4 ,-17 ,-2
49.4515041 ,Left ,-4 ,-4 ,+2 ,+8 ,-4 ,-8 ,-3 ,-1
49.451507 ,Left ,-1 ,0  ,-5 ,-2 ,+4 ,+5 ,-3 ,-5
49.4665203 ,Left ,0  ,-2 ,-6 ,-1 ,-2 ,0  ,+21 ,+2
49.4665408 ,Left ,+2 ,+2 ,+10 ,-6 ,+1 ,-3 ,-5 ,-4
49.4678654 ,Left ,-4 ,0  ,+1 ,-6 ,-1 ,+5 ,+5 ,+2
49.4678677 ,Left ,+3 ,+3 ,-8 ,-14 ,+6 ,+7 ,-3 ,-3
49.4889503 ,Left ,-2 ,-2 ,+5 ,+61 ,+2 ,-30 ,-14 ,-1
49.4889532 ,Left ,-1 ,+1 ,+2 ,-16 ,-4 ,+3 ,+3 ,0 
49.4903658 ,Left ,-4 ,-2 ,+1 ,+10 ,-3 ,-3 ,-2 ,0 
49.4904551 ,Left ,-3 ,-3 ,-2 ,-8 ,-1 ,+5 ,-1 ,-2
49.5023952 ,Left ,0  ,-1 ,-2 ,+9 ,+4 ,+6 ,-7 ,0 
49.5023978 ,Left ,+3 ,+3 ,+10 ,+4 ,-1 ,-6 ,+2 ,-1
49.5115154 ,Left ,+1 ,-4 ,-10 ,-22 ,-4 ,-2 ,-9 ,+1
49.511518 ,Left ,-2 ,-1 ,+3 ,-8 ,-5 ,0  ,0  ,-4
49.5262826 ,Left ,-1 ,-1 ,+2 ,+19 ,+6 ,+2 ,-4 ,-1
49.5262852 ,Left ,-2 ,-3 ,-12 ,-5 ,+2 ,-1 ,-4 ,-1
49.5270312 ,Left ,-2 ,-2 ,+7 ,+23 ,-7 ,+5 ,+1 ,-1
49.5270336 ,Left ,+1 ,-1 ,+7 ,-13 ,-4 ,-6 ,0  ,0 
49.548979 ,Left ,0  ,-3 ,-13 ,-10 ,+3 ,0  ,-7 ,-1
49.5489817 ,Left ,0  ,-1 ,+10 ,+17 ,+9 ,+6 ,+5 ,+2
49.5497885 ,Left ,-3 ,-2 ,-9 ,-2 ,-2 ,-2 ,-2 ,-3
49.5497916 ,Left ,-2 ,-2 ,+8 ,+19 ,-7 ,-7 ,-2 ,-2
49.5625713 ,Left ,+1 ,-3 ,-9 ,-26 ,-6 ,+10 ,-1 ,+1
49.5625741 ,Left ,0  ,-1 ,+6 ,+5 ,-1 ,-14 ,-3 ,-2
49.5713768 ,Left ,+1 ,+2 ,-16 ,-11 ,+3 ,+2 ,+2 ,-1
49.5713793 ,Left ,0  ,-3 ,-4 ,-11 ,+2 ,-5 ,-3 ,-2
49.5864988 ,Left ,+1 ,+4 ,+8 ,-10 ,-4 ,+8 ,-11 ,-1
49.586502 ,Left ,-1 ,-2 ,-18 ,-26 ,-6 ,+7 ,+4 ,-2
49.5879411 ,Left ,0  ,+3 ,+16 ,+30 ,-5 ,-9 ,-1 ,0 
49.5879439 ,Left ,-3 ,-3 ,-4 ,-11 ,+3 ,+4 ,-2 ,-1
49.6095155 ,Left ,-1 ,-1 ,-5 ,+9 ,-3 ,+5 ,-5 ,-1
49.6095262 ,Left ,+1 ,+4 ,+9 ,-6 ,-3 ,-17 ,-5 ,-1
49.6108636 ,Left ,-1 ,+2 ,+3 ,+5 ,+2 ,+1 ,0  ,+2
49.6108664 ,Left ,0  ,+3 ,+3 ,+2 ,+5 ,-6 ,-6 ,-1
49.6229004 ,Left ,-1 ,-8 ,-18 ,-9 ,-2 ,+1 ,0  ,-9
49.6229035 ,Left ,-1 ,0  ,+2 ,-13 ,-1 ,+2 ,+1 ,+13
49.631492 ,Left ,0  ,-4 ,-1 ,-7 ,+3 ,+9 ,+2 ,-5
49.6314954 ,Left ,-1 ,-3 ,0  ,+28 ,-1 ,-3 ,-1 ,-2
49.6465141 ,Left ,-2 ,0  ,+3 ,-30 ,-2 ,-20 ,-30 ,-1
49.6465181 ,Left ,-6 ,-6 ,-9 ,-8 ,-4 ,+19 ,+30 ,-5
49.6479695 ,Left ,0  ,-2 ,-2 ,-29 ,-17 ,+2 ,-18 ,-4
49.6479726 ,Left ,-4 ,-3 ,-8 ,+21 ,-6 ,-13 ,-13 ,-12
49.6690584 ,Left ,-2 ,+2 ,+7 ,+10 ,-2 ,-26 ,+46 ,+15
49.6690615 ,Left ,-4 ,-2 ,-3 ,+2 ,-2 ,+16 ,-62 ,-5
49.6704604 ,Left ,+1 ,-1 ,+5 ,+1 ,+29 ,+50 ,+16 ,+5
49.6704645 ,Left ,-5 ,0  ,-6 ,-11 ,-29 ,+11 ,+15 ,+4
49.6823868 ,Left ,+2 ,0  ,+5 ,+16 ,+11 ,-63 ,-67 ,-15
49.6823897 ,Left ,0  ,+1 ,0  ,-34 ,-3 ,-4 ,+5 ,-3
49.6913866 ,Left ,+3 ,+1 ,+3 ,+26 ,+13 ,-1 ,0  ,+5
49.6913895 ,Left ,+3 ,-3 ,-5 ,-20 ,-34 ,-7 ,+14 ,-6
49.7063364 ,Left ,-1 ,0  ,+2 ,-7 ,+6 ,+58 ,+22 ,+11
49.7063393 ,Left ,-3 ,+3 ,-3 ,+19 ,-9 ,-11 ,+3 ,-6
49.7078202 ,Left ,-2 ,-2 ,+1 ,+18 ,-10 ,-17 ,-24 ,-5
49.707879 ,Left ,+2 ,-1 ,-12 ,-67 ,+17 ,+1 ,+9 ,+5
49.7289581 ,Left ,-3 ,-9 ,+6 ,-3 ,-16 ,+4 ,+8 ,+1
49.7289615 ,Left ,0  ,0  ,-31 ,-72 ,-24 ,-11 ,+3 ,-4
49.7303416 ,Left ,+4 ,+2 ,+25 ,+35 ,+4 ,-4 ,+9 ,+2
49.7303444 ,Left ,-6 ,-2 ,-4 ,-34 ,+10 ,-1 ,-4 ,0 
49.7425948 ,Left ,-6 ,-15 ,+20 ,+66 ,+4 ,+2 ,+9 ,-8
49.7425983 ,Left ,+8 ,+13 ,-3 ,+21 ,+4 ,+5 ,-7 ,+3
49.7515357 ,Left ,+1 ,+13 ,+30 ,-12 ,-8 ,-13 ,+6 ,0 
49.7515387 ,Left ,+2 ,+2 ,+5 ,-7 ,+7 ,+3 ,-5 ,+4
49.7665399 ,Left ,-3 ,-8 ,-28 ,-31 ,-15 ,-1 ,-12 ,-7
49.7665432 ,Left ,-1 ,-10 ,+7 ,+23 ,+10 ,-1 ,+9 ,+1
49.7680032 ,Left ,-6 ,-16 ,-50 ,-41 ,-12 ,-3 ,+1 ,-3
49.7680065 ,Left ,+2 ,+4 ,+5 ,-16 ,+4 ,-4 ,-6 ,-1
49.7888519 ,Left ,+1 ,+6 ,+12 ,-8 ,-2 ,+4 ,+4 ,+1
49.788855 ,Left ,-5 ,-3 ,+10 ,+15 ,-2 ,-7 ,-1 ,-2
49.7903801 ,Left ,-3 ,+1 ,-8 ,-23 ,-3 ,-5 ,+4 ,-2
49.7903829 ,Left ,0  ,-1 ,+3 ,+28 ,+1 ,+4 ,-6 ,-1
49.8024925 ,Left ,-2 ,0  ,-18 ,-23 ,-9 ,-2 ,+3 ,-2
49.8024952 ,Left ,+4 ,+4 ,+17 ,-3 ,+6 ,-2 ,+2 ,+2
49.8114809 ,Left ,-1 ,-1 ,+5 ,+28 ,-6 ,-2 ,-6 ,-1
49.8114842 ,Left ,-3 ,-8 ,-11 ,+28 ,+29 ,0  ,-2 ,0 
49.8250869 ,Left ,+3 ,+6 ,-6 ,-20 ,-15 ,+2 ,+3 ,+1
49.8250905 ,Left ,-2 ,-2 ,+13 ,+19 ,+2 ,+1 ,+2 ,-1
49.8339725 ,Left ,-2 ,-6 ,-9 ,+14 ,+5 ,-2 ,+2 ,+1
49.8339755 ,Left ,-1 ,-1 ,-7 ,-27 ,-19 ,-5 ,-3 ,-2
49.8488971 ,Left ,+1 ,+2 ,+6 ,+13 ,+12 ,+3 ,+4 ,+3
49.8489003 ,Left ,-1 ,-5 ,-12 ,-10 ,+4 ,+2 ,-3 ,-4
49.8504344 ,Left ,0  ,+1 ,-5 ,+25 ,-1 ,0  ,+4 ,+1
49.8504372 ,Left ,-5 ,-1 ,+1 ,+4 ,0  ,-1 ,-15 ,-4
49.8623971 ,Left ,+3 ,+4 ,+2 ,+11 ,+4 ,+3 ,+21 ,+6
49.8623999 ,Left ,-4 ,-7 ,-8 ,0  ,-2 ,+3 ,0  ,-10
49.8714731 ,Left ,+2 ,+2 ,+5 ,-12 ,-20 ,+4 ,+13 ,+13
49.8714762 ,Left ,+1 ,0  ,+2 ,+11 ,+4 ,-1 ,+12 ,-2
49.8862234 ,Left ,-1 ,+3 ,+2 ,-4 ,+1 ,-7 ,-3 ,-1
49.8862263 ,Left ,+1 ,+1 ,+1 ,+16 ,+3 ,-4 ,0  ,+4
49.9000512 ,Left ,-6 ,-3 ,-2 ,-26 ,+3 ,+5 ,+7 ,-4
49.9000663 ,Left ,+3 ,-1 ,+1 ,+26 ,+3 ,+21 ,-7 ,-2
49.9088705 ,Left ,+3 ,-3 ,-8 ,-21 ,-19 ,-23 ,-50 ,-9
49.9088732 ,Left ,-6 ,-1 ,+2 ,-7 ,+11 ,+19 ,+24 ,+1
49.9103122 ,Left ,-4 ,0  ,-3 ,-15 ,-8 ,-17 ,-27 ,-8
49.9103344 ,Left ,+8 ,+1 ,0  ,+17 ,0  ,-7 ,+11 ,+7
49.9313705 ,Left ,-14 ,-3 ,+1 ,+12 ,+1 ,+3 ,-15 ,-17
49.9313733 ,Left ,+10 ,-1 ,-3 ,-16 ,-4 ,-27 ,+37 ,+12
49.9329856 ,Left ,-2 ,-5 ,+3 ,+27 ,+15 ,-24 ,-4 ,-3
49.9329884 ,Left ,-9 ,-5 ,-10 ,-9 ,-21 ,+25 ,-55 ,-16
49.9456816 ,Left ,+1 ,+4 ,+4 ,+5 ,+11 ,+8 ,+20 ,+5
49.9457092 ,Left ,0  ,-1 ,-4 ,-9 ,-5 ,+6 ,-10 ,+2
49.9526907 ,Left ,-7 ,0  ,-1 ,-5 ,+38 ,+8 ,+27 ,-7
49.9526935 ,Left ,0  ,-6 ,-4 ,-17 ,-36 ,-32 ,+10 ,-3
49.9690549 ,Left ,+3 ,-6 ,-2 ,-29 ,+23 ,+8 ,+14 ,+10
49.9690575 ,Left ,-6 ,-4 ,-5 ,+51 ,-9 ,-15 ,-1 ,-4
49.9705136 ,Left ,+6 ,+7 ,+11 ,+35 ,+6 ,-3 ,-8 ,0 
49.9705339 ,Left ,-2 ,-3 ,-2 ,+17 ,+17 ,-2 ,-2 ,+1
49.9913794 ,Left ,+1 ,-4 ,-9 ,+10 ,-12 ,+9 ,+3 ,-1
49.9913823 ,Left ,-4 ,-8 ,+15 ,-13 ,-24 ,-4 ,-17 ,-4
49.9928654 ,Left ,+9 ,+31 ,+17 ,-7 ,+14 ,+7 ,-7 ,+3
49.992868 ,Left ,-3 ,-4 ,+9 ,+11 ,-2 ,-12 ,+6 ,-1
50.0049566 ,Left ,-5 ,-8 ,-21 ,-30 ,-9 ,-1 ,-3 ,-2
50.0049596 ,Left ,-4 ,-8 ,-10 ,+17 ,+9 ,+4 ,-8 ,-5
50.0138868 ,Left ,-2 ,-17 ,-37 ,-50 ,-17 ,-3 ,-1 ,0 
50.0138899 ,Left ,+3 ,+9 ,+30 ,+43 ,+8 ,+2 ,+6 ,+5
50.0290236 ,Left ,0  ,0  ,+24 ,+5 ,+12 ,+1 ,+5 ,0 
50.0290265 ,Left ,-3 ,-5 ,-6 ,-12 ,+2 ,-4 ,-13 ,-3
50.0304865 ,Left ,0  ,-8 ,-17 ,-15 ,-10 ,+23 ,-4 ,-2
50.0304894 ,Left ,+1 ,+1 ,+12 ,+2 ,+5 ,-16 ,+1 ,-1
50.0515077 ,Left ,-2 ,-4 ,-27 ,-23 ,-8 ,+5 ,-7 ,-1
50.0515108 ,Left ,0  ,+11 ,+43 ,+47 ,+1 ,-19 ,-8 ,-4
50.0529963 ,Left ,-1 ,-3 ,+8 ,-2 ,-9 ,-2 ,-1 ,+2
50.052999 ,Left ,0  ,-2 ,-7 ,+9 ,+10 ,+25 ,+22 ,+4
50.0650247 ,Left ,+2 ,+5 ,-5 ,-10 ,-4 ,+8 ,+2 ,-1
50.0650276 ,Left ,+2 ,+2 ,-8 ,-19 ,+1 ,+5 ,-6 ,0 
50.0739349 ,Left ,-2 ,-6 ,+10 ,0  ,+3 ,-10 ,-2 ,-3
50.0739578 ,Left ,-2 ,+4 ,-1 ,-13 ,-8 ,-6 ,-3 ,0 
50.096521 ,Left ,+1 ,+6 ,+15 ,+17 ,-4 ,-7 ,+5 ,0 
50.096524 ,Left ,-3 ,-3 ,-26 ,-20 ,+1 ,+2 ,0  ,0 
50.0978905 ,Left ,-2 ,-2 ,+7 ,-5 ,-4 ,0  ,-2 ,-2
50.097893 ,Left ,+1 ,0  ,-5 ,+14 ,+6 ,0  ,+3 ,+1
50.1027466 ,Left ,+1 ,0  ,-6 ,+7 ,-1 ,-1 ,-2 ,+1
50.1027496 ,Left ,-1 ,-1 ,+8 ,+15 ,-1 ,-2 ,-6 ,-1
50.111556 ,Left ,-2 ,-1 ,-6 ,-15 ,+4 ,-3 ,-1 ,0 
50.1115589 ,Left ,-3 ,-5 ,-12 ,-11 ,-4 ,-2 ,-5 ,-3
50.1255954 ,Left ,-1 ,0  ,0  ,+4 ,+10 ,-5 ,+3 ,0 
50.1256621 ,Left ,-1 ,-1 ,+2 ,-5 ,+20 ,+4 ,-2 ,-1
50.1327257 ,Left ,+2 ,+4 ,+4 ,-13 ,-14 ,-4 ,+1 ,-1
50.132729 ,Left ,+1 ,+5 ,-7 ,-11 ,-5 ,-1 ,+1 ,+2
50.1488274 ,Left ,-5 ,-7 ,+3 ,-5 ,-5 ,-5 ,-2 ,-4
50.1488309 ,Left ,0  ,0  ,+8 ,+31 ,+4 ,+2 ,+1 ,0 
50.1502902 ,Left ,-2 ,-7 ,-11 ,-1 ,+10 ,+1 ,-2 ,-3
50.1503293 ,Left ,-2 ,-3 ,+1 ,-10 ,-13 ,-10 ,-6 ,-2
50.1624333 ,Left ,0  ,+4 ,+3 ,-9 ,-2 ,-2 ,0  ,-3
50.1624357 ,Left ,-1 ,-3 ,-16 ,-32 ,-7 ,0  ,-1 ,0 
50.1714868 ,Left ,0  ,-1 ,-1 ,+1 ,-11 ,-3 ,-1 ,0 
50.1714891 ,Left ,-3 ,-1 ,-1 ,+2 ,+7 ,+2 ,-2 ,0 
50.1858589 ,Left ,+2 ,+4 ,-2 ,-25 ,-18 ,-3 ,0  ,+1
50.1858621 ,Left ,-1 ,-2 ,-3 ,+18 ,+2 ,-1 ,-2 ,-3
50.1924249 ,Left ,0  ,+1 ,+5 ,+14 ,-2 ,0  ,-1 ,+1
50.1924278 ,Left ,0  ,-1 ,+1 ,-16 ,+6 ,0  ,+1 ,-2
50.2090293 ,Left ,-3 ,-3 ,-2 ,+12 ,-4 ,0  ,0  ,-1
50.2090326 ,Left ,+1 ,-1 ,-5 ,-22 ,-4 ,+2 ,-3 ,-2
50.2104674 ,Left ,-2 ,-3 ,-7 ,-9 ,-5 ,-2 ,-2 ,-1
50.2104704 ,Left ,0  ,-2 ,+6 ,+6 ,+26 ,0  ,-1 ,0 
50.2316217 ,Left ,0  ,+4 ,-1 ,+31 ,-14 ,-4 ,-2 ,-1
50.231625 ,Left ,-3 ,+1 ,+5 ,-21 ,-1 ,+1 ,0  ,+1
50.2329724 ,Left ,-2 ,-1 ,-12 ,-9 ,-1 ,0  ,-2 ,-3
50.2329756 ,Left ,-2 ,-5 ,-15 ,-9 ,+10 ,-3 ,-4 ,-2
50.2449064 ,Left ,-1 ,-2 ,+5 ,+13 ,-4 ,-1 ,-8 ,0 
50.2450308 ,Left ,0  ,-2 ,-2 ,+3 ,-2 ,0  ,+18 ,-1
50.2539463 ,Left ,-2 ,0  ,+8 ,+20 ,-4 ,-2 ,0  ,0 
50.2540252 ,Left ,-1 ,0  ,-3 ,-2 ,-8 ,-2 ,0  ,+1
50.2763935 ,Left ,-1 ,+1 ,+5 ,-2 ,+8 ,-1 ,-2 ,-2
50.2763972 ,Left ,+1 ,+3 ,-3 ,-1 ,-1 ,+1 ,-6 ,0 
50.277939 ,Left ,-1 ,-2 ,0  ,-6 ,-21 ,-3 ,0  ,-1
50.2779423 ,Left ,0  ,-1 ,-6 ,-1 ,+17 ,+1 ,0  ,-2
50.2913595 ,Left ,0  ,-4 ,+2 ,+7 ,+3 ,-2 ,-1 ,-3
50.2913902 ,Left ,-1 ,-4 ,-4 ,+7 ,-2 ,0  ,-3 ,-3
50.2930102 ,Left ,-2 ,-5 ,-7 ,-7 ,-7 ,-1 ,-1 ,-1
50.2930127 ,Left ,+2 ,+10 ,+5 ,-5 ,+2 ,+2 ,0  ,+2
50.3052405 ,Left ,-1 ,-1 ,+4 ,+17 ,+29 ,+2 ,+1 ,-1
50.3052437 ,Left ,-1 ,0  ,0  ,-18 ,-22 ,-5 ,-6 ,-1
50.3141384 ,Left ,-1 ,-3 ,-4 ,-7 ,+8 ,+2 ,-2 ,-1
50.3141414 ,Left ,0  ,-1 ,+1 ,+18 ,-9 ,+2 ,+2 ,-2
50.336487 ,Left ,-2 ,-4 ,-2 ,+4 ,+11 ,-4 ,+1 ,-1
50.3364899 ,Left ,-1 ,+1 ,-10 ,-17 ,+3 ,-1 ,-1 ,0 
50.3380064 ,Left ,-5 ,-4 ,+3 ,+17 ,-6 ,-2 ,0  ,0 
50.338009 ,Left ,-3 ,+1 ,-3 ,-4 ,+1 ,-1 ,-2 ,-1
50.3514539 ,Left ,0  ,0  ,+4 ,+39 ,+29 ,+3 ,+1 ,0 
50.3514567 ,Left ,-4 ,-7 ,-10 ,-39 ,-35 ,-7 ,-6 ,-3
50.3530367 ,Left ,-2 ,0  ,+2 ,-7 ,-4 ,-4 ,-1 ,-2
50.3530392 ,Left ,0  ,-3 ,-3 ,+1 ,-6 ,-1 ,-2 ,-2
50.3658815 ,Left ,0  ,0  ,-4 ,-13 ,-10 ,-1 ,+1 ,-1
50.3658846 ,Left ,-3 ,-3 ,+1 ,-5 ,+7 ,-1 ,0  ,-1
50.372744 ,Left ,+1 ,+4 ,+3 ,+38 ,+4 ,+1 ,0  ,-1
50.3727468 ,Left ,-6 ,-10 ,-15 ,-29 ,-48 ,-8 ,-4 ,-3
50.3890066 ,Left ,-2 ,-1 ,-4 ,-12 ,-11 ,-2 ,-2 ,-2
50.3890093 ,Left ,+2 ,+2 ,+12 ,+10 ,+16 ,+1 ,-1 ,0 
50.3904563 ,Left ,+1 ,-1 ,-1 ,0  ,-10 ,0  ,0  ,-1
50.3904593 ,Left ,+1 ,0  ,+4 ,+8 ,+28 ,+6 ,+1 ,0 
50.4113113 ,Left ,-1 ,0  ,-5 ,-15 ,-22 ,-8 ,-2 ,0 
50.4113141 ,Left ,-1 ,-2 ,-10 ,-13 ,-2 ,+2 ,0  ,+1
50.4128874 ,Left ,-1 ,0  ,+17 ,+46 ,+16 ,0  ,-2 ,-1
50.4128964 ,Left ,-2 ,-3 ,-13 ,-28 ,-7 ,+4 ,0  ,-2
50.4258299 ,Left ,-1 ,-4 ,-3 ,-14 ,-37 ,-2 ,-1 ,-2
50.4258331 ,Left ,0  ,+1 ,0  ,+11 ,+12 ,0  ,-1 ,-1
50.4324949 ,Left ,0  ,0  ,-3 ,-20 ,+2 ,+1 ,-2 ,0 
50.4324976 ,Left ,-1 ,0  ,+5 ,+20 ,-6 ,-4 ,+1 ,-1
50.4565001 ,Left ,-1 ,-2 ,+1 ,-12 ,+11 ,0  ,0  ,0 
50.456503 ,Left ,+1 ,+4 ,0  ,+9 ,-7 ,-1 ,-2 ,-1
50.4578541 ,Left ,-4 ,-4 ,-9 ,-14 ,-3 ,+1 ,-3 ,-1
50.4578812 ,Left ,-4 ,-5 ,+5 ,+49 ,+9 ,-7 ,-3 ,-2
50.4715625 ,Left ,+1 ,+1 ,-5 ,-45 ,+10 ,+1 ,+3 ,+3
50.4715652 ,Left ,0  ,-2 ,0  ,+4 ,+2 ,+3 ,+1 ,-2
50.4729486 ,Left ,-2 ,-2 ,-2 ,-5 ,0  ,-1 ,-1 ,-2
50.4729514 ,Left ,+1 ,0  ,+1 ,-8 ,-8 ,-1 ,-1 ,0 
50.4856189 ,Left ,0  ,0  ,+3 ,+12 ,0  ,-1 ,-3 ,-1
50.4856216 ,Left ,-1 ,-5 ,-6 ,+4 ,-8 ,-1 ,-2 ,-1
50.4924175 ,Left ,-1 ,-1 ,-4 ,-11 ,+13 ,-1 ,0  ,-2
50.4924202 ,Left ,-1 ,+1 ,+5 ,-9 ,+17 ,+1 ,0  ,0 
50.5089609 ,Left ,+1 ,+2 ,+1 ,+4 ,-5 ,+2 ,0  ,-1
50.5089638 ,Left ,-2 ,-3 ,-3 ,+7 ,+9 ,-1 ,-1 ,-1
50.5105003 ,Left ,+1 ,-1 ,+2 ,+6 ,-9 ,-2 ,0  ,0 
50.510503 ,Left ,-1 ,+3 ,-1 ,-17 ,+13 ,+1 ,+1 ,0 
50.5313756 ,Left ,-1 ,-3 ,-2 ,+5 ,-8 ,-2 ,-1 ,-3
50.5313787 ,Left ,-1 ,-1 ,+1 ,+13 ,+1 ,-1 ,-3 ,+1
50.5328981 ,Left ,0  ,-3 ,-3 ,-8 ,+4 ,+5 ,+1 ,+1
50.5329007 ,Left ,-1 ,-2 ,+5 ,+2 ,-2 ,+1 ,-2 ,-2
50.5450047 ,Left ,+1 ,+1 ,+2 ,+3 ,-19 ,-6 ,-1 ,-1
50.5450077 ,Left ,-1 ,-2 ,-6 ,-6 ,+13 ,+5 ,0  ,-1
50.5539966 ,Left ,0  ,-1 ,+1 ,+4 ,-12 ,-5 ,-2 ,-2
50.5539996 ,Left ,-2 ,-8 ,-4 ,-5 ,-3 ,0  ,-3 ,-4
50.5688118 ,Left ,-1 ,-3 ,-3 ,-12 ,-36 ,0  ,-3 ,0 
50.5688147 ,Left ,+1 ,+1 ,-7 ,+13 ,+1 ,-2 ,-1 ,0 
50.5704217 ,Left ,-1 ,0  ,+2 ,-18 ,-1 ,+3 ,+1 ,0 
50.5704243 ,Left ,-1 ,-3 ,-9 ,-20 ,-2 ,-1 ,0  ,-1
50.5913874 ,Left ,-2 ,-4 ,+2 ,+33 ,+18 ,-1 ,0  ,0 
50.5913902 ,Left ,0  ,+2 ,+2 ,-21 ,-6 ,-2 ,0  ,+1
50.5929533 ,Left ,-4 ,-4 ,-4 ,+8 ,-4 ,-2 ,-1 ,-3
50.5929561 ,Left ,+2 ,+1 ,-3 ,-1 ,-7 ,-6 ,-2 ,0 
50.6051715 ,Left ,-3 ,-3 ,+4 ,-7 ,+3 ,0  ,-3 ,-2
50.6051744 ,Left ,-2 ,-1 ,0  ,+8 ,+8 ,0  ,+3 ,+2
50.6138267 ,Left ,-3 ,-3 ,-5 ,-4 ,-14 ,-3 ,-7 ,0 
50.6138293 ,Left ,-1 ,-1 ,0  ,-3 ,+31 ,+1 ,+3 ,-2
50.6290234 ,Left ,0  ,+1 ,+1 ,+11 ,+6 ,+3 ,+1 ,-1
50.6290264 ,Left ,-2 ,0  ,0  ,+18 ,-8 ,-1 ,-1 ,-3
50.630457 ,Left ,+1 ,+1 ,-14 ,-57 ,-5 ,-4 ,-5 ,-2
50.6304598 ,Left ,-1 ,-1 ,+2 ,+11 ,-15 ,-4 ,-4 ,-1
50.6512654 ,Left ,-1 ,-2 ,-1 ,-5 ,+7 ,0  ,0  ,-1
50.6512683 ,Left ,-1 ,-2 ,+5 ,-4 ,+5 ,-1 ,-2 ,-1
50.6528485 ,Left ,0  ,-1 ,-6 ,+1 ,-23 ,-3 ,+3 ,0 
50.6528772 ,Left ,0  ,+1 ,+6 ,+8 ,-6 ,+3 ,0  ,+1
50.6651782 ,Left ,0  ,-1 ,-4 ,-1 ,+7 ,-2 ,+1 ,-3
50.6651812 ,Left ,-1 ,0  ,-6 ,-19 ,-15 ,+5 ,-1 ,-2
50.6739994 ,Left ,0  ,-3 ,0  ,+12 ,+11 ,-21 ,-3 ,-1
50.6740025 ,Left ,-1 ,-2 ,0  ,+9 ,-11 ,-1 ,+1 ,+2
50.6890527 ,Left ,-2 ,+1 ,-1 ,-5 ,+6 ,+2 ,-1 ,0 
50.689056 ,Left ,0  ,-5 ,-13 ,-4 ,+25 ,+2 ,-1 ,-3
50.6904468 ,Left ,+2 ,+7 ,+20 ,+19 ,-4 ,+3 ,+1 ,+1
50.6904501 ,Left ,-3 ,-2 ,-12 ,-48 ,+2 ,0  ,-2 ,-1
50.7113966 ,Left ,-2 ,-1 ,+8 ,+57 ,+9 ,-6 ,-4 ,-4
50.7113992 ,Left ,-2 ,-5 ,-19 ,-31 ,-15 ,-3 ,-3 ,-1
50.7129004 ,Left ,-3 ,-5 ,-5 ,+5 ,-14 ,+2 ,+1 ,-1
50.7129102 ,Left ,-2 ,0  ,-1 ,+4 ,-10 ,-7 ,-3 ,-2
50.7250536 ,Left ,-1 ,0  ,-2 ,-25 ,+12 ,+4 ,0  ,0 
50.7250564 ,Left ,+2 ,+3 ,+6 ,+13 ,-6 ,-6 ,0  ,-1
50.7339931 ,Left ,-3 ,-3 ,-4 ,-4 ,+10 ,+4 ,0  ,-2
50.7339962 ,Left ,+1 ,+1 ,+1 ,+6 ,-7 ,-2 ,0  ,+1
50.7487776 ,Left ,+1 ,+4 ,-2 ,-2 ,-7 ,-1 ,-1 ,-1
50.7487807 ,Left ,-1 ,-2 ,+7 ,+15 ,+1 ,0  ,-2 ,-1
50.7504156 ,Left ,-2 ,+1 ,-4 ,-20 ,+10 ,0  ,+2 ,-1
50.7504184 ,Left ,+3 ,0  ,+2 ,+6 ,-4 ,0  ,-1 ,0 
50.7713716 ,Left ,0  ,-3 ,-4 ,+1 ,-2 ,-2 ,-3 ,-1
50.7713748 ,Left ,+1 ,+2 ,+5 ,-8 ,+4 ,-2 ,0  ,+2
50.7729231 ,Left ,-1 ,-2 ,-4 ,0  ,+2 ,+1 ,-1 ,-1
50.772926 ,Left ,-3 ,-2 ,-3 ,-11 ,-4 ,-2 ,-2 ,-2
50.7850398 ,Left ,0  ,+1 ,0  ,+1 ,0  ,-2 ,-1 ,0 
50.7850431 ,Left ,-2 ,-3 ,-2 ,-6 ,-38 ,-4 ,-1 ,-1
50.7939962 ,Left ,-1 ,-3 ,-7 ,+1 ,+8 ,+2 ,0  ,-1
50.7939994 ,Left ,-2 ,+2 ,+4 ,+8 ,+5 ,0  ,0  ,0 
50.809034 ,Left ,-1 ,0  ,0  ,-15 ,-1 ,-3 ,-1 ,0 
50.8090372 ,Left ,-2 ,0  ,+6 ,+2 ,+5 ,+2 ,0  ,-1
50.8104847 ,Left ,-4 ,-2 ,-8 ,+14 ,+3 ,-2 ,-3 ,-3
50.8104879 ,Left ,+1 ,-2 ,-2 ,+33 ,-8 ,-2 ,-2 ,-1
50.8313925 ,Left ,-2 ,-4 ,-2 ,-23 ,+1 ,0  ,0  ,0 
50.8314226 ,Left ,-1 ,+1 ,+5 ,+15 ,+2 ,+4 ,-1 ,-1
50.8329817 ,Left ,0  ,-6 ,+1 ,-4 ,+15 ,-11 ,-3 ,0 
50.8329846 ,Left ,+2 ,+4 ,-7 ,-26 ,-19 ,-5 ,-2 ,+1
50.8456401 ,Left ,0  ,0  ,+2 ,+17 ,+1 ,0  ,-3 ,-1
50.8456429 ,Left ,-2 ,0  ,-3 ,-14 ,+2 ,-3 ,0  ,+1
50.8538182 ,Left ,+1 ,0  ,+4 ,+25 ,+1 ,+4 ,-1 ,-1
50.8538575 ,Left ,-1 ,-1 ,+1 ,-4 ,+4 ,0  ,+1 ,-2
50.8688736 ,Left ,0  ,-4 ,-14 ,-6 ,+17 ,-1 ,-1 ,0 
50.8688765 ,Left ,-1 ,0  ,+11 ,-20 ,-1 ,+1 ,+1 ,-2
50.8705021 ,Left ,0  ,0  ,-1 ,-4 ,-5 ,+2 ,-1 ,-2
50.8705046 ,Left ,+1 ,-2 ,0  ,+9 ,+10 ,+1 ,-1 ,+2
50.8905022 ,Left ,-2 ,-1 ,-2 ,+8 ,-19 ,-3 ,-1 ,-1
50.8905055 ,Left ,-2 ,-1 ,+2 ,+9 ,+15 ,-3 ,-2 ,-2
50.8989449 ,Left ,0  ,+3 ,-7 ,-4 ,+3 ,0  ,0  ,0 
50.8989477 ,Left ,-2 ,0  ,+13 ,+38 ,-2 ,0  ,-3 ,-2
50.9049455 ,Left ,-1 ,-5 ,-9 ,-3 ,+2 ,0  ,0  ,0 
50.9049484 ,Left ,-2 ,-2 ,-6 ,-4 ,-5 ,-3 ,-2 ,-1
50.9140021 ,Left ,+1 ,0  ,+7 ,+3 ,-1 ,0  ,0  ,0 
50.9140051 ,Left ,-1 ,0  ,-1 ,-13 ,-2 ,+2 ,0  ,-2
50.9290575 ,Left ,-3 ,-2 ,+1 ,-13 ,-9 ,-3 ,-1 ,-2
50.9290606 ,Left ,-2 ,0  ,+1 ,+14 ,+2 ,-2 ,0  ,-2
50.9305106 ,Left ,-2 ,-1 ,-2 ,-17 ,-5 ,+2 ,-1 ,+1
50.9305138 ,Left ,+1 ,+5 ,-3 ,+2 ,-1 ,-3 ,-3 ,+2
50.9519995 ,Left ,-3 ,-4 ,-1 ,-15 ,-5 ,+3 ,+2 ,-1
50.9520024 ,Left ,+1 ,-2 ,-1 ,+21 ,-29 ,-8 ,-1 ,-1
50.9536226 ,Left ,-1 ,-1 ,+5 ,+2 ,+4 ,-1 ,-2 ,-1
50.9536257 ,Left ,-2 ,-7 ,-13 ,-14 ,+2 ,+5 ,0  ,-3
50.9650351 ,Left ,0  ,+3 ,+8 ,-3 ,-9 ,-21 ,-7 ,-1
50.9650379 ,Left ,0  ,-1 ,-3 ,-7 ,+6 ,+3 ,0  ,-1
50.9739239 ,Left ,+1 ,+1 ,+2 ,+24 ,-4 ,-1 ,-1 ,0 
50.9739266 ,Left ,-3 ,-8 ,-7 ,-16 ,-12 ,-2 ,-1 ,-3
50.9888323 ,Left ,-2 ,-2 ,-8 ,+13 ,-7 ,+4 ,0  ,-3
50.9888356 ,Left ,-1 ,-1 ,-1 ,-8 ,+15 ,-1 ,+1 ,0 
50.9903861 ,Left ,-2 ,0  ,+5 ,+5 ,-3 ,-3 ,0  ,-1
50.9903884 ,Left ,-2 ,0  ,-4 ,-11 ,+2 ,-3 ,0  ,-1
51.0120236 ,Left ,0  ,0  ,0  ,-10 ,+4 ,+6 ,+2 ,+1
51.0120264 ,Left ,0  ,+1 ,0  ,+1 ,-3 ,+6 ,+2 ,+1
51.0134687 ,Left ,-4 ,-3 ,-5 ,-3 ,-7 ,-5 ,-9 ,-12
51.0134716 ,Left ,-1 ,-1 ,0  ,-4 ,0  ,+11 ,-7 ,+10
51.0249736 ,Left ,-7 ,-2 ,+1 ,0  ,+3 ,-2 ,+6 ,-5
51.0249763 ,Left ,+4 ,+1 ,+3 ,+13 ,+2 ,+4 ,-6 ,+2
51.0338759 ,Left ,-5 ,-1 ,-3 ,-11 ,-6 ,-18 ,+11 ,0 
51.0339637 ,Left ,0  ,-4 ,-2 ,-6 ,0  ,-7 ,-4 ,-15
51.0491721 ,Left ,-6 ,0  ,+2 ,-6 ,+6 ,+12 ,-21 ,-14
51.049175 ,Left ,+11 ,-1 ,-6 ,-24 ,-5 ,-41 ,-56 ,+18
51.0504906 ,Left ,-2 ,0  ,0  ,+10 ,+4 ,+12 ,+6 ,-1
51.0504933 ,Left ,-6 ,-3 ,-1 ,-10 ,-13 ,-10 ,-42 ,-3
51.0715753 ,Left ,-1 ,-1 ,-3 ,+4 ,-18 ,-2 ,-17 ,-2
51.0715781 ,Left ,-8 ,-4 ,-7 ,-37 ,-14 ,+43 ,+57 ,-6
51.0730025 ,Left ,0  ,+1 ,+1 ,-7 ,+14 ,-23 ,-22 ,-7
51.0730051 ,Left ,+1 ,-1 ,+3 ,+31 ,-9 ,-17 ,+15 ,0 
51.0851876 ,Left ,-3 ,+2 ,0  ,-5 ,+16 ,+1 ,+17 ,+3
51.0851908 ,Left ,-3 ,+2 ,+8 ,+49 ,+7 ,-1 ,+7 ,+5
51.0939615 ,Left ,+3 ,-6 ,-16 ,-70 ,-18 ,+16 ,+10 ,+5
51.0939641 ,Left ,-2 ,+1 ,-1 ,-10 ,+10 ,+21 ,+15 ,-4
51.1087704 ,Left ,0  ,0  ,+7 ,+38 ,+23 ,-20 ,+1 ,+1
51.1087729 ,Left ,-2 ,-4 ,-4 ,-37 ,-12 ,-1 ,-3 ,-5
51.1103875 ,Left ,-3 ,-2 ,-6 ,+69 ,+22 ,+8 ,+3 ,-1
51.1104232 ,Left ,-1 ,-3 ,+19 ,0  ,+10 ,-15 ,-3 ,-3
51.1314406 ,Left ,+5 ,+11 ,+28 ,-22 ,0  ,+4 ,-1 ,+6
51.1314434 ,Left ,0  ,-1 ,-27 ,-17 ,-14 ,0  ,-4 ,-2
51.1329608 ,Left ,+1 ,-1 ,+2 ,+1 ,-11 ,+7 ,-8 ,-2
51.1329714 ,Left ,-5 ,-15 ,+6 ,+21 ,+1 ,-4 ,+3 ,0 
51.1540514 ,Left ,+12 ,+22 ,-4 ,-27 ,0  ,+6 ,+9 ,+7
51.1540543 ,Left ,-5 ,+7 ,+31 ,+24 ,+11 ,+1 ,-1 ,-9
51.1555079 ,Left ,-4 ,-7 ,+7 ,-9 ,-12 ,-14 ,-1 ,-1
51.1555105 ,Left ,+2 ,+8 ,-8 ,+17 ,+5 ,+7 ,+6 ,+4
51.1690339 ,Left ,-5 ,-21 ,-33 ,-23 ,-7 ,+1 ,+2 ,-1
51.1690501 ,Left ,-1 ,+2 ,-5 ,+4 ,0  ,-12 ,-3 ,-5
51.1704422 ,Left ,+1 ,-1 ,-15 ,-24 ,-2 ,+3 ,-4 ,+1
51.170445 ,Left ,-1 ,-3 ,+7 ,-1 ,-1 ,+3 ,0  ,-2
51.1913956 ,Left ,-1 ,-3 ,+10 ,+29 ,-5 ,0  ,-4 ,-3
51.1913984 ,Left ,0  ,+1 ,+9 ,-20 ,+2 ,-7 ,-1 ,-3
51.1929166 ,Left ,-3 ,-1 ,-2 ,+4 ,+3 ,+1 ,+1 ,0 
51.192919 ,Left ,-2 ,+3 ,-7 ,-5 ,-3 ,+3 ,+6 ,0 
51.2141462 ,Left ,-4 ,-8 ,-12 ,-3 ,-10 ,-7 ,0  ,0 
51.2141545 ,Left ,0  ,-2 ,0  ,+8 ,0  ,-1 ,+1 ,-1
51.215465 ,Left ,0  ,+4 ,+16 ,+1 ,+1 ,+1 ,+1 ,0 
51.2154677 ,Left ,-1 ,-2 ,-16 ,-33 ,-6 ,-5 ,-6 ,-15
51.2288661 ,Left ,-3 ,-4 ,+1 ,+31 ,-2 ,+1 ,+2 ,+8
51.2288687 ,Left ,-3 ,-6 ,-6 ,+16 ,+3 ,-2 ,+1 ,-3
51.2303891 ,Left ,0  ,0  ,-5 ,-8 ,-3 ,+7 ,+1 ,+1
51.2303917 ,Left ,-2 ,0  ,-9 ,+6 ,+3 ,+17 ,-4 ,+3
51.2514199 ,Left ,-1 ,-2 ,-1 ,-32 ,-8 ,-31 ,+16 ,-8
51.2514229 ,Left ,-4 ,-6 ,-6 ,+6 ,+4 ,-2 ,-4 ,-2
51.2529895 ,Left ,-2 ,-1 ,-2 ,+6 ,+2 ,+1 ,+5 ,+2
51.2529924 ,Left ,+2 ,0  ,+1 ,-25 ,-5 ,+5 ,+1 ,+1
51.2738 ,Left ,-5 ,-1 ,0  ,+10 ,-1 ,+5 ,-11 ,+1
51.2738029 ,Left ,+1 ,0  ,-6 ,-21 ,-1 ,-4 ,-1 ,-6
51.2753098 ,Left ,+4 ,0  ,+5 ,+13 ,-2 ,-6 ,-1 ,+4
51.2753125 ,Left ,-4 ,+1 ,-3 ,-14 ,0  ,-5 ,+9 ,-1
51.2883581 ,Left ,+2 ,-1 ,-6 ,-3 ,-3 ,+1 ,-16 ,0 
51.2883608 ,Left ,-1 ,0  ,+1 ,+11 ,+4 ,+3 ,+3 ,+7
51.2950232 ,Left ,0  ,-1 ,-1 ,-23 ,-4 ,+3 ,-5 ,-3
51.295026 ,Left ,0  ,+2 ,+10 ,+24 ,+2 ,-4 ,+4 ,+2
51.3113571 ,Left ,0  ,-7 ,-19 ,-13 ,-4 ,-2 ,-1 ,-2
51.3113599 ,Left ,+1 ,+1 ,+4 ,+14 ,-2 ,+3 ,-4 ,-2
51.3130021 ,Left ,-2 ,-1 ,-20 ,-15 ,-5 ,-4 ,-1 ,-1
51.3130053 ,Left ,0  ,+1 ,+14 ,+19 ,+5 ,+3 ,+3 ,+5
51.3340327 ,Left ,-2 ,+2 ,+8 ,+11 ,-10 ,-15 ,-2 ,-3
51.3340355 ,Left ,-1 ,0  ,+6 ,+1 ,-5 ,0  ,-2 ,-1
51.3355142 ,Left ,-2 ,-4 ,+1 ,+27 ,+12 ,+1 ,0  ,-2
51.3355171 ,Left ,0  ,-3 ,-10 ,-24 ,-9 ,-6 ,-10 ,-2
51.3481146 ,Left ,+1 ,-1 ,-17 ,-16 ,+9 ,+12 ,+10 ,+1
51.3481171 ,Left ,0  ,-2 ,-1 ,-6 ,0  ,+8 ,+1 ,0 
51.3551019 ,Left ,0  ,+3 ,+10 ,+2 ,-8 ,+2 ,-1 ,-3
51.3551045 ,Left ,-1 ,-1 ,-1 ,+26 ,+20 ,-6 ,-11 ,-8
51.3714794 ,Left ,-4 ,-2 ,+4 ,+4 ,-3 ,-4 ,-13 ,+8
51.3714821 ,Left ,+3 ,-1 ,-3 ,+4 ,-8 ,-15 ,-5 ,+4
51.3729819 ,Left ,-2 ,0  ,-2 ,-10 ,+5 ,+14 ,+26 ,+2
51.3729876 ,Left ,+6 ,0  ,-6 ,0  ,-13 ,-22 ,-26 ,-5
51.4012834 ,Left ,+3 ,+1 ,+2 ,-19 ,-3 ,-24 ,+20 ,-5
51.4012861 ,Left ,-10 ,0  ,+2 ,+34 ,+20 ,-4 ,-5 ,-5
51.4028496 ,Left ,+4 ,-3 ,-2 ,-12 ,-21 ,-4 ,-28 ,+13
51.4028523 ,Left ,-6 ,-6 ,-12 ,-67 ,-35 ,-30 ,+2 ,+3
51.4080859 ,Left ,-1 ,+4 ,+5 ,-45 ,+56 ,+35 ,-16 ,-10
51.4080885 ,Left ,-3 ,-3 ,+2 ,+90 ,-21 ,-11 ,+1 ,-7
51.4148872 ,Left ,0  ,+1 ,-3 ,-40 ,-12 ,-2 ,+11 ,0 
51.4148898 ,Left ,-5 ,-6 ,-9 ,+20 ,-2 ,+2 ,-56 ,-6
51.4315806 ,Left ,-4 ,-2 ,-7 ,-16 ,+16 ,+2 ,+8 ,-1
51.4315835 ,Left ,+2 ,+3 ,-4 ,-43 ,+4 ,+3 ,+6 ,+4
51.4330006 ,Left ,-5 ,-4 ,+2 ,-33 ,-9 ,+1 ,-4 ,-5
51.4330036 ,Left ,-3 ,-12 ,-24 ,+20 ,-5 ,-1 ,+15 ,-1
51.4538769 ,Left ,+9 ,+21 ,+40 ,+41 ,-22 ,+6 ,+3 ,+4
51.4538798 ,Left ,-3 ,-9 ,+8 ,-3 ,+17 ,+2 ,-6 ,-4
51.4553175 ,Left ,+4 ,+5 ,-7 ,+35 ,+5 ,-7 ,-6 ,-1
51.4553201 ,Left ,-7 ,-3 ,+1 ,-68 ,-12 ,+5 ,+12 ,0 
51.4681411 ,Left ,-3 ,-7 ,-24 ,+2 ,-12 ,0  ,0  ,-2
51.4681445 ,Left ,-1 ,-5 ,-12 ,+7 ,+1 ,0  ,+4 ,+2
51.4749875 ,Left ,0  ,-2 ,-31 ,-39 ,+9 ,-3 ,-4 ,-3
51.4749911 ,Left ,+2 ,+2 ,+6 ,+22 ,+6 ,+11 ,+17 ,+4
51.4996511 ,Left ,-5 ,-8 ,-22 ,-22 ,-3 ,+4 ,-4 ,-1
51.4996541 ,Left ,+3 ,+9 ,+49 ,+16 ,-8 ,-6 ,-6 ,-1
51.5011425 ,Left ,-2 ,-11 ,-52 ,-8 ,+3 ,+1 ,-1 ,-3
51.5011528 ,Left ,+1 ,0  ,-25 ,-25 ,+10 ,+6 ,+12 ,0 
51.5139382 ,Left ,-2 ,-4 ,0  ,+4 ,-13 ,-5 ,-4 ,-4
51.513941 ,Left ,0  ,+3 ,+6 ,+18 ,-7 ,+6 ,-1 ,-1
51.5155348 ,Left ,-1 ,+7 ,+53 ,+20 ,+1 ,-4 ,0  ,-1
51.5155375 ,Left ,+1 ,+2 ,-13 ,-27 ,-14 ,+1 ,+9 ,+3
51.5281441 ,Left ,+1 ,0  ,+4 ,-2 ,+10 ,+5 ,-5 ,+2
51.5281468 ,Left ,-1 ,-2 ,-13 ,+6 ,-10 ,+12 ,+20 ,0 
51.5350286 ,Left ,-6 ,-2 ,+10 ,+10 ,+12 ,-12 ,-9 ,-3
51.5350318 ,Left ,+6 ,+5 ,+12 ,+27 ,-6 ,+2 ,+9 ,+2
51.5520768 ,Left ,-7 ,-3 ,0  ,-11 ,-2 ,+22 ,-10 ,-12
51.5520811 ,Left ,0  ,-5 ,-21 ,-54 ,-8 ,-2 ,+48 ,+25
51.5533619 ,Left ,+10 ,-2 ,0  ,+24 ,+1 ,+39 ,-9 ,-11
51.5533645 ,Left ,-6 ,+5 ,+11 ,+24 ,+17 ,+7 ,+11 ,+2
51.5740453 ,Left ,+4 ,-6 ,-6 ,-1 ,-5 ,-11 ,-18 ,-13
51.5740482 ,Left ,-5 ,-2 ,-5 ,-10 ,-31 ,-17 ,-16 ,-7
51.5754856 ,Left ,-2 ,+1 ,+4 ,-1 ,0  ,-18 ,-32 ,+21
51.5754883 ,Left ,-4 ,-1 ,+8 ,+16 ,-3 ,+8 ,+66 ,0 
51.5877124 ,Left ,+8 ,+3 ,+9 ,+14 ,+6 ,-5 ,+13 ,+21
51.5877154 ,Left ,-13 ,-5 ,-18 ,-49 ,-4 ,+9 ,-10 ,-19
51.5964525 ,Left ,+3 ,+2 ,+10 ,+28 ,+18 ,-25 ,+27 ,+1
51.5964552 ,Left ,+2 ,0  ,+4 ,+10 ,-6 ,0  ,-26 ,-11
51.6112264 ,Left ,-3 ,-2 ,+5 ,+20 ,+37 ,-24 ,0  ,+8
51.6112847 ,Left ,+5 ,+1 ,-9 ,-48 ,-38 ,+20 ,-2 ,+4
51.6128962 ,Left ,-7 ,-2 ,+4 ,+17 ,-6 ,-1 ,-8 ,-15
51.6128987 ,Left ,-1 ,-6 ,+3 ,-3 ,+9 ,-5 ,-13 ,+1
51.6339952 ,Left ,-4 ,-3 ,-7 ,+1 ,-18 ,+2 ,+5 ,-3
51.6339981 ,Left ,+2 ,-3 ,+5 ,-9 ,+23 ,-10 ,-15 ,-2
51.6355242 ,Left ,+2 ,+8 ,+4 ,-19 ,-18 ,+5 ,+4 ,-1
51.635527 ,Left ,-3 ,-2 ,-5 ,-16 ,-1 ,-7 ,-11 ,-2
51.6474705 ,Left ,-5 ,-16 ,-28 ,-12 ,-15 ,+2 ,+5 ,+1
51.6474734 ,Left ,+2 ,+6 ,+35 ,+30 ,+18 ,-3 ,-12 ,-6
51.6627315 ,Left ,-1 ,+4 ,-1 ,-19 ,-14 ,-8 ,0  ,-4
51.6627342 ,Left ,+1 ,+4 ,+4 ,+4 ,+17 ,+3 ,+1 ,+8
51.6790572 ,Left ,-7 ,-9 ,-10 ,-25 ,-16 ,-2 ,-5 ,-6
51.6790601 ,Left ,-2 ,-13 ,-23 ,+22 ,+14 ,-5 ,-8 ,-2
51.680523 ,Left ,-6 ,-9 ,-35 ,+16 ,+7 ,+1 ,+4 ,-3
51.6805257 ,Left ,+3 ,+9 ,+49 ,-14 ,-9 ,-4 ,-7 ,-1
51.6939897 ,Left ,+2 ,+2 ,+11 ,+10 ,-24 ,0  ,+2 ,0 
51.6939999 ,Left ,-3 ,-7 ,-12 ,+20 ,+47 ,+1 ,-7 ,-3
51.6954067 ,Left ,-3 ,-9 ,-29 ,-41 ,-6 ,-3 ,+2 ,-2
51.6954093 ,Left ,0  ,-7 ,-36 ,+7 ,-4 ,0  ,-18 ,-3
51.7075671 ,Left ,0  ,+6 ,+38 ,+42 ,-14 ,+9 ,+14 ,+2
51.7075699 ,Left ,0  ,+7 ,+14 ,-11 ,-10 ,-25 ,-18 ,-2
51.7164134 ,Left ,-3 ,+1 ,+26 ,+13 ,+19 ,-1 ,+9 ,-2
51.7164157 ,Left ,-1 ,-7 ,-36 ,-25 ,-45 ,-15 ,-1 ,0 
51.7314015 ,Left ,-1 ,-1 ,-8 ,-6 ,+15 ,+8 ,-5 ,-2
51.7314041 ,Left ,+1 ,+3 ,-3 ,0  ,+2 ,+11 ,+10 ,+1
51.7329493 ,Left ,-1 ,-1 ,+10 ,+6 ,-21 ,-11 ,-8 ,-2
51.7329517 ,Left ,0  ,+1 ,+4 ,-22 ,+22 ,-5 ,0  ,0 
51.7540785 ,Left ,-1 ,+1 ,+5 ,+25 ,-13 ,-6 ,-7 ,-1
51.7540814 ,Left ,-3 ,-4 ,-20 ,-22 ,+4 ,-11 ,+14 ,-5
51.7553886 ,Left ,0  ,+1 ,+10 ,-4 ,-9 ,+14 ,+12 ,+3
51.755391 ,Left ,0  ,+1 ,+2 ,+3 ,+12 ,+6 ,-1 ,+3
51.7765494 ,Left ,-3 ,-2 ,-9 ,+17 ,-18 ,-4 ,+23 ,-1
51.7765523 ,Left ,+2 ,+1 ,+9 ,+21 ,+19 ,+1 ,-23 ,-2
51.7779902 ,Left ,-2 ,-3 ,-1 ,-3 ,-9 ,-4 ,-9 ,-11
51.7779927 ,Left ,+3 ,+2 ,0  ,+2 ,+14 ,+12 ,-9 ,+13
51.7914305 ,Left ,+1 ,+2 ,-5 ,-35 ,+5 ,+4 ,+18 ,+3
51.7914333 ,Left ,+1 ,-3 ,-2 ,+5 ,-2 ,-9 ,-8 ,-9
51.7929811 ,Left ,-3 ,-1 ,-3 ,-12 ,+3 ,+5 ,+16 ,+12
51.7929839 ,Left ,+1 ,-1 ,+7 ,+7 ,+4 ,+5 ,+45 ,-1
51.8137913 ,Left ,-1 ,+1 ,+1 ,-3 ,0  ,-13 ,-5 ,-1
51.8137938 ,Left ,+6 ,+3 ,-3 ,+3 ,-6 ,-4 ,+10 ,+6
51.8154435 ,Left ,-1 ,-4 ,0  ,-9 ,+6 ,+7 ,-79 ,-13
51.8155167 ,Left ,-10 ,0  ,+6 ,+6 ,-2 ,-28 ,0  ,-7
51.8277698 ,Left ,-4 ,0  ,-5 ,0  ,+4 ,+21 ,+14 ,+8
51.8277728 ,Left ,+11 ,-2 ,-5 ,+12 ,-9 ,-20 ,+1 ,-6
51.8425608 ,Left ,-3 ,+3 ,-1 ,+11 ,+4 ,+27 ,+33 ,+20
51.8425642 ,Left ,-1 ,0  ,+2 ,+21 ,-3 ,-12 ,-29 ,-3
51.8515058 ,Left ,+4 ,+5 ,+7 ,0  ,+4 ,+25 ,-16 ,-12
51.8515084 ,Left ,-5 ,0  ,-5 ,-11 ,-12 ,-1 ,-4 ,+8
51.853008 ,Left ,+2 ,-2 ,-2 ,-59 ,+1 ,-4 ,+8 ,+2
51.8530108 ,Left ,-3 ,-8 ,+2 ,+103 ,-17 ,-5 ,+10 ,-6
51.8738144 ,Left ,-5 ,-6 ,-4 ,-12 ,+2 ,-8 ,-10 ,-5
51.8738176 ,Left ,+1 ,+2 ,+5 ,-21 ,-27 ,+14 ,+9 ,0 
51.8755338 ,Left ,0  ,-2 ,0  ,-20 ,-1 ,-8 ,+1 ,-4
51.8755365 ,Left ,+1 ,+3 ,-9 ,-72 ,+15 ,+5 ,+12 ,+2
51.8876638 ,Left ,-4 ,-14 ,0  ,+72 ,-22 ,-24 ,-15 ,-7
51.8876669 ,Left ,-3 ,+4 ,-7 ,-16 ,-1 ,+6 ,-3 ,+3
51.8964276 ,Left ,-6 ,-4 ,+23 ,+7 ,+13 ,-9 ,+3 ,-5
51.8965001 ,Left ,-1 ,+1 ,-26 ,-33 ,-2 ,+6 ,-16 ,-5
51.9113576 ,Left ,-1 ,-5 ,-15 ,-23 ,+15 ,-1 ,-4 ,+5
51.9113601 ,Left ,-7 ,-9 ,-13 ,-26 ,-1 ,-1 ,-11 ,-3
51.9130029 ,Left ,+4 ,+2 ,-6 ,+25 ,-3 ,-5 ,+4 ,-2
51.9130057 ,Left ,+2 ,+3 ,+28 ,+21 ,-2 ,+4 ,0  ,-1
51.9340559 ,Left ,0  ,0  ,-2 ,-9 ,-3 ,-9 ,-8 ,0 
51.9340593 ,Left ,-6 ,-4 ,-18 ,-15 ,+1 ,+2 ,+6 ,-2
51.9355237 ,Left ,-3 ,-6 ,-32 ,-39 ,-17 ,+3 ,+2 ,-2
51.9355269 ,Left ,-3 ,-8 ,-3 ,+25 ,+9 ,-18 ,-17 ,-4
51.9474731 ,Left ,+1 ,+1 ,-7 ,-37 ,-5 ,-5 ,-5 ,-1
51.9474768 ,Left ,+1 ,+4 ,+44 ,+34 ,+2 ,+7 ,-3 ,0 
51.9563721 ,Left ,+1 ,+1 ,-13 ,+4 ,+2 ,-9 ,-4 ,-1
51.9564525 ,Left ,+1 ,+1 ,+11 ,-8 ,-2 ,+11 ,+3 ,0 
51.9705949 ,Left ,-1 ,+6 ,+9 ,+18 ,+3 ,-3 ,-1 ,+2
51.9706286 ,Left ,-2 ,-2 ,-3 ,+4 ,-2 ,+10 ,-2 ,-3
51.9775047 ,Left ,+2 ,-1 ,+14 ,+21 ,+3 ,-9 ,-2 ,+1
51.9775071 ,Left ,-2 ,-3 ,-4 ,0  ,0  ,+10 ,0  ,-2
51.9938658 ,Left ,0  ,-1 ,-7 ,-20 ,-1 ,0  ,+10 ,0 
51.9938683 ,Left ,0  ,0  ,+1 ,+16 ,+6 ,-6 ,-22 ,-1
51.9954008 ,Left ,-2 ,0  ,+3 ,+17 ,-2 ,+1 ,+7 ,-10
51.9954032 ,Left ,+1 ,-1 ,-8 ,-39 ,0  ,-8 ,-3 ,+12
52.0163566 ,Left ,-5 ,0  ,+5 ,+9 ,+3 ,+2 ,-2 ,+1
52.0163594 ,Left ,-4 ,-4 ,-10 ,-19 ,-1 ,-4 ,+9 ,+6
52.0179265 ,Left ,-2 ,0  ,0  ,+3 ,-8 ,-10 ,-7 ,-13
52.0179297 ,Left ,0  ,0  ,0  ,+18 ,-1 ,+3 ,+5 ,+4
52.0299932 ,Left ,-3 ,+2 ,+6 ,0  ,+2 ,+1 ,-6 ,-1
52.0299965 ,Left ,+3 ,-2 ,-9 ,-12 ,-3 ,-5 ,+3 ,0 
52.0390158 ,Left ,-1 ,+2 ,+2 ,-4 ,+2 ,+1 ,-2 ,+5
52.039019 ,Left ,+1 ,+2 ,+2 ,-7 ,-4 ,-7 ,-1 ,-4
52.0537683 ,Left ,-2 ,-1 ,+2 ,+11 ,+3 ,-4 ,-4 ,-2
52.0537716 ,Left ,-1 ,-4 ,-6 ,-10 ,-1 ,-1 ,-2 ,-3
52.055446 ,Left ,0  ,-1 ,+4 ,+7 ,0  ,+9 ,+7 ,+3
52.0554492 ,Left ,-2 ,-1 ,-1 ,+6 ,0  ,+5 ,-8 ,-4
52.0765363 ,Left ,+1 ,-3 ,-4 ,-7 ,+1 ,-8 ,-4 ,-3
52.0765398 ,Left ,-1 ,-2 ,-5 ,-2 ,-3 ,+9 ,+3 ,-3
52.0779827 ,Left ,-4 ,-4 ,+7 ,+29 ,+4 ,-6 ,-3 ,-1
52.0779862 ,Left ,-3 ,-1 ,-11 ,-59 ,-10 ,+1 ,+2 ,-3
52.090625 ,Left ,+1 ,+1 ,0  ,+1 ,0  ,-2 ,-3 ,0 
52.0906281 ,Left ,-2 ,0  ,+1 ,+1 ,+1 ,+4 ,+7 ,+3
52.0974095 ,Left ,+1 ,+2 ,0  ,+5 ,+5 ,-2 ,+1 ,+2
52.097435 ,Left ,-1 ,-1 ,+18 ,+32 ,-3 ,+7 ,-10 ,-6
52.1215999 ,Left ,0  ,-2 ,-15 ,-31 ,+3 ,-3 ,+1 ,-1
52.1216027 ,Left ,-3 ,-1 ,-5 ,+14 ,-5 ,-6 ,0  ,0 
52.1229604 ,Left ,-2 ,-2 ,-3 ,-4 ,-6 ,+6 ,-2 ,-1
52.1229631 ,Left ,-1 ,-4 ,+11 ,+32 ,+3 ,-4 ,-8 ,-4
52.1365412 ,Left ,+2 ,+8 ,+1 ,-24 ,-8 ,0  ,-1 ,-1
52.136544 ,Left ,+2 ,+7 ,+10 ,-3 ,+6 ,-2 ,+1 ,-2
52.1379787 ,Left ,-1 ,-4 ,-10 ,-10 ,-16 ,-8 ,-2 ,-1
52.1379817 ,Left ,-2 ,-2 ,-2 ,+22 ,+28 ,+6 ,+5 ,-1
52.1512761 ,Left ,-3 ,-7 ,+13 ,-11 ,-3 ,-3 ,-3 ,-1
52.1512795 ,Left ,-1 ,-1 ,-21 ,-26 ,-3 ,-5 ,-11 ,+2
52.152917 ,Left ,0  ,+2 ,+5 ,-5 ,-2 ,+12 ,+17 ,-3
52.1529199 ,Left ,-2 ,-6 ,-9 ,-22 ,-10 ,-31 ,-7 ,-2
52.1740406 ,Left ,-1 ,0  ,-4 ,+17 ,-3 ,-2 ,-3 ,0 
52.1740442 ,Left ,-1 ,+1 ,+8 ,-17 ,+2 ,+5 ,-1 ,-2
52.1754235 ,Left ,-1 ,-2 ,+6 ,+27 ,+2 ,-26 ,-9 ,0 
52.1754264 ,Left ,-1 ,+1 ,-1 ,+24 ,-4 ,+5 ,+1 ,0 
52.1967748 ,Left ,0  ,-2 ,-3 ,+2 ,0  ,-1 ,0  ,-2
52.1969151 ,Left ,-2 ,-2 ,+3 ,+7 ,-8 ,-2 ,+2 ,-2
52.1982654 ,Left ,+1 ,0  ,-5 ,-6 ,+1 ,+6 ,0  ,+1
52.198361 ,Left ,0  ,+2 ,+8 ,-9 ,+1 ,+4 ,+3 ,+1
52.2101268 ,Left ,-2 ,-3 ,-13 ,+7 ,-1 ,-4 ,+3 ,-1
52.2101329 ,Left ,-1 ,-5 ,-4 ,+8 ,-8 ,-16 ,+6 ,-1
52.2190976 ,Left ,-1 ,-5 ,-12 ,-13 ,+1 ,+13 ,-12 ,-5
52.2192318 ,Left ,+1 ,+4 ,+2 ,-2 ,-1 ,+1 ,-10 ,-3
52.2344174 ,Left ,-1 ,0  ,+8 ,-18 ,+3 ,-1 ,+2 ,+5
52.2344211 ,Left ,+2 ,+2 ,+4 ,+30 ,+7 ,+10 ,+5 ,-2
52.2359565 ,Left ,-3 ,0  ,+13 ,+53 ,+2 ,+10 ,-1 ,0 
52.2359599 ,Left ,-2 ,0  ,-7 ,-26 ,-6 ,+1 ,+19 ,+2
52.256521 ,Left ,-2 ,-2 ,-2 ,0  ,-2 ,+4 ,-11 ,-9
52.2565239 ,Left ,+1 ,-1 ,-5 ,-18 ,-5 ,-4 ,+59 ,+4
52.2578614 ,Left ,+2 ,0  ,+1 ,-22 ,-1 ,-2 ,+18 ,+7
52.2578641 ,Left ,0  ,-4 ,-6 ,+22 ,+7 ,+27 ,-5 ,-5
52.2701881 ,Left ,0  ,0  ,-2 ,-17 ,+2 ,-13 ,-2 ,-1
52.2701908 ,Left ,-13 ,-5 ,0  ,+14 ,+1 ,-11 ,+14 ,-6
52.2790173 ,Left ,+12 ,-2 ,-2 ,-12 ,-1 ,-18 ,-37 ,+2
52.2790199 ,Left ,+4 ,+2 ,-4 ,-29 ,+15 ,-50 ,-24 ,+4
52.29406 ,Left ,0  ,-1 ,+9 ,+63 ,-5 ,+8 ,-9 ,-2
52.2940704 ,Left ,-7 ,-3 ,-6 ,-11 ,-7 ,+20 ,-4 ,+1
52.2954829 ,Left ,-4 ,+2 ,0  ,-8 ,-9 ,+2 ,+13 ,-4
52.2954858 ,Left ,-2 ,-1 ,0  ,-7 ,+9 ,-6 ,-16 ,-3
52.3163223 ,Left ,+1 ,-5 ,-6 ,+37 ,+7 ,-15 ,-2 ,+2
52.316325 ,Left ,+1 ,+1 ,+3 ,0  ,-16 ,-8 ,-34 ,0 
52.3177757 ,Left ,-4 ,-2 ,-2 ,-32 ,-11 ,+6 ,+3 ,-7
52.317796 ,Left ,0  ,0  ,+2 ,-3 ,-5 ,+14 ,+15 ,0 
52.3300635 ,Left ,-1 ,-1 ,-1 ,+18 ,-31 ,0  ,+12 ,+3
52.3300672 ,Left ,-4 ,-11 ,-12 ,-69 ,+29 ,-10 ,-13 ,-7
52.3388813 ,Left ,+2 ,+9 ,+23 ,+57 ,-10 ,-14 ,-1 ,0 
52.3388838 ,Left ,-2 ,-1 ,+7 ,+30 ,+2 ,+7 ,+3 ,+2
52.3537659 ,Left ,-2 ,-1 ,0  ,-14 ,+8 ,-2 ,-6 ,-7
52.3537687 ,Left ,+2 ,-9 ,-41 ,-21 ,0  ,-1 ,-16 ,+2
52.3553947 ,Left ,0  ,-1 ,+39 ,-17 ,-7 ,-1 ,-3 ,+2
52.355397 ,Left ,-3 ,+13 ,+3 ,-1 ,+1 ,+7 ,+6 ,-5
52.3838219 ,Left ,-5 ,-15 ,-60 ,-56 ,+4 ,+7 ,+1 ,0 
52.3838246 ,Left ,+7 ,+11 ,+53 ,+43 ,-1 ,0  ,-9 ,+2
52.3854948 ,Left ,-10 ,-23 ,-54 ,-32 ,+15 ,0  ,+20 ,-3
52.3855486 ,Left ,+5 ,+19 ,+86 ,+60 ,-19 ,-5 ,+3 ,0 
52.3898864 ,Left ,-3 ,-17 ,-93 ,-73 ,+5 ,+28 ,+8 ,-3
52.3898888 ,Left ,+2 ,+2 ,+17 ,+10 ,-11 ,-57 ,-11 ,-1
52.3989005 ,Left ,-1 ,+2 ,+6 ,+32 ,+10 ,-2 ,-5 ,-5
52.3989031 ,Left ,-1 ,-4 ,+11 ,-9 ,-13 ,-3 ,0  ,+1
52.4140787 ,Left ,+3 ,+7 ,+11 ,-32 ,+8 ,+10 ,-1 ,+3
52.4140819 ,Left ,-3 ,-3 ,-12 ,-4 ,-12 ,-17 ,-5 ,-4
52.4155047 ,Left ,+2 ,+5 ,+9 ,+40 ,0  ,+3 ,-3 ,+1
52.4155076 ,Left ,-2 ,-11 ,-40 ,-24 ,+6 ,+1 ,+3 ,0 
52.4363263 ,Left ,-2 ,+6 ,+43 ,+40 ,-44 ,-10 ,-1 ,+1
52.4363293 ,Left ,-1 ,-1 ,-14 ,-7 ,+2 ,+16 ,-1 ,-3
52.4378616 ,Left ,-1 ,-3 ,-7 ,-21 ,-6 ,-6 ,-3 ,0 
52.4378642 ,Left ,-1 ,-4 ,-25 ,-6 ,0  ,+6 ,-2 ,-2
52.4501629 ,Left ,+2 ,+4 ,+21 ,+38 ,+11 ,-4 ,-2 ,-1
52.4501658 ,Left ,-1 ,+1 ,+19 ,+8 ,+10 ,+13 ,-1 ,+2
52.4589507 ,Left ,-4 ,-3 ,-13 ,-31 ,-21 ,-1 ,-2 ,-1
52.4589533 ,Left ,-3 ,-10 ,-24 ,+17 ,-6 ,+2 ,+1 ,-1
52.4731907 ,Left ,+2 ,0  ,+21 ,+49 ,+7 ,-3 ,0  ,-1
52.4731936 ,Left ,+1 ,+7 ,-13 ,-4 ,+4 ,+9 ,+1 ,0 
52.4801091 ,Left ,-5 ,-9 ,-3 ,-14 ,+13 ,0  ,-4 ,-4
52.4801119 ,Left ,+2 ,+6 ,-7 ,-26 ,-6 ,-2 ,+1 ,+1
52.4964969 ,Left ,-3 ,+1 ,+15 ,-3 ,+3 ,-8 ,-2 ,-4
52.4964997 ,Left ,-3 ,+1 ,-1 ,+18 ,-3 ,+8 ,-3 ,0 
52.4979535 ,Left ,-7 ,-3 ,-10 ,-15 ,-1 ,+2 ,+1 ,+3
52.4979559 ,Left ,+3 ,-4 ,-1 ,+11 ,-5 ,-2 ,+1 ,+6
52.518761 ,Left ,+3 ,+10 ,+11 ,-23 ,+3 ,-3 ,0  ,0 
52.5187636 ,Left ,-6 ,-4 ,-5 ,-22 ,-2 ,+6 ,+3 ,0 
52.5203696 ,Left ,+5 ,+5 ,+5 ,+27 ,+9 ,0  ,-2 ,-4
52.5204055 ,Left ,-5 ,-8 ,-11 ,-24 ,-9 ,-4 ,-2 ,-3
52.5332365 ,Left ,0  ,+1 ,+7 ,0  ,+4 ,-3 ,-1 ,+1
52.5332391 ,Left ,+2 ,-4 ,-3 ,-2 ,-3 ,+3 ,-7 ,-2
52.5402427 ,Left ,0  ,+2 ,-2 ,+3 ,0  ,-3 ,+14 ,0 
52.5402456 ,Left ,0  ,+1 ,+9 ,+25 ,+1 ,-2 ,+2 ,-1
52.5565054 ,Left ,+2 ,-4 ,-22 ,-46 ,-2 ,+16 ,-7 ,-1
52.5565085 ,Left ,-4 ,-4 ,+6 ,+13 ,-1 ,+2 ,0  ,-6
52.5578697 ,Left ,-1 ,+1 ,-6 ,+6 ,+4 ,-10 ,-14 ,+1
52.5578724 ,Left ,-4 ,-1 ,-1 ,-11 ,-16 ,+9 ,-14 ,-4
52.5788399 ,Left ,-13 ,+1 ,+10 ,+1 ,-8 ,-12 ,+25 ,-3
52.5788428 ,Left ,+22 ,+2 ,+3 ,+20 ,+18 ,+9 ,+1 ,+7
52.5804148 ,Left ,-1 ,0  ,-3 ,-15 ,-12 ,+8 ,-17 ,+3
52.5804176 ,Left ,-4 ,-4 ,-8 ,-14 ,+21 ,-41 ,-8 ,-17
52.5936691 ,Left ,0  ,-2 ,+3 ,-6 ,-42 ,-16 ,-16 ,0 
52.5936781 ,Left ,-6 ,-4 ,-8 ,-13 ,-4 ,+3 ,+34 ,-12
52.5954147 ,Left ,-1 ,+1 ,+2 ,-4 ,-3 ,+3 ,+12 ,-4
52.5954173 ,Left ,-3 ,-3 ,-6 ,+26 ,+3 ,-46 ,+1 ,-3
52.6165278 ,Left ,+3 ,-1 ,0  ,-14 ,-3 ,-1 ,-8 ,-12
52.6165308 ,Left ,-2 ,0  ,-3 ,-14 ,-9 ,-12 ,-13 ,+8
52.6179748 ,Left ,+6 ,+4 ,+8 ,+23 ,+9 ,+29 ,+37 ,+8
52.6179776 ,Left ,-6 ,-7 ,-6 ,-23 ,+1 ,+18 ,+9 ,-4
52.6390113 ,Left ,0  ,0  ,0  ,+21 ,+10 ,-3 ,-2 ,-3
52.6390145 ,Left ,-1 ,+4 ,+1 ,+20 ,-4 ,+1 ,-15 ,-8
52.6405179 ,Left ,-4 ,-4 ,0  ,-10 ,+4 ,-5 ,-14 ,0 
52.640521 ,Left ,0  ,+1 ,-6 ,-6 ,-2 ,+18 ,+2 ,+8
52.6533511 ,Left ,-2 ,-15 ,-3 ,+27 ,-3 ,-11 ,-8 ,-6
52.6533542 ,Left ,+3 ,+21 ,+9 ,+1 ,+2 ,+9 ,0  ,+5
52.6599739 ,Left ,+2 ,+5 ,+1 ,-5 ,-15 ,-12 ,-7 ,-2
52.6599763 ,Left ,-5 ,-14 ,-9 ,-1 ,+14 ,+7 ,-1 ,-3
52.6764635 ,Left ,+7 ,+14 ,+22 ,-6 ,+24 ,+13 ,+7 ,+5
52.6764662 ,Left ,-4 ,-10 ,+3 ,+20 ,-3 ,-6 ,0  ,+1
52.6778148 ,Left ,-2 ,-4 ,-30 ,-67 ,-7 ,-7 ,-4 ,-1
52.6778372 ,Left ,-2 ,-4 ,+4 ,-36 ,-14 ,+8 ,-5 ,-4
52.6901202 ,Left ,0  ,-1 ,-9 ,+16 ,+5 ,+2 ,-3 ,+2
52.690123 ,Left ,0  ,+2 ,+32 ,+28 ,+7 ,+2 ,-2 ,+1
52.6990139 ,Left ,-1 ,-2 ,-20 ,-33 ,+6 ,-6 ,-5 ,-4
52.6990164 ,Left ,0  ,0  ,+34 ,+58 ,-7 ,+9 ,0  ,+3
52.7141007 ,Left ,-3 ,-5 ,-24 ,-36 ,-2 ,-18 ,-12 ,+1
52.7141035 ,Left ,-4 ,-7 ,-34 ,-36 ,-7 ,+22 ,+1 ,-2
52.715488 ,Left ,0  ,+2 ,+22 ,+26 ,-3 ,-26 ,-5 ,-2
52.7154906 ,Left ,+1 ,+1 ,-18 ,+5 ,+1 ,+6 ,+6 ,+4
52.7365267 ,Left ,0  ,+1 ,+7 ,-22 ,+2 ,-17 ,-16 ,-1
52.7365296 ,Left ,-1 ,-1 ,+10 ,-14 ,-2 ,+6 ,+12 ,0 
52.7379621 ,Left ,-1 ,0  ,+14 ,+63 ,+1 ,-22 ,-8 ,-1
52.7379647 ,Left ,+3 ,+1 ,-14 ,-12 ,-5 ,+4 ,+9 ,+2
52.7501527 ,Left ,-1 ,+6 ,+13 ,+8 ,+9 ,-2 ,0  ,+2
52.7501555 ,Left ,-4 ,-8 ,-6 ,+13 ,-8 ,-6 ,-4 ,-2
52.7588774 ,Left ,-3 ,-4 ,-4 ,+17 ,+6 ,+8 ,0  ,-1
52.7588995 ,Left ,+2 ,+8 ,+1 ,-22 ,-5 ,-6 ,0  ,0 
52.7732317 ,Left ,0  ,-5 ,-1 ,+19 ,-2 ,+6 ,+8 ,+1
52.7732345 ,Left ,-4 ,-6 ,-8 ,-17 ,+16 ,-5 ,-5 ,-2
52.7801379 ,Left ,-3 ,-5 ,-4 ,+5 ,-19 ,+1 ,-5 ,-3
52.7801406 ,Left ,0  ,-3 ,-10 ,-1 ,-1 ,+3 ,-5 ,-2
52.7965399 ,Left ,+1 ,+1 ,+5 ,0  ,-1 ,+10 ,+4 ,0 
52.7965428 ,Left ,0  ,-2 ,-11 ,-23 ,+6 ,-7 ,-5 ,-1
52.7979936 ,Left ,-1 ,-5 ,-1 ,+16 ,+4 ,+4 ,-1 ,-3
52.7979965 ,Left ,0  ,-5 ,-8 ,+7 ,-3 ,+5 ,0  ,+1
52.809949 ,Left ,-2 ,+6 ,-1 ,-34 ,+5 ,+2 ,+5 ,0 
52.8099522 ,Left ,-3 ,-1 ,+8 ,+8 ,-7 ,-9 ,-2 ,-3
52.8190083 ,Left ,-1 ,0  ,-5 ,+20 ,-10 ,+4 ,0  ,-1
52.819011 ,Left ,-1 ,+5 ,+18 ,+6 ,+2 ,0  ,-3 ,-1
52.833188 ,Left ,-1 ,-5 ,+3 ,+16 ,-1 ,+2 ,+3 ,0 
52.8331908 ,Left ,-1 ,-2 ,-12 ,-22 ,-5 ,-1 ,-3 ,0 
52.8415374 ,Left ,-2 ,-5 ,-3 ,-2 ,+2 ,+5 ,+1 ,-1
52.8415405 ,Left ,0  ,+2 ,-7 ,-49 ,+6 ,0  ,-1 ,0 
52.8562722 ,Left ,-1 ,-1 ,+4 ,+36 ,-7 ,-2 ,0  ,-4
52.8562749 ,Left ,-2 ,-3 ,0  ,+5 ,-14 ,-4 ,-3 ,-3
52.8577995 ,Left ,-2 ,-1 ,0  ,+15 ,+8 ,-1 ,-4 ,-3
52.857861 ,Left ,+1 ,+3 ,-11 ,-24 ,-7 ,-4 ,-1 ,-1
52.8790388 ,Left ,-1 ,-2 ,+8 ,-8 ,-12 ,0  ,0  ,+1
52.8790417 ,Left ,0  ,-2 ,+7 ,+9 ,+1 ,-2 ,-1 ,0 
52.8805029 ,Left ,-4 ,-2 ,+6 ,-11 ,+3 ,0  ,-2 ,-2
52.8805058 ,Left ,+1 ,+2 ,-6 ,+2 ,0  ,+1 ,-2 ,-2
52.9015227 ,Left ,-2 ,-3 ,+3 ,+7 ,-4 ,+1 ,-1 ,0 
52.9015254 ,Left ,-1 ,0  ,-13 ,+4 ,-5 ,-2 ,-1 ,0 
52.9029337 ,Left ,+2 ,+5 ,+18 ,-30 ,+13 ,+4 ,+2 ,0 
52.9029363 ,Left ,-3 ,-8 ,-12 ,-11 ,-22 ,-5 ,-4 ,-2
52.9165183 ,Left ,-2 ,0  ,-9 ,-7 ,+19 ,+1 ,-6 ,0 
52.9165215 ,Left ,+2 ,-3 ,+6 ,0  ,-35 ,-7 ,+15 ,-2
52.9180262 ,Left ,-1 ,-6 ,-19 ,-22 ,+6 ,+1 ,-1 ,0 
52.9180289 ,Left ,-1 ,0  ,+10 ,+20 ,+3 ,0  ,-1 ,+1
52.9300683 ,Left ,0  ,-4 ,-5 ,+3 ,+3 ,+1 ,+2 ,-1
52.930071 ,Left ,-2 ,-2 ,-7 ,-5 ,+9 ,+1 ,-6 ,-2
52.9388845 ,Left ,+1 ,+2 ,+4 ,-5 ,-8 ,-2 ,+1 ,+1
52.9389196 ,Left ,-1 ,-4 ,+3 ,+8 ,-4 ,0  ,0  ,-1
52.9532419 ,Left ,-2 ,+1 ,-3 ,-4 ,-4 ,0  ,0  ,-1
52.9532446 ,Left ,0  ,0  ,+5 ,+1 ,+6 ,-1 ,-4 ,-1
52.9599999 ,Left ,-2 ,+1 ,-3 ,-7 ,-8 ,+7 ,+2 ,-1
52.9600024 ,Left ,+1 ,+6 ,+8 ,+33 ,+11 ,-22 ,-8 ,0 
52.9763354 ,Left ,-3 ,-7 ,-3 ,-18 ,-13 ,-3 ,+1 ,-4
52.976338 ,Left ,-3 ,-7 ,-35 ,-25 ,+3 ,-1 ,-4 ,-1
52.9778678 ,Left ,-1 ,+4 ,+5 ,-2 ,+2 ,0  ,-1 ,+1
52.9778701 ,Left ,-1 ,-3 ,0  ,+4 ,+1 ,+8 ,+2 ,+1
52.9990539 ,Left ,-2 ,-1 ,+4 ,-20 ,-1 ,-2 ,0  ,-3
52.9990568 ,Left ,-2 ,-2 ,+3 ,+12 ,0  ,-1 ,-1 ,-1
53.0004563 ,Left ,+2 ,+1 ,-16 ,-15 ,-3 ,-4 ,-2 ,-1
53.000459 ,Left ,-3 ,-2 ,+1 ,-9 ,-4 ,+3 ,0  ,0 
53.0137668 ,Left ,-4 ,-2 ,-2 ,+41 ,0  ,0  ,0  ,-2
53.0137703 ,Left ,0  ,-1 ,-2 ,0  ,+1 ,+3 ,-5 ,-2
53.0154234 ,Left ,+1 ,+1 ,+10 ,+7 ,+3 ,-1 ,0  ,0 
53.0154542 ,Left ,-2 ,-1 ,-10 ,-5 ,-8 ,0  ,0  ,-1
53.0365338 ,Left ,0  ,0  ,+5 ,-2 ,-1 ,0  ,0  ,-1
53.0365369 ,Left ,-1 ,+1 ,+1 ,+12 ,+15 ,+1 ,-1 ,+1
53.0379759 ,Left ,-1 ,-2 ,+3 ,-2 ,-48 ,-4 ,-2 ,0 
53.0379871 ,Left ,0  ,0  ,-7 ,-18 ,+10 ,+2 ,0  ,-1
53.0663389 ,Left ,-2 ,-4 ,-4 ,+16 ,0  ,+1 ,-2 ,+1
53.0663421 ,Left ,-2 ,-1 ,+7 ,-26 ,-4 ,-2 ,-2 ,-1
53.0678783 ,Left ,0  ,-2 ,-11 ,-5 ,+11 ,-4 ,-1 ,-2
53.0678809 ,Left ,0  ,-1 ,+1 ,+10 ,-4 ,+3 ,0  ,0 
53.0737659 ,Left ,+2 ,0  ,-5 ,-5 ,-4 ,0  ,+2 ,0 
53.0737682 ,Left ,-4 ,0  ,+10 ,+17 ,+1 ,-4 ,-2 ,-1
53.075464 ,Left ,-1 ,-3 ,-4 ,-6 ,+11 ,+1 ,0  ,0 
53.0754666 ,Left ,+1 ,-2 ,-5 ,-2 ,-8 ,-1 ,+2 ,0 
53.0963807 ,Left ,+1 ,-1 ,+2 ,-4 ,-8 ,-4 ,-4 ,-3
53.0963835 ,Left ,0  ,+1 ,-1 ,+3 ,0  ,+7 ,-1 ,-1
53.0979466 ,Left ,-3 ,-3 ,+2 ,-1 ,+9 ,-11 ,-6 ,-3
53.0979491 ,Left ,-3 ,0  ,-4 ,-3 ,-1 ,-28 ,-6 ,-2
53.1190606 ,Left ,-2 ,-2 ,-3 ,-7 ,+2 ,+3 ,+1 ,-1
53.1190709 ,Left ,-2 ,+2 ,0  ,0  ,-4 ,-1 ,0  ,+1
53.1205024 ,Left ,-1 ,-4 ,-3 ,-3 ,-2 ,+5 ,+1 ,0 
53.1205051 ,Left ,+1 ,+6 ,+10 ,+7 ,+4 ,+6 ,+1 ,-1
53.1340408 ,Left ,0  ,-5 ,-17 ,-19 ,+10 ,0  ,0  ,+1
53.1340438 ,Left ,-1 ,-3 ,-11 ,-42 ,-21 ,-8 ,-6 ,-5
53.1354961 ,Left ,-3 ,0  ,0  ,+16 ,+9 ,+5 ,+2 ,-1
53.135499 ,Left ,-1 ,-5 ,-2 ,-3 ,+4 ,0  ,-3 ,-2
53.156531 ,Left ,-3 ,+2 ,+3 ,-2 ,-2 ,+2 ,-1 ,0 
53.156534 ,Left ,+1 ,0  ,+1 ,+5 ,+8 ,+3 ,+4 ,+1
53.1580214 ,Left ,+1 ,+2 ,+1 ,-2 ,+2 ,-3 ,-2 ,0 
53.1580243 ,Left ,-1 ,-4 ,-1 ,-7 ,-6 ,+1 ,-1 ,-2
53.1789213 ,Left ,0  ,+2 ,0  ,+4 ,+5 ,-1 ,0  ,-1
53.1789243 ,Left ,-4 ,-4 ,-2 ,+12 ,+2 ,-2 ,-2 ,-1
53.1803744 ,Left ,-2 ,-2 ,+2 ,+3 ,-4 ,-4 ,-1 ,0 
53.1803771 ,Left ,-2 ,-2 ,+3 ,+1 ,+3 ,+5 ,0  ,-1
53.1934451 ,Left ,+1 ,+3 ,-15 ,+15 ,+8 ,0  ,+2 ,0 
53.1934483 ,Left ,-1 ,+1 ,+2 ,-10 ,-34 ,-5 ,-2 ,-2
53.1999577 ,Left ,-1 ,-2 ,+2 ,-17 ,+6 ,0  ,-3 ,-2
53.1999603 ,Left ,-3 ,-5 ,-4 ,-9 ,+4 ,+4 ,-2 ,-1
53.2165039 ,Left ,0  ,0  ,+1 ,+4 ,-7 ,-2 ,0  ,+1
53.2165071 ,Left ,+1 ,0  ,-1 ,+5 ,+7 ,0  ,0  ,0 
53.2179087 ,Left ,-3 ,0  ,-5 ,+5 ,+1 ,+2 ,0  ,-2
53.2179117 ,Left ,-1 ,-2 ,-2 ,+3 ,-8 ,+1 ,0  ,0 
53.2390425 ,Left ,+2 ,-2 ,+5 ,-9 ,-2 ,-2 ,-3 ,0 
53.2390458 ,Left ,0  ,-1 ,0  ,+16 ,+9 ,-2 ,-1 ,0 
53.2404972 ,Left ,+2 ,+1 ,-1 ,-1 ,-6 ,0  ,-1 ,+1
53.2405003 ,Left ,-3 ,-3 ,-3 ,-6 ,+23 ,+2 ,0  ,-2
53.2532442 ,Left ,-2 ,-2 ,+1 ,0  ,-5 ,-1 ,-1 ,0 
53.2532475 ,Left ,-1 ,-2 ,+3 ,+18 ,+11 ,+1 ,-1 ,-1
53.2599835 ,Left ,+1 ,-1 ,-5 ,-30 ,-21 ,+3 ,+1 ,0 
53.2599868 ,Left ,-1 ,+2 ,+1 ,+16 ,+10 ,-5 ,-3 ,-3
53.2768239 ,Left ,-1 ,-1 ,-3 ,-33 ,-4 ,0  ,0  ,-1
53.2768265 ,Left ,-1 ,-4 ,0  ,+18 ,-6 ,-2 ,-2 ,0 
53.2784789 ,Left ,-1 ,-2 ,0  ,+12 ,+5 ,-2 ,-1 ,-1
53.2784815 ,Left ,+3 ,+2 ,-3 ,-6 ,+6 ,+3 ,+2 ,-1
53.2989405 ,Left ,-2 ,-1 ,+2 ,+3 ,+3 ,-3 ,0  ,-3
53.2989432 ,Left ,0  ,+1 ,-5 ,-12 ,0  ,-3 ,-1 ,-1
53.3003811 ,Left ,-2 ,+1 ,-4 ,0  ,+1 ,0  ,-1 ,-1
53.3004457 ,Left ,0  ,+1 ,+8 ,+19 ,-5 ,-1 ,0  ,+1
53.3127296 ,Left ,0  ,+1 ,-10 ,-31 ,-10 ,-3 ,-1 ,0 
53.3127323 ,Left ,-1 ,-1 ,+2 ,-3 ,+5 ,-2 ,+1 ,-1
53.3215424 ,Left ,-3 ,-2 ,-2 ,-8 ,-2 ,-1 ,-2 ,-1
53.3215454 ,Left ,-2 ,-3 ,-2 ,0  ,-7 ,-1 ,-3 ,0 
53.3440273 ,Left ,-1 ,-3 ,+2 ,+2 ,+17 ,-2 ,-2 ,0 
53.3440384 ,Left ,-2 ,-1 ,-3 ,-10 ,-7 ,-1 ,-2 ,-1
53.345313 ,Left ,0  ,-3 ,+3 ,+29 ,+7 ,+1 ,-2 ,-2
53.3453869 ,Left ,0  ,0  ,-2 ,-14 ,-10 ,-2 ,+1 ,+1
53.3590223 ,Left ,-3 ,-2 ,-1 ,+15 ,+13 ,+1 ,+1 ,-2
53.359025 ,Left ,0  ,+3 ,-1 ,-4 ,-10 ,-2 ,0  ,-1
53.3605318 ,Left ,-4 ,-7 ,0  ,+1 ,0  ,0  ,-2 ,-2
53.3605345 ,Left ,0  ,+3 ,-5 ,-14 ,-3 ,-1 ,-1 ,-1
53.3734849 ,Left ,-1 ,-1 ,+3 ,+34 ,-5 ,-1 ,-1 ,0 
53.3734877 ,Left ,-1 ,0  ,-4 ,0  ,-9 ,-3 ,-1 ,-2
53.3800009 ,Left ,-2 ,-4 ,-5 ,-6 ,+14 ,-3 ,-2 ,-4
53.3800034 ,Left ,+1 ,-2 ,-2 ,+2 ,-6 ,+2 ,+1 ,0 
53.396509 ,Left ,0  ,+1 ,+2 ,-13 ,-10 ,-1 ,-1 ,-1
53.3965121 ,Left ,-3 ,-1 ,-4 ,-4 ,+4 ,-1 ,-2 ,-1
53.3979529 ,Left ,+1 ,+4 ,+7 ,-2 ,-2 ,-1 ,0  ,+1
53.3979554 ,Left ,-4 ,-9 ,-8 ,+11 ,+1 ,0  ,-1 ,-2
53.418913 ,Left ,+1 ,+5 ,+14 ,+2 ,-4 ,-4 ,-2 ,-1
53.418916 ,Left ,-2 ,-2 ,-8 ,-22 ,-27 ,+3 ,+1 ,-1
53.4203943 ,Left ,-1 ,0  ,-3 ,+27 ,-1 ,+2 ,-1 ,0 
53.4203968 ,Left ,-1 ,+1 ,0  ,-13 ,-4 ,-5 ,-2 ,-1
53.4332069 ,Left ,-2 ,-3 ,-4 ,+2 ,-6 ,+1 ,-1 ,-2
53.4332096 ,Left ,-1 ,0  ,+3 ,+2 ,+12 ,0  ,+1 ,-1
53.4402478 ,Left ,0  ,+1 ,+1 ,-5 ,-2 ,+2 ,+1 ,-1
53.4402507 ,Left ,-1 ,-2 ,-7 ,-29 ,-1 ,-1 ,0  ,-1
53.4565299 ,Left ,0  ,0  ,+3 ,+46 ,0  ,-2 ,0  ,+1
53.4565328 ,Left ,0  ,-3 ,+1 ,-18 ,+11 ,0  ,-1 ,0 
53.457997 ,Left ,-1 ,-2 ,-6 ,-2 ,-3 ,-4 ,-1 ,-1
53.4580003 ,Left ,-2 ,+2 ,+2 ,+1 ,0  ,-1 ,0  ,0 
53.4787959 ,Left ,-1 ,-1 ,-2 ,+7 ,-3 ,-1 ,0  ,-1
53.478799 ,Left ,0  ,-2 ,-2 ,+5 ,+8 ,-1 ,-1 ,-1
53.480426 ,Left ,0  ,+1 ,+1 ,-6 ,-3 ,-3 ,-1 ,0 
53.4804286 ,Left ,-2 ,-3 ,-5 ,+7 ,-22 ,-3 ,-2 ,-2
53.4932222 ,Left ,0  ,-1 ,+5 ,-20 ,-8 ,+2 ,0  ,0 
53.4932404 ,Left ,-2 ,-1 ,-4 ,+9 ,+7 ,+1 ,-2 ,-1
53.5000186 ,Left ,-3 ,-6 ,-7 ,-15 ,-9 ,-2 ,-2 ,-3
53.5000213 ,Left ,0  ,+1 ,+4 ,+20 ,+7 ,-2 ,-1 ,-1
53.5163506 ,Left ,0  ,+3 ,-2 ,-21 ,-1 ,+1 ,-2 ,0 
53.5163536 ,Left ,0  ,-1 ,+5 ,+38 ,-1 ,-1 ,-2 ,-1
53.517878 ,Left ,-2 ,+1 ,-1 ,-10 ,-7 ,-2 ,-2 ,-1
53.5178805 ,Left ,-2 ,-2 ,-1 ,-4 ,+11 ,0  ,-3 ,-2
53.5465444 ,Left ,0  ,-2 ,-2 ,-9 ,-1 ,-2 ,-1 ,-2
53.5465479 ,Left ,+1 ,+1 ,+3 ,+17 ,+10 ,-1 ,0  ,0 
53.5479432 ,Left ,-5 ,-3 ,-8 ,+6 ,-3 ,-3 ,0  ,-3
53.5479464 ,Left ,+1 ,-2 ,+5 ,-1 ,-10 ,-1 ,0  ,0 
53.552814 ,Left ,-2 ,+1 ,-1 ,+25 ,+2 ,-1 ,-1 ,-1
53.552818 ,Left ,+1 ,-1 ,+3 ,0  ,+3 ,+8 ,0  ,0 
53.561526 ,Left ,+1 ,+1 ,+2 ,+4 ,-3 ,-21 ,-6 ,-1
53.5615303 ,Left ,-1 ,-1 ,-4 ,-12 ,-1 ,+3 ,-1 ,-1
53.5765107 ,Left ,-1 ,-2 ,-1 ,-4 ,+4 ,-2 ,-1 ,-1
53.5765145 ,Left ,-1 ,-3 ,-2 ,-29 ,-9 ,-2 ,-1 ,-1
53.5779991 ,Left ,-2 ,-1 ,-9 ,-3 ,+5 ,+2 ,-1 ,0 
53.5780024 ,Left ,-3 ,-3 ,-3 ,-3 ,-18 ,-1 ,-2 ,-2
53.5988052 ,Left ,+1 ,+2 ,+3 ,-5 ,-1 ,0  ,-1 ,0 
53.5988077 ,Left ,-1 ,-2 ,-5 ,-6 ,+2 ,-1 ,-1 ,-3
53.6004289 ,Left ,-1 ,-2 ,+2 ,-12 ,-1 ,+3 ,+2 ,0 
53.6004313 ,Left ,+1 ,+2 ,-3 ,+13 ,+4 ,-2 ,-1 ,0 
53.612726 ,Left ,-3 ,-3 ,-4 ,-6 ,0  ,+3 ,+1 ,0 
53.6127288 ,Left ,-2 ,+2 ,0  ,+29 ,-2 ,-6 ,-2 ,0 
53.6216129 ,Left ,-1 ,-1 ,+2 ,-4 ,-4 ,+2 ,0  ,-1
53.6216155 ,Left ,-2 ,-2 ,0  ,+13 ,-1 ,-3 ,-1 ,-1
53.6363623 ,Left ,0  ,-3 ,-11 ,-7 ,+1 ,+1 ,+1 ,-2
53.6363648 ,Left ,-2 ,-1 ,-5 ,-34 ,+2 ,-2 ,-2 ,-2
53.6378437 ,Left ,+1 ,+4 ,+6 ,+16 ,-1 ,0  ,-2 ,-1
53.6379175 ,Left ,0  ,0  ,-2 ,+15 ,0  ,+3 ,0  ,0 
53.6589801 ,Left ,-1 ,-1 ,-2 ,-14 ,-12 ,-4 ,-2 ,0 
53.6589834 ,Left ,-2 ,-2 ,-3 ,-8 ,+2 ,-1 ,0  ,-1
53.6604283 ,Left ,0  ,-1 ,-2 ,+12 ,-6 ,+2 ,0  ,-2
53.6604307 ,Left ,0  ,+2 ,-2 ,-20 ,-4 ,0  ,-2 ,0 
53.6725825 ,Left ,-2 ,+1 ,+9 ,+33 ,+9 ,+5 ,+2 ,-1
53.6725854 ,Left ,-2 ,-2 ,-4 ,-4 ,+12 ,-3 ,-2 ,-1
53.6815597 ,Left ,0  ,-3 ,+2 ,+1 ,-3 ,0  ,-1 ,0 
53.6815629 ,Left ,-2 ,-2 ,-5 ,-13 ,+1 ,-1 ,-1 ,-1
53.6965289 ,Left ,0  ,-2 ,-3 ,+1 ,+3 ,-4 ,-1 ,-3
53.6965331 ,Left ,+1 ,+6 ,+4 ,-2 ,-1 ,+4 ,+1 ,-1
53.6979686 ,Left ,+2 ,+1 ,0  ,-17 ,+2 ,+1 ,+1 ,0 
53.6979712 ,Left ,-2 ,-5 ,+3 ,+21 ,+6 ,-2 ,-1 ,-1
53.7187589 ,Left ,-2 ,+6 ,+3 ,-14 ,-4 ,+1 ,+1 ,0 
53.7187681 ,Left ,-2 ,-8 ,-14 ,-28 ,-10 ,-3 ,-2 ,0 
53.7203858 ,Left ,-1 ,0  ,+1 ,-2 ,+6 ,-3 ,-1 ,-2
53.7203929 ,Left ,+2 ,+4 ,+13 ,+7 ,-2 ,-1 ,+1 ,-1
53.7324827 ,Left ,0  ,-3 ,-9 ,-30 ,-3 ,-1 ,-2 ,0 
53.7324894 ,Left ,-2 ,-3 ,+2 ,+41 ,-4 ,-5 ,-3 ,-2
53.7414327 ,Left ,-1 ,+1 ,-2 ,+3 ,+2 ,-2 ,0  ,+1
53.7414354 ,Left ,-1 ,-2 ,-1 ,-29 ,+3 ,+3 ,0  ,-2
53.756401 ,Left ,-4 ,-5 ,+2 ,+30 ,-7 ,-5 ,-3 ,-2
53.7564042 ,Left ,+2 ,+5 ,+3 ,-1 ,0  ,-2 ,+1 ,-1
53.7578548 ,Left ,-2 ,-4 ,0  ,+5 ,+4 ,+3 ,0  ,-1
53.7579044 ,Left ,0  ,0  ,-11 ,-8 ,-1 ,-1 ,+1 ,-1
53.7781622 ,Left ,-2 ,-6 ,-7 ,-14 ,-4 ,+2 ,-2 ,0 
53.7781651 ,Left ,-2 ,-1 ,+5 ,+2 ,-1 ,-8 ,-2 ,0 
53.7865378 ,Left ,-5 ,-4 ,-9 ,+19 ,-2 ,+5 ,+1 ,-4
53.7865414 ,Left ,-1 ,+1 ,-1 ,-5 ,0  ,-4 ,-9 ,-5
53.7926734 ,Left ,+2 ,0  ,-4 ,-8 ,-3 ,+5 ,+3 ,+12
53.7926765 ,Left ,0  ,0  ,-1 ,-44 ,-6 ,-4 ,+2 ,-1
53.8013993 ,Left ,+1 ,+1 ,+7 ,+26 ,+5 ,-6 ,-2 ,+4
53.8014905 ,Left ,-4 ,-2 ,-6 ,-27 ,-7 ,+13 ,-8 ,-9
53.816527 ,Left ,0  ,-2 ,-4 ,+7 ,0  ,+14 ,+17 ,-4
53.8165298 ,Left ,-1 ,+2 ,+5 ,-4 ,+2 ,+1 ,+20 ,+6
53.8180611 ,Left ,-6 ,-6 ,-6 ,-14 ,-8 ,+2 ,-5 ,-6
53.8180637 ,Left ,+10 ,-2 ,-4 ,+15 ,+4 ,-27 ,+5 ,+12
53.8390575 ,Left ,-5 ,-5 ,+2 ,-20 ,-1 ,+2 ,+28 ,-9
53.8390604 ,Left ,-2 ,+1 ,-5 ,+1 ,-8 ,-34 ,-35 ,-7
53.8404865 ,Left ,-5 ,+2 ,-1 ,-20 ,+6 ,-12 ,+3 ,-14
53.8404894 ,Left ,0  ,0  ,+4 ,+11 ,+2 ,+28 ,-5 ,+13
53.8526649 ,Left ,-3 ,-4 ,-7 ,-4 ,-7 ,-9 ,+23 ,+5
53.8526682 ,Left ,+4 ,+1 ,+2 ,+13 ,-8 ,-11 ,-31 ,+3
53.861508 ,Left ,-2 ,-3 ,-4 ,-12 ,+17 ,+33 ,+26 ,+4
53.8615111 ,Left ,-3 ,-2 ,-2 ,-26 ,-10 ,+3 ,-21 ,-6
53.8763204 ,Left ,0  ,+4 ,+8 ,+33 ,0  ,-4 ,-14 ,-9
53.8763233 ,Left ,+3 ,+3 ,-5 ,-27 ,+4 ,+19 ,+49 ,+4
53.8779163 ,Left ,-1 ,-1 ,+9 ,+77 ,-12 ,-33 ,-74 ,-5
53.8779189 ,Left ,-2 ,-6 ,-5 ,-2 ,+35 ,+4 ,+3 ,+3
53.8988797 ,Left ,+3 ,+4 ,-1 ,-32 ,-28 ,-9 ,0  ,0 
53.8988825 ,Left ,-5 ,-7 ,-9 ,-1 ,+2 ,+2 ,-9 ,-11
53.9003581 ,Left ,0  ,-3 ,+5 ,-31 ,-3 ,+13 ,+1 ,+2
53.9003604 ,Left ,-3 ,-6 ,-7 ,+14 ,+4 ,-34 ,+13 ,-4
53.9127892 ,Left ,-4 ,-2 ,+4 ,+12 ,+14 ,-10 ,-22 ,-4
53.9127924 ,Left ,-1 ,-2 ,+5 ,-5 ,-47 ,-2 ,-15 ,+2
53.9214712 ,Left ,+3 ,+2 ,+4 ,-24 ,+19 ,+4 ,+29 ,0 
53.9214745 ,Left ,-8 ,-7 ,+13 ,+5 ,-6 ,-4 ,0  ,-8
53.9365449 ,Left ,+1 ,-3 ,-16 ,-19 ,-19 ,-5 ,-9 ,+2
53.9365486 ,Left ,0  ,+2 ,+7 ,+1 ,+34 ,+12 ,-4 ,-3
53.9379515 ,Left ,+2 ,-4 ,-6 ,+24 ,-17 ,-4 ,+10 ,+1
53.9379619 ,Left ,0  ,+2 ,-6 ,-78 ,-23 ,+8 ,+3 ,-3
53.9589759 ,Left ,-1 ,-1 ,+27 ,+57 ,+17 ,-11 ,-18 ,-2
53.9589791 ,Left ,-2 ,-6 ,-12 ,-29 ,+6 ,+10 ,+9 ,0 
53.9604851 ,Left ,-1 ,+3 ,-3 ,-15 ,-12 ,-10 ,-3 ,-2
53.9604886 ,Left ,-2 ,+5 ,+12 ,+23 ,+4 ,+4 ,+4 ,-1
53.9813301 ,Left ,-4 ,-3 ,+7 ,+15 ,-5 ,+2 ,-7 ,-4
53.9813333 ,Left ,-1 ,-2 ,-13 ,+12 ,0  ,-5 ,-1 ,-3
53.9828877 ,Left ,0  ,+1 ,+15 ,-15 ,-7 ,-1 ,+2 ,+3
53.9828902 ,Left ,+1 ,+6 ,-3 ,+17 ,-10 ,-4 ,-3 ,-1
53.9961282 ,Left ,+1 ,+1 ,+7 ,-9 ,+10 ,+3 ,+1 ,0 
53.9961308 ,Left ,-2 ,-4 ,-5 ,+2 ,-3 ,0  ,+2 ,-1
54.0024054 ,Left ,-1 ,-8 ,-31 ,-42 ,+1 ,-1 ,-3 ,-1
54.0024081 ,Left ,0  ,+3 ,+7 ,+3 ,+1 ,+1 ,+4 ,0 
54.0190243 ,Left ,+1 ,+1 ,-15 ,-24 ,-2 ,-3 ,-5 ,-2
54.0190342 ,Left ,-2 ,-3 ,+9 ,+26 ,+3 ,+3 ,0  ,-1
54.0204781 ,Left ,-1 ,+3 ,+2 ,-6 ,-1 ,0  ,+1 ,0 
54.0204809 ,Left ,-2 ,-4 ,-12 ,-22 ,-5 ,-5 ,-2 ,-3
54.0414106 ,Left ,+2 ,-2 ,0  ,+34 ,+4 ,0  ,-11 ,-20
54.0414134 ,Left ,0  ,-2 ,+1 ,+11 ,+1 ,0  ,+5 ,+14
54.0430502 ,Left ,-2 ,+1 ,-3 ,-18 ,+1 ,+12 ,+7 ,-2
54.0430532 ,Left ,0  ,-2 ,0  ,+6 ,-6 ,+2 ,-12 ,-3
54.0563103 ,Left ,-4 ,-2 ,-11 ,-17 ,-1 ,-15 ,+5 ,-2
54.0563134 ,Left ,0  ,0  ,+5 ,+19 ,+3 ,+2 ,-6 ,-7
54.0577434 ,Left ,+1 ,-2 ,-4 ,-20 ,-5 ,-5 ,+15 ,+5
54.0578038 ,Left ,-4 ,-1 ,-4 ,+1 ,-1 ,+8 ,+2 ,+1
54.0789916 ,Left ,0  ,0  ,-1 ,+5 ,+4 ,+12 ,0  ,-9
54.0789948 ,Left ,-1 ,-4 ,-3 ,+12 ,-2 ,-4 ,-4 ,-4
54.0805104 ,Left ,+3 ,-1 ,+1 ,+7 ,+1 ,-4 ,-3 ,+3
54.080513 ,Left ,-1 ,0  ,-5 ,-4 ,-4 ,-1 ,+2 ,-3
54.101335 ,Left ,-3 ,-4 ,-4 ,-4 ,+4 ,-4 ,-2 ,+1
54.1013377 ,Left ,-2 ,+3 ,+1 ,-22 ,-9 ,-3 ,+1 ,+3
54.1029877 ,Left ,-1 ,0  ,0  ,+7 ,0  ,-4 ,-7 ,-4
54.102991 ,Left ,-1 ,-2 ,-3 ,+14 ,0  ,-4 ,+2 ,+1
54.1158067 ,Left ,-2 ,0  ,-3 ,-23 ,-9 ,-1 ,-5 ,+5
54.1158094 ,Left ,-5 ,+3 ,+16 ,+18 ,+2 ,-2 ,+1 ,-2
54.1225629 ,Left ,+5 ,-2 ,-11 ,-3 ,+4 ,0  ,-1 ,+3
54.1225657 ,Left ,-1 ,-5 ,-12 ,-29 ,0  ,-4 ,+1 ,-2
54.1388193 ,Left ,0  ,+4 ,+2 ,+31 ,-5 ,+1 ,-1 ,+4
54.1388219 ,Left ,-2 ,-1 ,+5 ,+8 ,+1 ,+9 ,+2 ,-2
54.1404557 ,Left ,-3 ,0  ,-5 ,-10 ,-8 ,-16 ,-7 ,-5
54.1404582 ,Left ,-2 ,+1 ,+6 ,+18 ,+4 ,-1 ,-1 ,-3
54.1615217 ,Left ,0  ,-3 ,0  ,-1 ,+3 ,0  ,-2 ,+1
54.1615248 ,Left ,+1 ,-1 ,-11 ,+7 ,+5 ,-4 ,-2 ,-3
54.1630066 ,Left ,-5 ,-6 ,-21 ,-44 ,-18 ,0  ,-2 ,-2
54.1630099 ,Left ,+1 ,+2 ,+7 ,+29 ,-9 ,+11 ,+2 ,+1
54.1763833 ,Left ,-2 ,-4 ,+3 ,-14 ,+6 ,+4 ,-8 ,0 
54.1763872 ,Left ,-2 ,0  ,-2 ,+12 ,-1 ,+1 ,+14 ,-2
54.1824822 ,Left ,-2 ,+1 ,+6 ,+2 ,+6 ,-1 ,-5 ,-9
54.1824863 ,Left ,-2 ,0  ,+2 ,+7 ,-5 ,+5 ,+1 ,+12
54.1990437 ,Left ,+1 ,-3 ,-12 ,-36 ,-6 ,-6 ,-1 ,0 
54.1990475 ,Left ,-4 ,-7 ,-5 ,+5 ,0  ,-5 ,-7 ,-5
54.2005512 ,Left ,+1 ,+3 ,+4 ,+15 ,-1 ,+4 ,-10 ,-3
54.2005547 ,Left ,-2 ,+1 ,0  ,-7 ,+4 ,+14 ,+8 ,-7
54.2215643 ,Left ,-1 ,+2 ,0  ,-30 ,+1 ,-3 ,-3 ,0 
54.2215676 ,Left ,-1 ,-2 ,-4 ,+44 ,+10 ,-6 ,-7 ,+3
54.2230131 ,Left ,-3 ,-2 ,-8 ,-28 ,-8 ,-4 ,-6 ,+2
54.223016 ,Left ,-3 ,-2 ,+7 ,+48 ,+20 ,-1 ,+5 ,-8
54.2357406 ,Left ,-1 ,-4 ,-1 ,+5 ,-15 ,-25 ,+14 ,0 
54.2357436 ,Left ,-1 ,0  ,-8 ,-61 ,-16 ,-4 ,-49 ,-6
54.2427173 ,Left ,-9 ,+2 ,+12 ,+36 ,+17 ,-34 ,+8 ,-6
54.2427204 ,Left ,+10 ,0  ,-5 ,+5 ,-4 ,-9 ,-2 ,-7
54.2589288 ,Left ,-3 ,-5 ,-10 ,-3 ,+9 ,+33 ,+15 ,+11
54.258932 ,Left ,-3 ,0  ,+10 ,+15 ,+7 ,+8 ,-5 ,-3
54.2603701 ,Left ,-1 ,-2 ,-1 ,-2 ,-8 ,+5 ,+6 ,-2
54.2604403 ,Left ,+1 ,+2 ,-5 ,-42 ,-4 ,-8 ,+7 ,+6
54.2815551 ,Left ,+2 ,+4 ,+2 ,+34 ,+20 ,+21 ,+35 ,+5
54.2815584 ,Left ,+2 ,-3 ,-7 ,-34 ,-6 ,+6 ,+29 ,+8
54.2830319 ,Left ,-3 ,-5 ,+2 ,+63 ,-10 ,0  ,-10 ,-8
54.2830349 ,Left ,0  ,+5 ,+9 ,+38 ,+10 ,-8 ,-3 ,+1
54.2956855 ,Left ,-1 ,-5 ,-13 ,-32 ,-6 ,+7 ,-4 ,-1
54.2956886 ,Left ,+6 ,+4 ,+3 ,-27 ,-5 ,-1 ,-6 ,-1
54.3025331 ,Left ,0  ,-1 ,-3 ,-26 ,+22 ,+2 ,+3 ,+1
54.302536 ,Left ,-3 ,-3 ,+27 ,+58 ,-7 ,-6 ,-7 ,-1
54.3188608 ,Left ,-1 ,-6 ,-11 ,+12 ,+1 ,-9 ,-20 ,-1
54.3188637 ,Left ,-3 ,-13 ,-24 ,-38 ,-5 ,-5 ,+7 ,-8
54.3250479 ,Left ,+4 ,+13 ,+63 ,+75 ,+8 ,+5 ,-6 ,+4
54.3250507 ,Left ,-1 ,-5 ,-38 ,-114 ,-24 ,-4 ,+1 ,-1
54.3412805 ,Left ,-5 ,-5 ,+3 ,+19 ,0  ,-4 ,-13 ,-5
54.3412833 ,Left ,-3 ,-1 ,+11 ,-15 ,-15 ,-6 ,0  ,-2
54.3429052 ,Left ,+1 ,-9 ,-39 ,-9 ,+12 ,+13 ,+8 ,+4
54.3429079 ,Left ,-3 ,0  ,+19 ,+43 ,-9 ,-3 ,-14 ,-1
54.3550989 ,Left ,-3 ,-8 ,-62 ,-51 ,-12 ,-8 ,+8 ,-6
54.3551051 ,Left ,+2 ,+8 ,+42 ,+36 ,+7 ,+15 ,-7 ,0 
54.3639717 ,Left ,-2 ,-2 ,-7 ,-11 ,-14 ,-19 ,+2 ,+2
54.363974 ,Left ,+1 ,-1 ,-3 ,-12 ,+4 ,-5 ,+5 ,-3
54.3787461 ,Left ,-2 ,0  ,+7 ,+16 ,-9 ,+10 ,-20 ,-2
54.3787492 ,Left ,+2 ,+1 ,-2 ,+34 ,+6 ,+9 ,-6 ,-1
54.3853101 ,Left ,+2 ,+1 ,+11 ,-33 ,0  ,-3 ,-6 ,+1
54.385313 ,Left ,-2 ,-4 ,-22 ,-15 ,+1 ,-3 ,-3 ,-1
54.4014895 ,Left ,-2 ,+6 ,+19 ,+6 ,+6 ,0  ,+2 ,0 
54.4014922 ,Left ,+3 ,-1 ,-7 ,+23 ,0  ,-11 ,+2 ,+2
54.4030105 ,Left ,-2 ,-2 ,-4 ,-13 ,-5 ,+5 ,-3 ,-2
54.4030132 ,Left ,-5 ,-4 ,-12 ,-13 ,0  ,+3 ,-2 ,-12
54.4152261 ,Left ,-1 ,+5 ,+11 ,-2 ,-5 ,-11 ,-6 ,+17
54.4152289 ,Left ,-2 ,0  ,-5 ,+1 ,0  ,-6 ,+2 ,-6
54.4239084 ,Left ,-2 ,-4 ,-10 ,-4 ,-3 ,+8 ,+9 ,+6
54.4239976 ,Left ,+2 ,+1 ,+1 ,+5 ,+3 ,+6 ,+4 ,+1
54.4390439 ,Left ,-3 ,0  ,+12 ,+10 ,-3 ,-14 ,-19 ,-12
54.4390471 ,Left ,-6 ,-4 ,-14 ,-17 ,+27 ,-2 ,+24 ,+4
54.4405015 ,Left ,-3 ,-5 ,-7 ,-22 ,-58 ,-1 ,+2 ,-11
54.4405042 ,Left ,0  ,+1 ,+11 ,+23 ,0  ,0  ,-12 ,+7
54.4615984 ,Left ,+4 ,-1 ,+5 ,-7 ,+4 ,+16 ,-29 ,-2
54.4616013 ,Left ,+3 ,+4 ,-2 ,-24 ,-1 ,-6 ,+14 ,+3
54.463055 ,Left ,-2 ,0  ,0  ,+14 ,+10 ,+3 ,-21 ,-2
54.463058 ,Left ,-3 ,-2 ,+1 ,-17 ,+1 ,-8 ,-7 ,-2
54.4749181 ,Left ,0  ,+1 ,0  ,+5 ,-8 ,-2 ,+34 ,+1
54.4749536 ,Left ,-1 ,-4 ,-8 ,-36 ,-11 ,-27 ,-20 ,0 
54.4840579 ,Left ,0  ,+1 ,+3 ,+31 ,+12 ,+19 ,+7 ,+1
54.4840607 ,Left ,-4 ,-3 ,-9 ,-11 ,-11 ,-2 ,-6 ,-3
54.4993835 ,Left ,0  ,-1 ,+2 ,+4 ,+20 ,-3 ,+8 ,-3
54.4993865 ,Left ,-2 ,-1 ,+3 ,+32 ,-2 ,+8 ,+5 ,+1
54.5007811 ,Left ,+3 ,0  ,-10 ,-12 ,+6 ,-6 ,+3 ,+1
54.5008756 ,Left ,-4 ,-4 ,0  ,+9 ,+9 ,+4 ,+3 ,+1
54.5213993 ,Left ,+4 ,+3 ,+6 ,+29 ,+11 ,-3 ,-9 ,0 
54.5214018 ,Left ,-6 ,-11 ,-5 ,-19 ,-10 ,-1 ,+1 ,-5
54.5229426 ,Left ,0  ,+6 ,-1 ,-21 ,-12 ,-9 ,-8 ,+2
54.5229452 ,Left ,+2 ,-2 ,-20 ,+2 ,-4 ,-3 ,+2 ,-1
54.5357721 ,Left ,-6 ,-7 ,+12 ,+14 ,+8 ,-4 ,-2 ,-6
54.5357847 ,Left ,+2 ,+5 ,-25 ,-52 ,-11 ,-1 ,-10 ,-1
54.551953 ,Left ,0  ,-4 ,+14 ,+42 ,+9 ,0  ,+3 ,-1
54.5520523 ,Left ,+1 ,+1 ,-5 ,-12 ,+1 ,-2 ,+2 ,+1
54.5591471 ,Left ,+1 ,-5 ,-21 ,-59 ,-23 ,-6 ,0  ,-3
54.559155 ,Left ,0  ,+4 ,+24 ,+28 ,+36 ,+8 ,0  ,0 
54.5607108 ,Left ,-2 ,-4 ,-3 ,+3 ,-17 ,+8 ,-11 ,+1
54.5608873 ,Left ,-3 ,-3 ,-28 ,-31 ,-10 ,-13 ,+2 ,-2
54.5813121 ,Left ,-3 ,-2 ,-18 ,+13 ,+35 ,+11 ,-5 ,+1
54.5813156 ,Left ,-2 ,0  ,+12 ,+20 ,-33 ,-13 ,+6 ,-2
54.5829224 ,Left ,+1 ,+2 ,+10 ,-34 ,+8 ,-8 ,+3 ,+2
54.5829254 ,Left ,0  ,+5 ,+28 ,+33 ,+8 ,+30 ,0  ,-2
54.5950802 ,Left ,-1 ,+3 ,+19 ,+15 ,-4 ,-16 ,-4 ,-2
54.5950827 ,Left ,-3 ,-1 ,-12 ,+22 ,+1 ,+4 ,-9 ,-2
54.6039752 ,Left ,+1 ,+1 ,+3 ,-9 ,+12 ,-12 ,+7 ,+1
54.6039907 ,Left ,-2 ,-1 ,+9 ,+16 ,-4 ,-12 ,+7 ,+1
54.6189551 ,Left ,0  ,+1 ,-9 ,-20 ,-21 ,+4 ,-2 ,-13
54.6189579 ,Left ,-2 ,-1 ,-1 ,+40 ,+5 ,+2 ,+11 ,+13
54.6204016 ,Left ,+1 ,-2 ,-10 ,-18 ,-4 ,-4 ,-21 ,-2
54.620404 ,Left ,-3 ,-4 ,-2 ,-19 ,-8 ,+4 ,+77 ,0 
54.6414698 ,Left ,-2 ,+1 ,0  ,+38 ,+2 ,+4 ,-49 ,-8
54.6414726 ,Left ,+4 ,0  ,-13 ,-75 ,-10 ,+15 ,+10 ,-4
54.6429863 ,Left ,-5 ,-2 ,+3 ,+54 ,+7 ,-11 ,-7 ,-3
54.6429894 ,Left ,-1 ,-2 ,-4 ,-29 ,+3 ,-10 ,0  ,+3
54.65524 ,Left ,+2 ,+7 ,+15 ,+1 ,-10 ,-1 ,+17 ,+5
54.6552428 ,Left ,-6 ,-3 ,+2 ,+26 ,+11 ,-18 ,+9 ,-3
54.6640027 ,Left ,-3 ,-3 ,-16 ,-50 ,+8 ,+31 ,-32 ,-8
54.6640058 ,Left ,-5 ,0  ,+4 ,-15 ,-19 ,-12 ,-30 ,-4
54.678785 ,Left ,+3 ,0  ,0  ,-13 ,+5 ,+6 ,+16 ,+20
54.6787877 ,Left ,+1 ,-2 ,+1 ,+27 ,0  ,+3 ,-39 ,-18
54.6804164 ,Left ,-2 ,-3 ,-1 ,-12 ,+8 ,+3 ,+4 ,+12
54.6804191 ,Left ,-4 ,-4 ,-8 ,+11 ,-15 ,-31 ,+23 ,-1
54.7015184 ,Left ,-1 ,+1 ,+2 ,-20 ,-6 ,-25 ,-2 ,0 
54.7015213 ,Left ,-6 ,-3 ,-12 ,-47 ,-13 ,+24 ,-21 ,-12
54.7030258 ,Left ,0  ,+3 ,+11 ,+33 ,-1 ,+5 ,+14 ,+5
54.7030287 ,Left ,+3 ,-2 ,+3 ,+24 ,+9 ,+9 ,-29 ,-2
54.7149293 ,Left ,-1 ,-2 ,-1 ,+9 ,+15 ,+4 ,+27 ,+6
54.7149322 ,Left ,0  ,+3 ,+3 ,+3 ,-23 ,-14 ,+4 ,+2
54.73151 ,Left ,-2 ,-3 ,-10 ,-38 ,-14 ,-13 ,+6 ,-6
54.7315131 ,Left ,0  ,-7 ,-14 ,-13 ,+2 ,-5 ,-28 ,+3
54.7390036 ,Left ,+1 ,-1 ,+3 ,-8 ,-9 ,+2 ,+4 ,-7
54.7390069 ,Left ,-3 ,+1 ,0  ,+35 ,+10 ,-5 ,0  ,+2
54.740508 ,Left ,-1 ,-6 ,+31 ,+17 ,+7 ,+9 ,+1 ,-2
54.7405111 ,Left ,+2 ,-1 ,-43 ,-47 ,+4 ,+3 ,+4 ,0 
54.7613951 ,Left ,+4 ,+14 ,+25 ,-7 ,-13 ,-4 ,-7 ,+1
54.7613983 ,Left ,-4 ,-7 ,-5 ,+19 ,+5 ,+3 ,+2 ,-2
54.7629494 ,Left ,+1 ,+1 ,-8 ,-7 ,-7 ,-4 ,+14 ,-1
54.7629525 ,Left ,-2 ,-9 ,-19 ,-19 ,+6 ,+4 ,-9 ,-3
54.775084 ,Left ,-2 ,+1 ,+48 ,+47 ,-5 ,-5 ,-3 ,-3
54.7750873 ,Left ,+4 ,+3 ,-33 ,-75 ,+2 ,-1 ,-1 ,+8
54.7840568 ,Left ,+1 ,-5 ,-3 ,+34 ,+12 ,+1 ,+7 ,-2
54.7840602 ,Left ,-1 ,+7 ,+39 ,+52 ,-5 ,-2 ,-10 ,-3
54.7982503 ,Left ,-5 ,-11 ,-46 ,-61 ,-4 ,-4 ,-7 ,-3
54.7982531 ,Left ,0  ,+1 ,+10 ,+22 ,-1 ,+8 ,+21 ,+1
54.8051913 ,Left ,0  ,+3 ,+11 ,+21 ,-4 ,-3 ,-4 ,-1
54.8051945 ,Left ,+3 ,+4 ,+9 ,-23 ,+1 ,0  ,-3 ,-1
54.8213804 ,Left ,0  ,-3 ,+1 ,-1 ,-3 ,-4 ,+3 ,+1
54.8213829 ,Left ,0  ,-1 ,+24 ,+15 ,+1 ,+7 ,+8 ,+2
54.8229403 ,Left ,0  ,0  ,-25 ,-20 ,-5 ,+2 ,+6 ,0 
54.8229426 ,Left ,0  ,+3 ,+11 ,+23 ,+7 ,+1 ,+4 ,+1
54.8438368 ,Left ,-2 ,-4 ,-4 ,+14 ,0  ,+4 ,-3 ,-2
54.8438397 ,Left ,-1 ,-2 ,-8 ,-26 ,+1 ,-3 ,-4 ,-2
54.8453902 ,Left ,-1 ,-2 ,-18 ,-29 ,-9 ,-6 ,0  ,-2
54.8453925 ,Left ,+1 ,+3 ,+10 ,+12 ,+2 ,-1 ,-4 ,0 
54.857809 ,Left ,-3 ,-5 ,-16 ,-20 ,-5 ,+2 ,-8 ,-4
54.8578281 ,Left ,-3 ,-1 ,-4 ,+23 ,+1 ,-1 ,-1 ,-1
54.8665458 ,Left ,+7 ,+3 ,+4 ,-9 ,-1 ,-9 ,-1 ,-7
54.8665486 ,Left ,-2 ,-3 ,+7 ,+18 ,-2 ,+4 ,-4 ,+8
54.8815388 ,Left ,-3 ,-6 ,-14 ,-22 ,-6 ,-2 ,+3 ,-5
54.8815419 ,Left ,+3 ,+1 ,+8 ,+17 ,+4 ,-2 ,-3 ,-1
54.8829298 ,Left ,-3 ,+1 ,-1 ,-1 ,-1 ,-2 ,-3 ,0 
54.8829328 ,Left ,+1 ,+2 ,-3 ,-17 ,+7 ,+4 ,-2 ,-6
54.9040051 ,Left ,0  ,+2 ,-2 ,+30 ,-2 ,+3 ,-2 ,-2
54.9040087 ,Left ,-3 ,-3 ,+2 ,-26 ,-10 ,-11 ,-2 ,+1
54.9054733 ,Left ,-1 ,-1 ,-2 ,+10 ,+7 ,+4 ,+6 ,-1
54.9054763 ,Left ,-2 ,-3 ,-3 ,-11 ,-3 ,-1 ,-3 ,-3
54.9181188 ,Left ,0  ,-3 ,-2 ,+18 ,+5 ,-7 ,+1 ,+1
54.9181216 ,Left ,+1 ,+2 ,+1 ,-15 ,+1 ,-1 ,-4 ,0 
54.9250203 ,Left ,-2 ,+1 ,0  ,+10 ,-6 ,-2 ,-1 ,+1
54.9250234 ,Left ,-1 ,+1 ,+2 ,+12 ,0  ,+1 ,-1 ,0 
54.9414021 ,Left ,-1 ,+1 ,-2 ,-8 ,-14 ,+15 ,+1 ,+1
54.9414053 ,Left ,-3 ,-7 ,-7 ,-4 ,+12 ,-12 ,-10 ,-3
54.943007 ,Left ,-1 ,+4 ,+3 ,-6 ,-4 ,+7 ,+1 ,-1
54.94301 ,Left ,-1 ,-1 ,+11 ,+20 ,+2 ,+2 ,-3 ,-3
54.9713197 ,Left ,-3 ,-8 ,-20 ,-26 ,-1 ,+9 ,+3 ,-4
54.9713447 ,Left ,+2 ,-1 ,+2 ,+18 ,-7 ,-1 ,-4 ,+1
54.9729012 ,Left ,-2 ,-4 ,-6 ,-34 ,-11 ,-11 ,-2 ,0 
54.9729041 ,Left ,-1 ,+1 ,0  ,+6 ,+1 ,0  ,-1 ,-1
54.9788262 ,Left ,0  ,-1 ,+1 ,-8 ,+1 ,-8 ,-5 ,+1
54.9788288 ,Left ,-2 ,+1 ,0  ,-2 ,0  ,0  ,+1 ,+1
54.9804354 ,Left ,-3 ,-2 ,+1 ,+7 ,+4 ,-3 ,-2 ,-2
54.9804381 ,Left ,+4 ,+2 ,+20 ,+21 ,+1 ,+1 ,+1 ,-2
55.0004161 ,Left ,-3 ,-7 ,-39 ,-47 ,-13 ,-8 ,-3 ,-2
55.000419 ,Left ,-1 ,-2 ,-4 ,-2 ,-1 ,-5 ,0  ,-1
55.0090426 ,Left ,-1 ,-3 ,-5 ,+4 ,-1 ,+5 ,+1 ,-2
55.0090456 ,Left ,-2 ,+1 ,+10 ,-2 ,-1 ,-4 ,-2 ,0 
55.0240519 ,Left ,-1 ,-1 ,+14 ,+20 ,+6 ,-4 ,0  ,-1
55.0240547 ,Left ,-1 ,-1 ,-2 ,+4 ,-3 ,0  ,+2 ,-2
55.0254449 ,Left ,-4 ,-4 ,-12 ,-15 ,-2 ,-1 ,-3 ,-1
55.0254476 ,Left ,-1 ,-3 ,-5 ,-4 ,-3 ,-1 ,0  ,-1
55.0383589 ,Left ,+2 ,+2 ,+6 ,-10 ,-1 ,-4 ,0  ,-1
55.0383622 ,Left ,-2 ,-1 ,+7 ,+25 ,-4 ,-1 ,-2 ,-2
55.0448853 ,Left ,-1 ,0  ,-8 ,-9 ,+3 ,0  ,-1 ,+1
55.0448957 ,Left ,-3 ,-5 ,-9 ,+4 ,-2 ,+3 ,0  ,-2
55.0614116 ,Left ,0  ,+1 ,+14 ,+34 ,+2 ,-21 ,-4 ,0 
55.0614149 ,Left ,0  ,-2 ,-9 ,-52 ,0  ,+7 ,+3 ,0 
55.0629677 ,Left ,-3 ,-1 ,-4 ,+8 ,-1 ,-17 ,-6 ,-3
55.0629705 ,Left ,-1 ,0  ,+2 ,-7 ,-1 ,+7 ,-10 ,-1
55.0839247 ,Left ,-1 ,+1 ,-10 ,-9 ,0  ,-2 ,+18 ,0 
55.0839282 ,Left ,0  ,0  ,+12 ,+26 ,+1 ,-1 ,-5 ,-1
55.0855406 ,Left ,+1 ,-4 ,-13 ,-12 ,+1 ,+1 ,-1 ,-1
55.0855441 ,Left ,-1 ,0  ,-7 ,-26 ,-2 ,-5 ,-4 ,-1
55.0974397 ,Left ,0  ,-1 ,+16 ,+16 ,0  ,+5 ,-2 ,-1
55.0975212 ,Left ,-1 ,-2 ,-12 ,+10 ,0  ,-2 ,-1 ,0 
55.1066442 ,Left ,0  ,0  ,+11 ,-4 ,-3 ,-3 ,+5 ,-1
55.1066469 ,Left ,-1 ,0  ,-10 ,-10 ,-2 ,+18 ,+2 ,-2
55.1215182 ,Left ,-1 ,0  ,+2 ,+14 ,-1 ,-1 ,+1 ,+3
55.1215211 ,Left ,-2 ,-2 ,-3 ,-8 ,-2 ,-6 ,-8 ,0 
55.1229074 ,Left ,-1 ,+2 ,+9 ,-1 ,-4 ,+13 ,0  ,-1
55.1229101 ,Left ,-3 ,-5 ,-10 ,+22 ,-3 ,-22 ,+3 ,+2
55.144104 ,Left ,-1 ,-2 ,-2 ,-9 ,+4 ,+16 ,-11 ,-10
55.1441068 ,Left ,-2 ,+2 ,+10 ,+37 ,+2 ,-2 ,-1 ,-1
55.1455194 ,Left ,0  ,+2 ,-5 ,-4 ,+6 ,+11 ,-3 ,+3
55.145522 ,Left ,-4 ,-3 ,-4 ,-45 ,-12 ,-22 ,+7 ,-7
55.1577624 ,Left ,+7 ,+1 ,-2 ,-23 ,+5 ,+14 ,+17 ,+7
55.1577652 ,Left ,-1 ,-2 ,+8 ,+59 ,-2 ,-1 ,+3 ,-1
55.1739056 ,Left ,-1 ,-1 ,+3 ,-8 ,0  ,+3 ,0  ,-1
55.1739906 ,Left ,-1 ,0  ,0  ,+26 ,+6 ,-18 ,+35 ,+1
55.1815702 ,Left ,-6 ,0  ,-2 ,-12 ,-16 ,+23 ,-93 ,-5
55.181573 ,Left ,+6 ,-1 ,-2 ,-19 ,0  ,+2 ,+31 ,+2
55.1829661 ,Left ,-4 ,0  ,-2 ,+3 ,-8 ,-1 ,-47 ,-17
55.1829954 ,Left ,-3 ,-5 ,-12 ,-30 ,-22 ,+29 ,+7 ,+3
55.2039104 ,Left ,-1 ,-2 ,0  ,+41 ,-22 ,-69 ,+12 ,-3
55.2039131 ,Left ,+3 ,+9 ,+2 ,-34 ,+9 ,+19 ,-7 ,+1
55.2053954 ,Left ,-2 ,-6 ,0  ,+14 ,-8 ,-24 ,+5 ,-1
55.2054695 ,Left ,-1 ,-1 ,-1 ,+20 ,+11 ,-7 ,-10 ,-6
55.2177382 ,Left ,+4 ,+1 ,-2 ,-24 ,+9 ,+11 ,+19 ,+4
55.217741 ,Left ,-8 ,-8 ,-9 ,-7 ,-13 ,-1 ,-11 ,-1
55.2265477 ,Left ,-1 ,-2 ,0  ,-11 ,+5 ,-6 ,+27 ,0 
55.2265509 ,Left ,+1 ,-2 ,-6 ,+8 ,+2 ,-2 ,-18 ,-2
55.2413516 ,Left ,0  ,-4 ,-1 ,-18 ,-10 ,+9 ,+17 ,+3
55.2413542 ,Left ,-2 ,+4 ,+19 ,+9 ,-5 ,-13 ,-9 ,-4
55.2429095 ,Left ,+2 ,+6 ,+15 ,+34 ,+28 ,+9 ,+2 ,+7
55.2429119 ,Left ,-4 ,-10 ,-22 ,-9 ,+18 ,+4 ,-5 ,-1
55.2640779 ,Left ,-2 ,+7 ,+27 ,+24 ,+1 ,-3 ,-12 ,-3
55.2640813 ,Left ,+2 ,-2 ,-32 ,-37 ,-23 ,-8 ,+4 ,+1
55.2655218 ,Left ,-2 ,-2 ,+23 ,-17 ,-7 ,-4 ,+1 ,0 
55.2655249 ,Left ,0  ,+4 ,+16 ,-4 ,+2 ,+4 ,-7 ,+1
55.2777331 ,Left ,-3 ,-12 ,-33 ,0  ,+21 ,+3 ,+15 ,-1
55.2777362 ,Left ,-1 ,+9 ,+9 ,0  ,-5 ,-5 ,-4 ,-2
55.2865289 ,Left ,+1 ,+1 ,+10 ,+51 ,+11 ,+1 ,+1 ,+2
55.2865317 ,Left ,-3 ,-14 ,-57 ,-66 ,-14 ,-6 ,-5 ,-3
55.3009225 ,Left ,-2 ,-1 ,+9 ,+7 ,+2 ,+4 ,+1 ,-1
55.3009253 ,Left ,-1 ,+1 ,+14 ,+8 ,+11 ,+1 ,-2 ,-2
55.307513 ,Left ,-1 ,-3 ,-4 ,+8 ,-10 ,-1 ,-6 ,0 
55.3075317 ,Left ,+2 ,+10 ,+24 ,-14 ,-4 ,0  ,+1 ,+3
55.3238929 ,Left ,-1 ,+4 ,+5 ,+43 ,-9 ,-5 ,+1 ,-4
55.3238958 ,Left ,0  ,-5 ,-13 ,-11 ,+13 ,+6 ,-1 ,-1
55.3254388 ,Left ,-2 ,0  ,-6 ,-4 ,-3 ,+1 ,+9 ,0 
55.3254412 ,Left ,-1 ,-1 ,+5 ,-4 ,+18 ,-1 ,-2 ,-1
55.3373955 ,Left ,-2 ,-3 ,-15 ,-32 ,+7 ,0  ,+4 ,+1
55.3374206 ,Left ,+1 ,+7 ,+15 ,+37 ,-35 ,-3 ,-3 ,+1
55.3465976 ,Left ,0  ,-3 ,-14 ,+8 ,0  ,+1 ,+1 ,0 
55.3466003 ,Left ,+2 ,+7 ,+16 ,+24 ,-6 ,+2 ,-2 ,+1
55.3609251 ,Left ,-2 ,-5 ,-10 ,-35 ,-3 ,-1 ,-2 ,+1
55.3609278 ,Left ,-3 ,-11 ,-14 ,+6 ,+19 ,-3 ,-1 ,-1
55.3677176 ,Left ,+1 ,+3 ,-5 ,-30 ,-17 ,-3 ,+1 ,+3
55.3677203 ,Left ,-1 ,-2 ,+1 ,+14 ,-14 ,+2 ,-1 ,-3
55.3838333 ,Left ,0  ,+1 ,0  ,-25 ,+16 ,0  ,+1 ,-1
55.3838365 ,Left ,-2 ,-3 ,+3 ,+35 ,+8 ,+3 ,+13 ,-4
55.3853565 ,Left ,-1 ,-2 ,-4 ,-37 ,-11 ,-5 ,-12 ,+9
55.3853824 ,Left ,+1 ,-3 ,+1 ,+38 ,+6 ,-8 ,-6 ,-1
55.3976631 ,Left ,-6 ,-2 ,-6 ,-2 ,0  ,-20 ,+5 ,-8
55.3976662 ,Left ,+2 ,-3 ,-1 ,-28 ,+2 ,+22 ,+5 ,-6
55.4065348 ,Left ,+1 ,0  ,-2 ,+12 ,+3 ,+3 ,+2 ,-3
55.406538 ,Left ,0  ,+2 ,+4 ,-11 ,-2 ,+5 ,-12 ,-16
55.4215939 ,Left ,-2 ,-3 ,+1 ,+19 ,-13 ,-9 ,-26 ,+21
55.4215968 ,Left ,-6 ,-3 ,-7 ,-18 ,+5 ,-2 ,+56 ,-3
55.4230269 ,Left ,-2 ,-1 ,-1 ,0  ,-8 ,+4 ,-55 ,-13
55.4230298 ,Left ,-6 ,0  ,+1 ,+1 ,+12 ,-5 ,0  ,+3
55.4528659 ,Left ,+12 ,-3 ,0  ,-2 ,-5 ,+24 ,+30 ,-7
55.452869 ,Left ,0  ,+3 ,-1 ,-11 ,-3 ,-6 ,-39 ,-1
55.4546818 ,Left ,-3 ,-1 ,-7 ,-15 ,-3 ,+7 ,+43 ,+5
55.4546845 ,Left ,-3 ,-4 ,+4 ,+10 ,-5 ,-13 ,-25 ,-5
55.45754 ,Left ,-6 ,+2 ,+3 ,+38 ,+1 ,+6 ,-2 ,-2
55.4576189 ,Left ,-3 ,-8 ,-9 ,-19 ,-2 ,+9 ,-4 ,+1
55.4664427 ,Left ,+1 ,+2 ,-1 ,+10 ,+5 ,-3 ,+5 ,-4
55.4664455 ,Left ,-2 ,0  ,+2 ,-8 ,+18 ,-2 ,+5 ,+3
55.4815847 ,Left ,-1 ,+1 ,+4 ,+10 ,-26 ,-7 ,+16 ,-2
55.4815877 ,Left ,-2 ,-2 ,-9 ,-51 ,-8 ,-11 ,-17 ,-3
55.4830143 ,Left ,-2 ,-4 ,-1 ,+61 ,+10 ,-2 ,-1 ,-4
55.483017 ,Left ,-2 ,-14 ,-18 ,+1 ,-3 ,+3 ,+14 ,+2
55.5041292 ,Left ,+2 ,+14 ,+21 ,-35 ,-11 ,-1 ,-12 ,+1
55.5041322 ,Left ,-2 ,+4 ,+6 ,+27 ,+19 ,-4 ,-11 ,-3
55.5055555 ,Left ,0  ,0  ,+12 ,-9 ,-9 ,0  ,-3 ,+4
55.5055587 ,Left ,+3 ,+3 ,-5 ,-6 ,-5 ,+6 ,+6 ,+4
55.5175358 ,Left ,-6 ,-14 ,-27 ,-13 ,-3 ,-2 ,-8 ,-7
55.5175387 ,Left ,-1 ,-10 ,-32 ,-50 ,-11 ,-5 ,-6 ,+3
55.5265865 ,Left ,-2 ,-4 ,+10 ,+22 ,+10 ,-3 ,+12 ,-1
55.5265898 ,Left ,+1 ,0  ,+3 ,-9 ,-13 ,-1 ,-3 ,-3
55.5399286 ,Left ,0  ,+3 ,+27 ,+19 ,+2 ,+2 ,+2 ,+1
55.5400199 ,Left ,0  ,-4 ,-22 ,-14 ,0  ,-2 ,+2 ,0 
55.548913 ,Left ,-1 ,-1 ,-1 ,+3 ,+1 ,-3 ,-9 ,-1
55.5489158 ,Left ,0  ,0  ,-17 ,-22 ,-12 ,+1 ,+15 ,+1
55.5645571 ,Left ,-3 ,+1 ,+11 ,-2 ,+2 ,+3 ,-7 ,-3
55.5645602 ,Left ,0  ,+1 ,+8 ,+13 ,+1 ,-6 ,-4 ,+1
55.565963 ,Left ,-1 ,-1 ,-19 ,-20 ,-13 ,+3 ,+2 ,-2
55.5659661 ,Left ,0  ,+8 ,+31 ,+12 ,-3 ,+9 ,-2 ,+2
55.5777359 ,Left ,-3 ,-3 ,+1 ,+10 ,+3 ,-23 ,-5 ,-1
55.5777391 ,Left ,-1 ,+1 ,+3 ,-14 ,-6 ,-1 ,+2 ,0 
55.5865523 ,Left ,0  ,0  ,-3 ,-8 ,+1 ,-3 ,+1 ,-1
55.5865559 ,Left ,+2 ,+2 ,+7 ,+16 ,0  ,-3 ,+3 ,+2
55.601512 ,Left ,-3 ,-6 ,-27 ,-33 ,-3 ,+4 ,0  ,-4
55.6015155 ,Left ,0  ,+1 ,+3 ,+18 ,+12 ,+1 ,-7 ,+2
55.6030489 ,Left ,0  ,-1 ,+3 ,+13 ,-12 ,-8 ,-2 ,-2
55.6030538 ,Left ,0  ,-2 ,-10 ,-17 ,-2 ,+1 ,-1 ,-2
55.6238055 ,Left ,+1 ,-1 ,-2 ,+32 ,+11 ,+3 ,-2 ,-3
55.6238089 ,Left ,+1 ,+1 ,+10 ,-14 ,-10 ,-5 ,0  ,-2
55.6254646 ,Left ,-3 ,-4 ,-9 ,-21 ,+2 ,0  ,+2 ,0 
55.6254677 ,Left ,-3 ,+2 ,-1 ,+15 ,+1 ,+4 ,-2 ,0 
55.6376781 ,Left ,+1 ,+1 ,-1 ,+8 ,+17 ,-6 ,-4 ,-2
55.6376809 ,Left ,-3 ,-3 ,+3 ,-10 ,-5 ,-2 ,+3 ,-1
55.6465539 ,Left ,-3 ,-2 ,-6 ,-12 ,0  ,0  ,+1 ,+1
55.6465567 ,Left ,-2 ,-1 ,0  ,+9 ,-1 ,+1 ,-3 ,+1
55.6609135 ,Left ,+1 ,+1 ,-1 ,-26 ,-5 ,+2 ,0  ,+1
55.6609162 ,Left ,-2 ,-3 ,-5 ,+7 ,-2 ,0  ,-2 ,0 
55.6675288 ,Left ,+1 ,+2 ,-1 ,-13 ,+4 ,+2 ,0  ,+1
55.6675315 ,Left ,0  ,-1 ,+3 ,-2 ,-6 ,-7 ,-3 ,-3
55.6841369 ,Left ,-4 ,-4 ,-7 ,+6 ,+2 ,+6 ,+2 ,-1
55.6841398 ,Left ,+2 ,+5 ,+9 ,+12 ,+2 ,+6 ,-1 ,0 
55.6855149 ,Left ,+1 ,-3 ,-3 ,-24 ,+2 ,-11 ,-2 ,-3
55.6855177 ,Left ,0  ,-2 ,+1 ,+31 ,+12 ,0  ,-1 ,+1
55.6974359 ,Left ,+1 ,+6 ,+29 ,+65 ,+2 ,-1 ,-2 ,-1
55.6974383 ,Left ,-1 ,-6 ,-27 ,-11 ,+3 ,+5 ,-1 ,-1
55.7064295 ,Left ,+1 ,0  ,-15 ,-5 ,-2 ,+1 ,-1 ,-2
55.7064656 ,Left ,+1 ,+1 ,+8 ,-11 ,+3 ,-1 ,-1 ,+1
55.7209184 ,Left ,-2 ,-4 ,-9 ,-28 ,-3 ,+1 ,0  ,-2
55.7209212 ,Left ,-2 ,-3 ,+16 ,+22 ,-6 ,-7 ,-2 ,-2
55.7276908 ,Left ,-1 ,-1 ,+9 ,+8 ,+2 ,0  ,+3 ,-1
55.7276935 ,Left ,-2 ,-3 ,-11 ,-13 ,-4 ,-4 ,-3 ,-2
55.7440516 ,Left ,-1 ,-2 ,-2 ,-12 ,-3 ,+2 ,-2 ,-1
55.7440548 ,Left ,-2 ,-2 ,+3 ,+3 ,-1 ,-3 ,-2 ,-2
55.7455757 ,Left ,0  ,+7 ,0  ,-4 ,-7 ,-1 ,0  ,0 
55.7455788 ,Left ,0  ,+1 ,+2 ,-15 ,-7 ,+2 ,0  ,0 
55.7573807 ,Left ,-5 ,-6 ,-7 ,+29 ,+3 ,-4 ,-4 ,-3
55.7573899 ,Left ,0  ,+4 ,+14 ,+20 ,-5 ,-1 ,0  ,0 
55.7664563 ,Left ,-4 ,-9 ,-26 ,-35 ,-8 ,-2 ,-1 ,-1
55.7664591 ,Left ,0  ,-3 ,-6 ,+2 ,-3 ,-3 ,-2 ,0 
55.7808272 ,Left ,+3 ,+3 ,+4 ,-13 ,+3 ,+3 ,+2 ,0 
55.7808302 ,Left ,-3 ,-3 ,-3 ,-1 ,+2 ,-2 ,-2 ,+1
55.7876369 ,Left ,0  ,+4 ,+15 ,+18 ,0  ,+1 ,-1 ,-2
55.7876399 ,Left ,-1 ,+1 ,+4 ,0  ,-2 ,-2 ,0  ,-1
55.8038466 ,Left ,-1 ,-5 ,-15 ,-18 ,-2 ,+1 ,0  ,-1
55.8038498 ,Left ,-1 ,0  ,+4 ,+1 ,-5 ,+1 ,-2 ,+1
55.805402 ,Left ,-1 ,-3 ,+1 ,0  ,+21 ,+1 ,-1 ,0 
55.8054048 ,Left ,+1 ,0  ,-1 ,-4 ,-2 ,-2 ,-1 ,0 
55.8263288 ,Left ,-1 ,-2 ,-11 ,-17 ,-2 ,+1 ,-2 ,0 
55.8263318 ,Left ,-1 ,-1 ,+5 ,+25 ,-2 ,-2 ,-2 ,-1
55.8279045 ,Left ,-3 ,-2 ,+5 ,-34 ,-4 ,0  ,+2 ,0 
55.8279073 ,Left ,-3 ,-7 ,-1 ,+14 ,-1 ,-5 ,-3 ,-2
55.8407271 ,Left ,+2 ,0  ,-24 ,-21 ,-3 ,+1 ,-8 ,+2
55.84073 ,Left ,+1 ,+6 ,+10 ,+19 ,+10 ,-1 ,+16 ,0 
55.8475204 ,Left ,0  ,-3 ,-8 ,-6 ,-8 ,+5 ,-4 ,-1
55.8475231 ,Left ,-2 ,-1 ,+12 ,+45 ,-1 ,-16 ,-6 ,-2
55.8638164 ,Left ,-1 ,0  ,+1 ,-12 ,-9 ,0  ,+2 ,-2
55.8638191 ,Left ,0  ,-4 ,-12 ,-14 ,+2 ,-3 ,-4 ,-1
55.8654052 ,Left ,0  ,0  ,+2 ,+17 ,+1 ,+3 ,+1 ,-1
55.8654081 ,Left ,-1 ,-3 ,+1 ,-32 ,-3 ,+4 ,+2 ,-2
55.8863666 ,Left ,-1 ,+2 ,0  ,+21 ,+1 ,-4 ,-2 ,-2
55.88637 ,Left ,0  ,-1 ,-3 ,+6 ,0  ,0  ,-3 ,+1
55.8880608 ,Left ,-3 ,-2 ,+1 ,-34 ,-7 ,-4 ,-2 ,-1
55.8880641 ,Left ,0  ,-1 ,+3 ,-2 ,-3 ,0  ,-4 ,+1
55.9009556 ,Left ,-3 ,-6 ,-17 ,-8 ,+2 ,-1 ,+1 ,-2
55.900959 ,Left ,-1 ,+2 ,+9 ,-12 ,-17 ,+1 ,-3 ,-1
55.9074522 ,Left ,-1 ,-2 ,-2 ,+13 ,-1 ,-5 ,-1 ,-1
55.9074856 ,Left ,0  ,+1 ,0  ,-1 ,+23 ,+3 ,+2 ,-1
55.9240273 ,Left ,-1 ,0  ,+10 ,+37 ,+1 ,+2 ,+1 ,-1
55.9240307 ,Left ,-3 ,-3 ,+2 ,-18 ,-7 ,-5 ,-4 ,-2
55.9255045 ,Left ,+1 ,-1 ,-8 ,+6 ,-5 ,-2 ,-2 ,+1
55.9255148 ,Left ,-3 ,-1 ,-11 ,-14 ,-7 ,+1 ,+1 ,-2
55.9464477 ,Left ,-2 ,-3 ,+9 ,+3 ,+9 ,-2 ,+1 ,-1
55.9464508 ,Left ,0  ,-1 ,-7 ,+5 ,-6 ,-1 ,-4 ,-1
55.9479241 ,Left ,0  ,-1 ,+8 ,+14 ,+3 ,-2 ,0  ,-2
55.9479268 ,Left ,0  ,0  ,-12 ,-29 ,-3 ,+1 ,0  ,0 
55.9613678 ,Left ,+2 ,+2 ,+11 ,+26 ,+1 ,0  ,0  ,-1
55.961371 ,Left ,-2 ,-4 ,+4 ,-12 ,-2 ,-2 ,-2 ,-1
55.9629614 ,Left ,-1 ,-1 ,-18 ,-17 ,+1 ,+1 ,-2 ,-1
55.9629644 ,Left ,-1 ,0  ,-3 ,+3 ,-7 ,-2 ,0  ,-2
55.9839098 ,Left ,-2 ,0  ,+2 ,-11 ,-4 ,-2 ,-1 ,0 
55.9839129 ,Left ,-1 ,-2 ,-4 ,-11 ,-16 ,-1 ,-2 ,-1
55.9855192 ,Left ,+2 ,+5 ,+8 ,+12 ,+27 ,+4 ,+1 ,0 
55.9855222 ,Left ,-1 ,-6 ,-2 ,+4 ,-17 ,+2 ,-2 ,-2
56.0070436 ,Left ,0  ,0  ,-6 ,-30 ,-4 ,-2 ,-3 ,0 
56.0070537 ,Left ,+1 ,0  ,+3 ,+4 ,+5 ,+2 ,0  ,0 
56.0084964 ,Left ,-2 ,-5 ,-1 ,-6 ,-9 ,-1 ,-1 ,-3
56.0085004 ,Left ,0  ,0  ,-2 ,+4 ,+4 ,-1 ,-1 ,-2
56.0202375 ,Left ,0  ,0  ,+3 ,-11 ,0  ,+3 ,+1 ,-1
56.0202403 ,Left ,-1 ,0  ,-6 ,-6 ,+1 ,-3 ,-3 ,0 
56.029062 ,Left ,-2 ,-1 ,+5 ,+13 ,+5 ,-3 ,-1 ,-1
56.0290657 ,Left ,-1 ,-2 ,-2 ,-1 ,+32 ,+7 ,+1 ,-1
56.0439094 ,Left ,-1 ,-3 ,-1 ,-8 ,-19 ,-4 ,-6 ,+1
56.0439129 ,Left ,-3 ,-6 ,-3 ,-2 ,+10 ,-1 ,+9 ,-3
56.045493 ,Left ,-1 ,-3 ,0  ,+5 ,-3 ,-2 ,-3 ,-2
56.0454962 ,Left ,-1 ,+3 ,+2 ,+5 ,-4 ,-3 ,-2 ,0 
56.0665354 ,Left ,-2 ,0  ,-5 ,-13 ,+2 ,-1 ,+1 ,-1
56.0665393 ,Left ,0  ,+2 ,+1 ,+3 ,+7 ,-2 ,-4 ,0 
56.0680287 ,Left ,-1 ,+2 ,+4 ,+3 ,-8 ,0  ,-2 ,0 
56.0680324 ,Left ,0  ,-3 ,-3 ,-3 ,-24 ,-3 ,+1 ,-1
56.0809094 ,Left ,-3 ,-2 ,+2 ,-12 ,+13 ,+3 ,-2 ,-1
56.0809133 ,Left ,0  ,0  ,-3 ,+25 ,-15 ,-3 ,-3 ,-1
56.0875148 ,Left ,0  ,0  ,+2 ,-21 ,-4 ,-1 ,+2 ,-1
56.0875181 ,Left ,0  ,-3 ,-8 ,+10 ,-13 ,-4 ,-3 ,-2
56.1040345 ,Left ,-1 ,-2 ,-2 ,0  ,0  ,0  ,+2 ,-3
56.104038 ,Left ,-2 ,-1 ,+2 ,+14 ,+11 ,+1 ,-1 ,-1
56.1055674 ,Left ,0  ,+1 ,+1 ,-18 ,-11 ,-1 ,+1 ,0 
56.105571 ,Left ,0  ,-1 ,+1 ,+2 ,-20 ,-3 ,0  ,0 
56.1262434 ,Left ,-2 ,-1 ,+1 ,-1 ,+7 ,+1 ,+1 ,-2
56.1262464 ,Left ,0  ,0  ,-4 ,+7 ,-4 ,-1 ,0  ,0 
56.127983 ,Left ,-1 ,-3 ,-3 ,+9 ,-4 ,+3 ,-3 ,-2
56.1279857 ,Left ,-1 ,+2 ,-1 ,-21 ,+10 ,-3 ,0  ,+1
56.1409406 ,Left ,0  ,-4 ,0  ,+6 ,-3 ,0  ,+1 ,0 
56.140944 ,Left ,-2 ,-2 ,0  ,-1 ,-2 ,0  ,-3 ,0 
56.1477185 ,Left ,-3 ,-5 ,-8 ,+4 ,-4 ,0  ,-2 ,-2
56.1477215 ,Left ,+2 ,-1 ,-1 ,+3 ,+13 ,+1 ,-1 ,-1
56.1638879 ,Left ,0  ,+1 ,+2 ,+1 ,-8 ,-3 ,-1 ,-1
56.1638908 ,Left ,0  ,-2 ,-3 ,-9 ,+2 ,+1 ,-2 ,-1
56.1654166 ,Left ,0  ,0  ,+7 ,+16 ,+5 ,-1 ,0  ,-2
56.1654191 ,Left ,-3 ,-1 ,-8 ,-4 ,-1 ,0  ,-1 ,0 
56.1865435 ,Left ,0  ,0  ,+6 ,+2 ,-6 ,-2 ,-2 ,0 
56.1865463 ,Left ,+1 ,0  ,-13 ,-28 ,-8 ,-6 ,-1 ,-3
56.1879203 ,Left ,-2 ,-1 ,-4 ,+1 ,-6 ,-2 ,+1 ,-2
56.187923 ,Left ,-3 ,-4 ,-6 ,-9 ,+2 ,-1 ,-2 ,-3
56.1999728 ,Left ,+1 ,0  ,+1 ,+9 ,0  ,+2 ,0  ,-1
56.1999755 ,Left ,-2 ,-2 ,-1 ,-19 ,+2 ,+2 ,+1 ,0 
56.2089557 ,Left ,+1 ,+1 ,-3 ,+32 ,+3 ,-2 ,-3 ,0 
56.2089584 ,Left ,-3 ,-1 ,+4 ,+2 ,+4 ,+1 ,-2 ,-2
56.2243851 ,Left ,-4 ,-1 ,-4 ,-7 ,-1 ,-3 ,+2 ,-1
56.224388 ,Left ,-1 ,0  ,+2 ,+7 ,-8 ,-1 ,-2 ,0 
56.2302348 ,Left ,-1 ,-3 ,-6 ,-19 ,+3 ,-4 ,-1 ,+1
56.2302379 ,Left ,+2 ,+4 ,+7 ,+20 ,+12 ,+1 ,-1 ,+1
56.2462854 ,Left ,-1 ,0  ,-3 ,-24 ,-9 ,-4 ,-3 ,-1
56.246288 ,Left ,-1 ,-1 ,-2 ,-3 ,+4 ,-1 ,0  ,-2
56.2478239 ,Left ,-2 ,-1 ,+6 ,-7 ,-5 ,-3 ,-2 ,-2
56.2478264 ,Left ,-1 ,-6 ,-6 ,-4 ,-9 ,-3 ,0  ,-1
56.2601917 ,Left ,-1 ,+1 ,-1 ,+6 ,+1 ,-1 ,-3 ,-1
56.2601945 ,Left ,-1 ,-2 ,-6 ,+8 ,+14 ,+9 ,0  ,+1
56.2690261 ,Left ,-1 ,+1 ,-1 ,-36 ,-14 ,-21 ,-4 ,0 
56.2690339 ,Left ,-2 ,-5 ,-6 ,+12 ,+12 ,-1 ,+1 ,-2
56.2840507 ,Left ,+1 ,+3 ,+8 ,+3 ,-14 ,-3 ,0  ,0 
56.2840542 ,Left ,-1 ,-3 ,-11 ,-4 ,+5 ,+2 ,-1 ,-2
56.2854768 ,Left ,-1 ,-1 ,+3 ,+4 ,-11 ,+3 ,-1 ,-1
56.2855428 ,Left ,+1 ,-1 ,-1 ,-5 ,+21 ,+3 ,-2 ,0 
56.3065328 ,Left ,-1 ,0  ,+3 ,+7 ,-2 ,-2 ,+1 ,-1
56.3065359 ,Left ,-3 ,-5 ,-14 ,-22 ,+1 ,-7 ,-4 ,-4
56.3079606 ,Left ,-1 ,+2 ,+2 ,+18 ,-1 ,+2 ,+2 ,0 
56.3079637 ,Left ,-4 ,-5 ,-5 ,-15 ,-18 ,-3 ,0  ,-2
56.3201142 ,Left ,0  ,-3 ,+3 ,+4 ,+4 ,+3 ,-1 ,0 
56.3201172 ,Left ,+1 ,0  ,+8 ,+4 ,-7 ,-3 ,0  ,-1
56.328961 ,Left ,-2 ,-2 ,-6 ,-3 ,+3 ,0  ,-2 ,+1
56.3289638 ,Left ,-3 ,+2 ,+4 ,-5 ,-8 ,-3 ,-3 ,-4
56.3441178 ,Left ,-4 ,-5 ,-8 ,+3 ,-2 ,-1 ,-1 ,-1
56.3441207 ,Left ,+2 ,+7 ,+7 ,-1 ,0  ,-3 ,0  ,+1
56.3455261 ,Left ,-3 ,-4 ,-4 ,-3 ,+4 ,+1 ,0  ,-2
56.3455288 ,Left ,0  ,+1 ,+3 ,+2 ,-8 ,0  ,0  ,-1
56.3662997 ,Left ,-2 ,-3 ,+1 ,+19 ,-3 ,-2 ,-1 ,-4
56.3663021 ,Left ,-2 ,-2 ,-13 ,-46 ,-4 ,-2 ,0  ,+2
56.3680016 ,Left ,+1 ,+1 ,-1 ,+35 ,0  ,+1 ,-1 ,-1
56.368005 ,Left ,+1 ,0  ,+2 ,+5 ,-7 ,-3 ,-3 ,0 
56.380027 ,Left ,-1 ,-1 ,-5 ,+3 ,+6 ,-1 ,-1 ,-1
56.3800296 ,Left ,-2 ,-2 ,0  ,+15 ,-1 ,+1 ,-8 ,-2
56.39651 ,Left ,+1 ,+2 ,+10 ,-7 ,0  ,0  ,+10 ,-2
56.3965127 ,Left ,-1 ,0  ,-7 ,+7 ,0  ,-1 ,0  ,-2
56.4038759 ,Left ,+1 ,-3 ,-12 ,-32 ,-4 ,-1 ,-2 ,0 
56.4038968 ,Left ,0  ,+4 ,+16 ,+24 ,-8 ,-2 ,-3 ,-1
56.4054336 ,Left ,-4 ,-3 ,-7 ,-9 ,+9 ,0  ,-4 ,0 
56.405436 ,Left ,-3 ,-1 ,+1 ,+1 ,-8 ,+4 ,+1 ,-1
56.4265994 ,Left ,+1 ,+1 ,+7 ,+12 ,+4 ,-20 ,-5 ,-1
56.4266027 ,Left ,-1 ,-2 ,-10 ,-22 ,-11 ,-2 ,+4 ,0 
56.4279088 ,Left ,0  ,-1 ,-2 ,-27 ,-5 ,+3 ,-3 ,-2
56.4279114 ,Left ,0  ,0  ,-1 ,-7 ,+8 ,-2 ,+1 ,-2
56.4399881 ,Left ,-2 ,-3 ,-6 ,+3 ,-31 ,0  ,-3 ,0 
56.4399904 ,Left ,-2 ,0  ,+6 ,+7 ,+5 ,+1 ,0  ,-1
56.4489729 ,Left ,-1 ,0  ,+3 ,+18 ,+1 ,-1 ,-3 ,-1
56.4489819 ,Left ,-1 ,-1 ,+3 ,-6 ,+6 ,0  ,-4 ,+1
56.4638795 ,Left ,-2 ,0  ,-6 ,-43 ,-5 ,+3 ,+1 ,0 
56.4638821 ,Left ,-2 ,-2 ,0  ,+31 ,+13 ,-3 ,-1 ,-1
56.4654875 ,Left ,0  ,-4 ,-5 ,0  ,-6 ,+2 ,-2 ,+1
56.4654902 ,Left ,0  ,+4 ,+3 ,-5 ,-8 ,-1 ,+1 ,0 
56.4865185 ,Left ,-2 ,-3 ,-3 ,+2 ,+5 ,+2 ,-1 ,+2
56.4865215 ,Left ,-1 ,0  ,+4 ,0  ,0  ,-1 ,+1 ,0 
56.4880002 ,Left ,-1 ,+3 ,0  ,-11 ,+3 ,0  ,0  ,-1
56.4880033 ,Left ,+1 ,0  ,+4 ,+8 ,-1 ,-2 ,+1 ,+1
56.5000686 ,Left ,-4 ,-7 ,-11 ,-11 ,+4 ,-2 ,-2 ,-4
56.5000723 ,Left ,-4 ,-1 ,-5 ,-4 ,+3 ,+1 ,-2 ,-2
56.5089186 ,Left ,+1 ,-2 ,+3 ,+1 ,-7 ,-3 ,-3 ,-4
56.5089224 ,Left ,+1 ,0  ,+3 ,+11 ,-1 ,-3 ,-1 ,-1
56.5240603 ,Left ,-1 ,+4 ,-3 ,-11 ,+1 ,+4 ,+1 ,+1
56.524064 ,Left ,+2 ,-3 ,+1 ,+6 ,+4 ,-2 ,0  ,0 
56.5255298 ,Left ,-3 ,-2 ,+1 ,+1 ,-41 ,-1 ,0  ,-1
56.5255337 ,Left ,0  ,0  ,-3 ,-20 ,-2 ,+7 ,+2 ,-1
56.5464959 ,Left ,+1 ,0  ,-4 ,+8 ,+12 ,-3 ,-2 ,-2
56.5464995 ,Left ,-1 ,-1 ,+3 ,+4 ,0  ,+1 ,0  ,-1
56.5479824 ,Left ,-4 ,-3 ,-4 ,-4 ,-2 ,-3 ,-1 ,-1
56.5479857 ,Left ,-2 ,0  ,-1 ,+21 ,+15 ,+6 ,-3 ,0 
56.5600801 ,Left ,-3 ,-3 ,-5 ,-31 ,-7 ,-1 ,-1 ,-2
56.5600835 ,Left ,+1 ,+2 ,+7 ,+20 ,+4 ,-2 ,0  ,-2
56.5690217 ,Left ,-1 ,-5 ,-10 ,-29 ,+5 ,+2 ,-3 ,+2
56.5690269 ,Left ,-2 ,-5 ,+1 ,+7 ,-6 ,-6 ,-2 ,0 
56.5838245 ,Left ,+2 ,+3 ,-2 ,+13 ,+7 ,-1 ,-4 ,0 
56.5838271 ,Left ,-1 ,0  ,0  ,-9 ,-5 ,-1 ,+4 ,+1
56.585338 ,Left ,-2 ,+1 ,+6 ,+16 ,+4 ,0  ,-3 ,-2
56.5853608 ,Left ,-2 ,-2 ,-15 ,-31 ,-5 ,-3 ,-3 ,+1
56.6065433 ,Left ,-2 ,-3 ,+5 ,+39 ,-9 ,-3 ,-1 ,-3
56.6065462 ,Left ,-3 ,-2 ,-1 ,-10 ,-2 ,+3 ,-3 ,+1
56.6080505 ,Left ,-1 ,-2 ,-2 ,+6 ,+5 ,-2 ,0  ,-2
56.6080538 ,Left ,-2 ,-3 ,0  ,-8 ,-31 ,-4 ,+1 ,+1
56.6200483 ,Left ,0  ,+3 ,+2 ,-1 ,+11 ,+4 ,-3 ,-1
56.6200508 ,Left ,+2 ,-3 ,-7 ,-9 ,-9 ,-4 ,-2 ,-2
56.6291117 ,Left ,0  ,-2 ,+11 ,+16 ,+8 ,-2 ,-2 ,-1
56.6291145 ,Left ,-4 ,-2 ,-9 ,-24 ,-4 ,-2 ,-2 ,-2
56.6439744 ,Left ,-1 ,+1 ,+4 ,+7 ,+1 ,-1 ,+2 ,+1
56.6439775 ,Left ,-2 ,0  ,+1 ,-14 ,-10 ,-1 ,-3 ,-1
56.6455362 ,Left ,+1 ,+4 ,-2 ,-4 ,+25 ,0  ,0  ,0 
56.6455391 ,Left ,+1 ,0  ,0  ,-3 ,+2 ,+6 ,-1 ,-2
56.6653837 ,Left ,0  ,-4 ,+4 ,+10 ,-3 ,-23 ,-6 ,0 
56.6653873 ,Left ,-3 ,0  ,-10 ,-13 ,+5 ,0  ,0  ,0 
56.6741815 ,Left ,+1 ,-2 ,-2 ,+3 ,-2 ,+1 ,+1 ,+1
56.6741849 ,Left ,-1 ,-2 ,+7 ,+15 ,-2 ,-4 ,-2 ,-1
56.6801374 ,Left ,-2 ,-2 ,-2 ,-12 ,-3 ,+5 ,+2 ,-1
56.6801413 ,Left ,0  ,-2 ,+8 ,-17 ,-9 ,-4 ,-3 ,-3
56.6893972 ,Left ,-2 ,-2 ,-14 ,-27 ,+1 ,-1 ,-1 ,0 
56.6895424 ,Left ,-2 ,-5 ,+2 ,+24 ,-2 ,-4 ,-2 ,-2
56.7040945 ,Left ,0  ,+2 ,+1 ,-1 ,+6 ,+6 ,0  ,0 
56.7040974 ,Left ,-1 ,0  ,-3 ,-6 ,-5 ,-2 ,-1 ,-2
56.7056102 ,Left ,-1 ,-3 ,-8 ,-11 ,-3 ,+5 ,+1 ,-1
56.705613 ,Left ,+2 ,+1 ,+5 ,-1 ,+11 ,-3 ,-2 ,-3
56.7265811 ,Left ,-3 ,-2 ,+3 ,+6 ,-3 ,+2 ,-1 ,-2
56.7265843 ,Left ,-1 ,-1 ,+3 ,+25 ,+4 ,+8 ,-7 ,0 
56.7280137 ,Left ,-2 ,+1 ,+3 ,+17 ,0  ,-5 ,+12 ,-1
56.7280166 ,Left ,-3 ,0  ,-4 ,-33 ,+24 ,-23 ,-1 ,+1
56.739968 ,Left ,-3 ,-1 ,-6 ,-5 ,-21 ,+9 ,+3 ,-2
56.7399707 ,Left ,0  ,0  ,0  ,+7 ,+4 ,+10 ,+1 ,-2
56.7490077 ,Left ,+2 ,+1 ,0  ,0  ,-5 ,-11 ,-11 ,+1
56.7490105 ,Left ,-6 ,-4 ,-7 ,-26 ,-2 ,+9 ,-31 ,-9
56.7640428 ,Left ,-2 ,-2 ,+2 ,+19 ,+4 ,-17 ,+24 ,+9
56.7640459 ,Left ,+7 ,-5 ,-4 ,+10 ,-1 ,+2 ,-31 ,-2
56.7655371 ,Left ,0  ,+1 ,+4 ,+6 ,-2 ,-15 ,-23 ,+3
56.7655401 ,Left ,+1 ,0  ,0  ,-10 ,-12 ,+8 ,-27 ,-8
56.7863719 ,Left ,-8 ,-5 ,-4 ,+1 ,+29 ,+13 ,-5 ,-8
56.7863749 ,Left ,-5 ,-1 ,-6 ,-20 ,+9 ,+43 ,+5 ,+4
56.7879254 ,Left ,-1 ,-3 ,-4 ,+13 ,-11 ,+1 ,+11 ,-4
56.7879282 ,Left ,-2 ,+1 ,+4 ,+13 ,-6 ,-3 ,-22 ,+4
56.8090829 ,Left ,+8 ,+4 ,-1 ,-21 ,-2 ,+8 ,+28 ,+15
56.809086 ,Left ,-10 ,0  ,+8 ,+6 ,-3 ,-16 ,+4 ,-9
56.8105467 ,Left ,-5 ,-11 ,-17 ,-60 ,-8 ,+6 ,-8 ,-6
56.81055 ,Left ,0  ,+3 ,-3 ,+18 ,+3 ,+6 ,+33 ,+4
56.8238365 ,Left ,+1 ,0  ,+2 ,+37 ,-7 ,-5 ,-14 ,+1
56.8238394 ,Left ,-4 ,-3 ,-3 ,-26 ,-9 ,-16 ,+1 ,-2
56.825435 ,Left ,-4 ,-2 ,+2 ,+5 ,-7 ,+1 ,+6 ,-3
56.8254379 ,Left ,0  ,-6 ,-5 ,-39 ,+15 ,-8 ,+4 ,0 
56.8464143 ,Left ,+2 ,+9 ,+9 ,-33 ,-16 ,-7 ,-10 ,-4
56.8464174 ,Left ,+4 ,-1 ,+16 ,+51 ,+3 ,-10 ,+3 ,+2
56.8480485 ,Left ,-4 ,-1 ,-25 ,-5 ,+10 ,+1 ,0  ,-5
56.8480512 ,Left ,+5 ,+6 ,+11 ,-50 ,-5 ,+4 ,+14 ,+2
56.8688643 ,Left ,-1 ,-6 ,-34 ,+22 ,+14 ,+7 ,-9 ,-3
56.868867 ,Left ,-1 ,-6 ,-16 ,-29 ,-10 ,-6 ,+7 ,-5
56.8703801 ,Left ,+5 ,+10 ,+39 ,+31 ,+5 ,+5 ,0  ,+3
56.8704074 ,Left ,-3 ,-7 ,-12 ,+7 ,-3 ,-1 ,+3 ,-2
56.8840634 ,Left ,0  ,+3 ,+8 ,-19 ,-4 ,-4 ,-3 ,-6
56.8840661 ,Left ,-1 ,-4 ,-6 ,+6 ,-4 ,-7 ,-2 ,0 
56.8855824 ,Left ,-4 ,-10 ,-26 ,-11 ,+9 ,-2 ,-5 ,0 
56.885585 ,Left ,0  ,+1 ,-4 ,+10 ,-15 ,-5 ,+17 ,0 
56.9063238 ,Left ,-4 ,-9 ,-6 ,-5 ,0  ,-2 ,-7 ,-5
56.9063264 ,Left ,+3 ,+3 ,-3 ,-27 ,+4 ,-5 ,+3 ,0 
56.9079787 ,Left ,0  ,+6 ,+23 ,+29 ,-2 ,+1 ,+1 ,0 
56.9079813 ,Left ,0  ,+4 ,+21 ,+25 ,-4 ,+1 ,+3 ,-2
56.9290556 ,Left ,-3 ,-5 ,-10 ,-12 ,-6 ,-2 ,-4 ,-3
56.9290584 ,Left ,-1 ,+2 ,-4 ,-15 ,+3 ,-3 ,+2 ,+2
56.9304989 ,Left ,+2 ,+5 ,+6 ,+23 ,-3 ,-1 ,+1 ,0 
56.9305018 ,Left ,-3 ,-2 ,-4 ,+5 ,-4 ,-2 ,-1 ,0 
56.9431992 ,Left ,0  ,-4 ,0  ,-23 ,+2 ,-2 ,-2 ,-2
56.9432021 ,Left ,0  ,-2 ,+1 ,+42 ,-2 ,-3 ,-1 ,0 
56.9514384 ,Left ,-5 ,-4 ,-1 ,-25 ,-1 ,+1 ,+2 ,-5
56.9514411 ,Left ,+7 ,-1 ,-10 ,+22 ,0  ,+16 ,+4 ,+4
56.9664215 ,Left ,-4 ,-2 ,+5 ,+15 ,+2 ,-34 ,-8 ,-3
56.9664244 ,Left ,0  ,-1 ,+2 ,-43 ,-14 ,-8 ,-2 ,+1
56.9680401 ,Left ,-1 ,-2 ,-10 ,-10 ,0  ,-1 ,-11 ,+1
56.9680429 ,Left ,-5 ,-4 ,-1 ,+24 ,+3 ,+2 ,+3 ,-15
56.9890471 ,Left ,+3 ,+4 ,+5 ,-11 ,0  ,+8 ,+2 ,+9
56.9890508 ,Left ,+1 ,+1 ,+1 ,+17 ,+6 ,-9 ,+2 ,+7
56.9904681 ,Left ,-3 ,-3 ,0  ,+29 ,-2 ,+3 ,-7 ,-5
56.9904716 ,Left ,-2 ,-2 ,-5 ,-18 ,-2 ,-7 ,+14 ,+1
57.0031559 ,Left ,-1 ,-1 ,+4 ,-14 ,-5 ,-3 ,-3 ,-5
57.0031588 ,Left ,-3 ,0  ,+7 ,+35 ,+4 ,+9 ,+1 ,-5
57.0102255 ,Left ,-2 ,-3 ,-12 ,-15 ,+1 ,+1 ,+3 ,+1
57.010229 ,Left ,-2 ,+1 ,+2 ,-22 ,-3 ,-4 ,-5 ,0 
57.0263982 ,Left ,-1 ,0  ,+4 ,+21 ,-2 ,-2 ,-1 ,-2
57.0264013 ,Left ,-2 ,-3 ,+1 ,-6 ,-1 ,+1 ,+2 ,-1
57.0279545 ,Left ,+1 ,+4 ,+10 ,-5 ,+1 ,+5 ,+3 ,-1
57.0279573 ,Left ,-6 ,-8 ,-18 ,-12 ,-1 ,-20 ,-11 ,-3
57.0490611 ,Left ,0  ,+5 ,+1 ,+28 ,0  ,+1 ,-1 ,-1
57.0490641 ,Left ,0  ,-4 ,-8 ,-11 ,-2 ,+1 ,-3 ,-3
57.0505552 ,Left ,-1 ,0  ,+7 ,0  ,-1 ,-4 ,0  ,-1
57.0505579 ,Left ,-1 ,-6 ,-11 ,-5 ,-8 ,-4 ,-4 ,+3
57.0635694 ,Left ,+1 ,+5 ,+13 ,+9 ,+9 ,+9 ,+1 ,-1
57.0635726 ,Left ,-1 ,+1 ,-11 ,-3 ,-2 ,-1 ,+1 ,-1
57.0709724 ,Left ,+2 ,-2 ,-2 ,+10 ,-1 ,-4 ,+2 ,0 
57.0709756 ,Left ,-1 ,0  ,+4 ,-26 ,+20 ,+12 ,0  ,+1
57.085921 ,Left ,-4 ,-6 ,-3 ,+44 ,-35 ,-20 ,-11 ,-6
57.0859239 ,Left ,-2 ,-1 ,+8 ,-21 ,+1 ,+2 ,-1 ,-3
57.0866423 ,Left ,+4 ,+2 ,-2 ,-15 ,-4 ,-1 ,-7 ,+2
57.0866452 ,Left ,0  ,+2 ,+2 ,+3 ,0  ,-1 ,+3 ,-4
57.1081593 ,Left ,-3 ,-5 ,-8 ,-11 ,+3 ,-2 ,+4 ,-1
57.108162 ,Left ,0  ,-2 ,-2 ,+22 ,+6 ,+12 ,+2 ,-1
57.1089396 ,Left ,-2 ,-4 ,-7 ,-38 ,-6 ,-19 ,-8 ,-4
57.1089421 ,Left ,+2 ,+2 ,+7 ,+41 ,-1 ,-11 ,+1 ,+2
57.1227551 ,Left ,-6 ,-3 ,-4 ,-29 ,-3 ,+14 ,-1 ,-8
57.1227579 ,Left ,-2 ,-2 ,-12 ,+12 ,-2 ,-5 ,-5 ,-2
57.1308315 ,Left ,+1 ,-2 ,-2 ,-24 ,+1 ,+1 ,+10 ,+2
57.1308341 ,Left ,-4 ,+1 ,+1 ,+6 ,-5 ,-1 ,-23 ,-3
57.1459751 ,Left ,-3 ,-1 ,+2 ,+12 ,+8 ,-8 ,+11 ,+2
57.1459782 ,Left ,+5 ,-1 ,+3 ,+12 ,+4 ,+3 ,-12 ,+3
57.1465256 ,Left ,-1 ,0  ,+2 ,0  ,-5 ,-24 ,+30 ,+1
57.1465287 ,Left ,-2 ,0  ,-4 ,-20 ,-10 ,+10 ,-45 ,+5
57.1682561 ,Left ,-3 ,-6 ,-3 ,+9 ,+10 ,-6 ,-12 ,-30
57.1682595 ,Left ,+1 ,-1 ,-1 ,-13 ,-6 ,+9 ,-3 ,+23
57.1691689 ,Left ,-2 ,0  ,-1 ,+18 ,-13 ,+1 ,+3 ,+2
57.1691723 ,Left ,+6 ,+2 ,0  ,-12 ,0  ,+10 ,+27 ,+4
57.1826081 ,Left ,-7 ,-4 ,+5 ,+32 ,+4 ,+6 ,+1 ,0 
57.1826114 ,Left ,0  ,+1 ,0  ,+4 ,-3 ,-4 ,+24 ,-6
57.1909186 ,Left ,+1 ,-1 ,-1 ,+6 ,-2 ,+23 ,-9 ,0 
57.1909222 ,Left ,-4 ,-6 ,-7 ,-65 ,-7 ,-26 ,+27 ,-5
57.2056368 ,Left ,+5 ,+1 ,+3 ,+13 ,+6 ,+4 ,+2 ,+9
57.2056401 ,Left ,-6 ,-1 ,+2 ,+68 ,+2 ,-12 ,0  ,-9
57.2064451 ,Left ,-3 ,-5 ,-7 ,-5 ,+13 ,+18 ,-13 ,+2
57.2064481 ,Left ,+2 ,+2 ,+5 ,+9 ,-26 ,+4 ,+6 ,-5
57.2284144 ,Left ,0  ,-6 ,-30 ,-101 ,+31 ,+1 ,-3 ,+3
57.2284171 ,Left ,+5 ,+19 ,+57 ,+31 ,-6 ,-2 ,-8 ,+1
57.229025 ,Left ,-1 ,-5 ,-18 ,+37 ,+17 ,+5 ,+8 ,0 
57.2290278 ,Left ,-1 ,+3 ,-16 ,-59 ,-9 ,-7 ,-5 ,-2
57.2424999 ,Left ,+2 ,-2 ,+21 ,+64 ,-4 ,+2 ,-4 ,+4
57.242503 ,Left ,-4 ,-9 ,-39 ,-96 ,-14 ,-1 ,-6 ,-6
57.2509537 ,Left ,+2 ,+1 ,+17 ,+24 ,+4 ,-7 ,-5 ,-5
57.2509569 ,Left ,-4 ,-7 ,+10 ,+35 ,+10 ,-2 ,-2 ,-3
57.265899 ,Left ,0  ,-3 ,-16 ,-19 ,-9 ,+8 ,-4 ,+2
57.2659018 ,Left ,-1 ,+4 ,+25 ,-10 ,+1 ,-5 ,-6 ,-4
57.2664909 ,Left ,-2 ,-4 ,+2 ,-4 ,-4 ,-4 ,-1 ,-2
57.2664938 ,Left ,-1 ,-1 ,-8 ,+68 ,+8 ,+3 ,-3 ,+2
57.2881551 ,Left ,+1 ,+6 ,+16 ,-6 ,-6 ,+8 ,+8 ,+2
57.2881576 ,Left ,-7 ,-15 ,-65 ,-35 ,+2 ,-1 ,-2 ,-3
57.2888887 ,Left ,0  ,+4 ,+19 ,-8 ,-3 ,-17 ,-11 ,-1
57.2888912 ,Left ,+1 ,+4 ,+14 ,+41 ,+9 ,+11 ,+4 ,-1
57.3109336 ,Left ,+1 ,0  ,-5 ,-42 ,-18 ,+4 ,0  ,+2
57.3109364 ,Left ,+1 ,+2 ,+12 ,+35 ,+2 ,-31 ,-3 ,-4
57.3116439 ,Left ,-1 ,-1 ,-13 ,-30 ,-2 ,-2 ,-16 ,+2
57.3116467 ,Left ,-4 ,-5 ,-3 ,+10 ,+1 ,+14 ,+4 ,-17
57.3257447 ,Left ,-9 ,+1 ,-6 ,-4 ,-1 ,-7 ,+7 ,+15
57.3257495 ,Left ,+13 ,-2 ,+1 ,+11 ,-5 ,+26 ,-12 ,+5
57.3263985 ,Left ,-2 ,0  ,+2 ,+32 ,+3 ,-11 ,+13 ,-2
57.326401 ,Left ,-2 ,-2 ,+2 ,-3 ,+5 ,-10 ,-6 ,+8
57.3482101 ,Left ,-1 ,0  ,+1 ,+4 ,+10 ,+2 ,+11 ,-12
57.3482129 ,Left ,-10 ,-4 ,-8 ,-4 ,-36 ,-20 ,-27 ,-8
57.3490193 ,Left ,+7 ,+3 ,+1 ,0  ,0  ,-5 ,+5 ,-7
57.3490219 ,Left ,+1 ,-4 ,-6 ,-9 ,+5 ,+17 ,+27 ,+12
57.3712924 ,Left ,+1 ,-1 ,-8 ,-9 ,0  ,-4 ,-7 ,+3
57.3712955 ,Left ,-7 ,-1 ,+1 ,-8 ,+5 ,-7 ,+7 ,-2
57.3720353 ,Left ,+2 ,-1 ,+3 ,+3 ,+3 ,-6 ,-32 ,-12
57.3720608 ,Left ,-7 ,-7 ,-3 ,-10 ,-18 ,+10 ,+11 ,-6
57.3856664 ,Left ,+6 ,+4 ,+5 ,+4 ,+7 ,-23 ,+31 ,+3
57.3856701 ,Left ,-5 ,-2 ,+1 ,-12 ,-3 ,+4 ,-13 ,-11
57.3934685 ,Left ,-8 ,-5 ,-9 ,-26 ,-3 ,-7 ,+8 ,+3
57.3934721 ,Left ,+2 ,+3 ,+6 ,+26 ,-17 ,-17 ,-31 ,0 
57.4082263 ,Left ,-3 ,-8 ,-16 ,-49 ,-16 ,+12 ,-6 ,-3
57.4082294 ,Left ,+3 ,+7 ,+16 ,+29 ,+23 ,+1 ,+20 ,+1
57.4091923 ,Left ,-3 ,-7 ,-15 ,-27 ,-6 ,+5 ,-2 ,+3
57.4091958 ,Left ,+3 ,+6 ,+5 ,-18 ,-3 ,-1 ,0  ,+4
57.4229508 ,Left ,0  ,-3 ,+1 ,-5 ,-7 ,-2 ,-11 ,-7
57.4229651 ,Left ,-2 ,+1 ,-12 ,+8 ,+1 ,+3 ,+3 ,+2
57.4389457 ,Left ,+1 ,-2 ,+11 ,+18 ,-8 ,+7 ,+1 ,-1
57.4391231 ,Left ,+1 ,+11 ,+31 ,+9 ,+12 ,-6 ,-10 ,-6
57.4540657 ,Left ,-1 ,-6 ,-25 ,-7 ,-2 ,-1 ,-7 ,+1
57.4541345 ,Left ,-5 ,-8 ,+5 ,+16 ,+3 ,-4 ,-3 ,-2
57.4549292 ,Left ,-2 ,+3 ,-17 ,-33 ,-4 ,+7 ,0  ,0 
57.4549367 ,Left ,+1 ,+3 ,+27 ,+48 ,+13 ,-4 ,+4 ,+2
57.4682107 ,Left ,-3 ,-2 ,+13 ,-17 ,+1 ,-2 ,-11 ,-5
57.468215 ,Left ,-2 ,+3 ,+31 ,+35 ,+3 ,+2 ,+5 ,+1
57.4689877 ,Left ,-5 ,-13 ,-80 ,-40 ,+8 ,+4 ,+5 ,0 
57.4689915 ,Left ,+1 ,0  ,+14 ,-7 ,-4 ,0  ,+1 ,0 
57.4915048 ,Left ,0  ,-1 ,-7 ,+29 ,-8 ,+16 ,-10 ,-4
57.4915089 ,Left ,-3 ,-1 ,-10 ,-33 ,-36 ,0  ,+5 ,-1
57.4922444 ,Left ,-3 ,+3 ,+34 ,-12 ,-6 ,-2 ,+1 ,-1
57.4922483 ,Left ,-2 ,-6 ,-26 ,+3 ,+5 ,-19 ,+2 ,-1
57.5056635 ,Left ,0  ,+2 ,+8 ,+28 ,-3 ,+8 ,-10 ,0 
57.505666 ,Left ,+2 ,+1 ,-1 ,-8 ,+39 ,+12 ,-5 ,+3
57.5063843 ,Left ,0  ,-1 ,+6 ,+28 ,-34 ,0  ,+36 ,0 
57.5064826 ,Left ,-3 ,-5 ,-14 ,-28 ,+1 ,-8 ,+3 ,-2
57.5281534 ,Left ,+1 ,+1 ,+8 ,+26 ,+1 ,-11 ,+8 ,-2
57.5281561 ,Left ,+2 ,-3 ,+1 ,+5 ,+22 ,+1 ,+17 ,+12
57.5289089 ,Left ,+1 ,+1 ,+8 ,-7 ,+9 ,+10 ,-79 ,-13
57.5289117 ,Left ,-7 ,-7 ,-17 ,-35 ,-41 ,-39 ,+1 ,-2
57.5427236 ,Left ,+3 ,0  ,+5 ,+45 ,+5 ,+9 ,-15 ,-14
57.5427264 ,Left ,-4 ,-1 ,-7 ,-17 ,-1 ,-5 ,+45 ,+8
57.5509078 ,Left ,-4 ,0  ,0  ,+6 ,-2 ,+7 ,+12 ,+2
57.5509105 ,Left ,+1 ,-6 ,-11 ,-1 ,+2 ,0  ,-4 ,-11
57.565947 ,Left ,-3 ,+2 ,+2 ,-8 ,+5 ,+5 ,-21 ,-2
57.5659498 ,Left ,-2 ,-3 ,-8 ,-22 ,-18 ,-10 ,+7 ,-4
57.566701 ,Left ,+6 ,+2 ,+9 ,+14 ,-8 ,-1 ,+13 ,+10
57.5667043 ,Left ,-6 ,-3 ,-4 ,+1 ,+36 ,+3 ,-13 ,-9
57.5884081 ,Left ,-2 ,-2 ,-2 ,-27 ,-9 ,-11 ,+12 ,+7
57.5884111 ,Left ,+2 ,-1 ,-2 ,+17 ,+16 ,-4 ,-35 ,-6
57.5889979 ,Left ,-7 ,-2 ,-3 ,-21 ,-7 ,+10 ,-8 ,-21
57.5890007 ,Left ,+6 ,+2 ,-2 ,+13 ,+1 ,+24 ,+19 ,+32
57.6114453 ,Left ,-4 ,-2 ,-5 ,-7 ,0  ,-36 ,-31 ,-7
57.6114482 ,Left ,-6 ,-6 ,-18 ,-61 ,-14 ,+5 ,-26 ,-13
57.6121512 ,Left ,+1 ,+2 ,+12 ,+20 ,+4 ,-1 ,+13 ,-3
57.6121537 ,Left ,-4 ,-3 ,-3 ,+28 ,0  ,+17 ,+22 ,-4
57.6256317 ,Left ,+6 ,+5 ,+4 ,-17 ,-22 ,+20 ,+10 ,+14
57.6256343 ,Left ,-1 ,-2 ,-5 ,-1 ,+14 ,0  ,+11 ,-4
57.6264461 ,Left ,-4 ,-3 ,0  ,+26 ,+5 ,-19 ,-5 ,-1
57.6264485 ,Left ,-2 ,-3 ,-5 ,-13 ,-1 ,+4 ,-8 ,-6
57.6484104 ,Left ,-2 ,+1 ,-8 ,-37 ,-4 ,-2 ,+21 ,+2
57.648414 ,Left ,+2 ,+2 ,+9 ,+44 ,+4 ,-9 ,-11 ,-3
57.6493034 ,Left ,0  ,0  ,+17 ,+24 ,-12 ,+4 ,+11 ,+7
57.6493064 ,Left ,-2 ,-16 ,-33 ,-63 ,+23 ,-3 ,-13 ,-3
57.6714919 ,Left ,+4 ,+24 ,+49 ,+28 ,+7 ,+3 ,-2 ,+1
57.6714947 ,Left ,+3 ,+8 ,+13 ,+6 ,-8 ,+4 ,-5 ,0 
57.6722311 ,Left ,-4 ,-8 ,-38 ,-50 ,+4 ,-4 ,-10 ,0 
57.6722341 ,Left ,-1 ,-7 ,-13 ,+26 ,-20 ,+1 ,-1 ,-3
57.6856658 ,Left ,-3 ,-14 ,-26 ,-9 ,+7 ,-3 ,-3 ,-7
57.6856696 ,Left ,-2 ,+2 ,+38 ,+33 ,-9 ,-2 ,0  ,-2
57.68638 ,Left ,+1 ,+7 ,+2 ,-4 ,+3 ,-2 ,+11 ,+6
57.6863825 ,Left ,0  ,+3 ,-20 ,+14 ,+1 ,-3 ,-13 ,-2
57.7081075 ,Left ,-3 ,-11 ,-23 ,-35 ,-8 ,+3 ,+8 ,-1
57.7081104 ,Left ,+2 ,-6 ,-38 ,-39 ,-5 ,-3 ,-1 ,+1
57.7088872 ,Left ,-1 ,-3 ,+4 ,+15 ,+5 ,-5 ,-3 ,0 
57.7088894 ,Left ,-1 ,+2 ,+8 ,-2 ,+28 ,+2 ,-7 ,-2
57.7306021 ,Left ,-1 ,+5 ,+26 ,+11 ,-28 ,-4 ,-2 ,-2
57.7306157 ,Left ,-1 ,-4 ,-18 ,-14 ,+11 ,+23 ,+5 ,-2
57.7313522 ,Left ,0  ,+4 ,+16 ,+17 ,+6 ,-32 ,-15 ,+1
57.7313546 ,Left ,0  ,+2 ,-1 ,-20 ,-3 ,+2 ,+24 ,0 
57.7452785 ,Left ,-3 ,-3 ,+12 ,+35 ,+4 ,-4 ,-12 ,-3
57.7452813 ,Left ,-5 ,-3 ,-1 ,-21 ,-9 ,-11 ,+1 ,-11
57.7534231 ,Left ,0  ,+1 ,-7 ,+5 ,+6 ,+22 ,+19 ,+17
57.7534258 ,Left ,-3 ,+2 ,+12 ,+18 ,-7 ,+7 ,-12 ,-4
57.7680757 ,Left ,-1 ,-5 ,-12 ,+10 ,+9 ,-4 ,+22 ,+5
57.7680782 ,Left ,+1 ,-1 ,-13 ,-27 ,-13 ,-4 ,-20 ,-3
57.7689393 ,Left ,+7 ,-2 ,-1 ,-7 ,+4 ,-2 ,-24 ,-2
57.7689415 ,Left ,0  ,+4 ,+14 ,+3 ,-10 ,-4 ,-17 ,+4
57.7907468 ,Left ,+3 ,+1 ,-1 ,-6 ,+8 ,+8 ,+17 ,+9
57.79075 ,Left ,-1 ,-2 ,-12 ,-31 ,-2 ,-3 ,+2 ,+5
57.7914187 ,Left ,-6 ,-2 ,+12 ,+31 ,-1 ,+14 ,+23 ,-4
57.7914216 ,Left ,+2 ,-1 ,+4 ,-4 ,-8 ,-15 ,-14 ,-2
57.8052376 ,Left ,0  ,-5 ,-11 ,-21 ,-1 ,-11 ,-2 ,-6
57.8052408 ,Left ,0  ,+3 ,+8 ,+36 ,0  ,-2 ,+10 ,+1
57.8131403 ,Left ,0  ,-1 ,0  ,-6 ,+4 ,+1 ,-2 ,-4
57.8131432 ,Left ,-2 ,+1 ,-1 ,+14 ,-6 ,-1 ,+3 ,-4
57.8283573 ,Left ,-4 ,-5 ,-11 ,-18 ,+2 ,+6 ,-5 ,-2
57.8283601 ,Left ,-1 ,-4 ,+3 ,+14 ,-3 ,-7 ,0  ,0 
57.829007 ,Left ,-2 ,-2 ,-4 ,-18 ,-4 ,-4 ,0  ,-5
57.8290096 ,Left ,+2 ,0  ,+5 ,+6 ,-3 ,+4 ,-7 ,0 
57.8509314 ,Left ,0  ,+2 ,+5 ,+21 ,+5 ,-1 ,-7 ,-3
57.8509344 ,Left ,0  ,-4 ,-2 ,+12 ,-5 ,+2 ,-4 ,+1
57.8515726 ,Left ,-3 ,0  ,-1 ,-11 ,-4 ,-1 ,-5 ,-3
57.8515749 ,Left ,0  ,-5 ,-21 ,-3 ,-3 ,-7 ,+3 ,-3
57.8649736 ,Left ,-3 ,-5 ,-5 ,-1 ,-2 ,+5 ,-6 ,-1
57.8650291 ,Left ,+2 ,+8 ,+12 ,-11 ,-5 ,-7 ,-5 ,0 
57.8807881 ,Left ,-2 ,-4 ,-7 ,-7 ,0  ,+1 ,0  ,-1
57.8807912 ,Left ,0  ,+5 ,+16 ,+27 ,-6 ,-3 ,-1 ,-2
57.8882841 ,Left ,-3 ,-1 ,-1 ,-37 ,+2 ,-3 ,0  ,-3
57.8882873 ,Left ,-6 ,-4 ,-6 ,+30 ,+9 ,+3 ,-5 ,+3
57.889175 ,Left ,+5 ,+1 ,-1 ,-20 ,-7 ,+11 ,+3 ,+4
57.8891781 ,Left ,-3 ,-1 ,+1 ,-5 ,+1 ,+5 ,-2 ,0 
57.9113014 ,Left ,0  ,-2 ,-7 ,+15 ,0  ,-14 ,-8 ,-3
57.9113046 ,Left ,-5 ,-1 ,+2 ,-10 ,-1 ,-3 ,+5 ,-3
57.9121434 ,Left ,-1 ,-3 ,0  ,+6 ,-4 ,-6 ,0  ,-2
57.9121462 ,Left ,-4 ,-4 ,-4 ,-4 ,+5 ,+11 ,-4 ,-4
57.9256517 ,Left ,0  ,+1 ,-1 ,-11 ,+1 ,0  ,+2 ,0 
57.9256546 ,Left ,-3 ,-6 ,+1 ,+10 ,-12 ,-3 ,-4 ,-4
57.9264036 ,Left ,+1 ,+1 ,-1 ,-1 ,+7 ,-7 ,-1 ,-1
57.9264062 ,Left ,-1 ,-1 ,-7 ,-24 ,-4 ,-5 ,-5 ,-13
57.9481887 ,Left ,+1 ,+1 ,+2 ,+4 ,-9 ,+4 ,+1 ,+16
57.9481916 ,Left ,0  ,-4 ,-18 ,-45 ,+1 ,-2 ,0  ,-3
57.9491896 ,Left ,-2 ,0  ,+8 ,+57 ,+3 ,-2 ,-3 ,-3
57.9492 ,Left ,-1 ,+1 ,0  ,-42 ,0  ,-1 ,+1 ,0 
57.9708561 ,Left ,-5 ,-3 ,-1 ,-6 ,-6 ,-4 ,+4 ,-7
57.970859 ,Left ,0  ,-1 ,+5 ,+28 ,-3 ,-6 ,-18 ,-3
57.9716417 ,Left ,-3 ,-1 ,0  ,-2 ,-4 ,-27 ,-4 ,-1
57.9716445 ,Left ,-1 ,-3 ,-3 ,+4 ,+1 ,-11 ,-2 ,-1
57.9850521 ,Left ,0  ,+1 ,+4 ,+10 ,+4 ,+22 ,+6 ,-7
57.985055 ,Left ,-3 ,-4 ,-8 ,-43 ,-6 ,-40 ,-2 ,+2
57.9931654 ,Left ,-4 ,0  ,-3 ,-7 ,+1 ,+23 ,+3 ,-11
57.9931682 ,Left ,+4 ,+4 ,+9 ,+2 ,-3 ,-10 ,+1 ,+6
58.0082651 ,Left ,+3 ,-3 ,-6 ,-10 ,+3 ,-23 ,-5 ,-9
58.0082679 ,Left ,+3 ,+1 ,0  ,+27 ,+1 ,-1 ,-20 ,+6
58.0091834 ,Left ,-6 ,-4 ,0  ,-26 ,-15 ,-7 ,-59 ,-3
58.0091868 ,Left ,-4 ,-5 ,-6 ,+10 ,+3 ,+16 ,+16 ,-2
58.0309161 ,Left ,+3 ,+5 ,+4 ,+10 ,+35 ,-36 ,+26 ,-2
58.0309189 ,Left ,-2 ,-4 ,0  ,-1 ,-30 ,+21 ,+13 ,-2
58.0316369 ,Left ,0  ,-3 ,+1 ,+20 ,+7 ,-30 ,+23 ,+5
58.0316399 ,Left ,-3 ,+2 ,+5 ,+2 ,-5 ,+8 ,+13 ,+2
58.0452089 ,Left ,-4 ,-7 ,-15 ,-9 ,-19 ,-11 ,-8 ,-2
58.0452116 ,Left ,+5 ,+5 ,+6 ,+38 ,+12 ,+4 ,+4 ,0 
58.0533003 ,Left ,-3 ,-2 ,-6 ,-29 ,+2 ,+12 ,-1 ,-3
58.0533034 ,Left ,+1 ,-3 ,+3 ,+2 ,-12 ,-7 ,-7 ,-1
58.0681673 ,Left ,-3 ,0  ,-1 ,-2 ,-2 ,+8 ,+3 ,+1
58.0681712 ,Left ,+1 ,-5 ,-9 ,-53 ,-13 ,+2 ,+1 ,+1
58.068968 ,Left ,+4 ,+10 ,+23 ,+15 ,-8 ,+4 ,-2 ,-2
58.0689717 ,Left ,0  ,+1 ,-13 ,+61 ,+61 ,-3 ,+7 ,+2
58.0909289 ,Left ,-1 ,+4 ,+14 ,-71 ,-66 ,+7 ,-12 ,+1
58.0909333 ,Left ,-5 ,-5 ,+3 ,+48 ,+18 ,+8 ,-3 ,-7
58.0915654 ,Left ,+3 ,-6 ,-27 ,-24 ,-1 ,+2 ,+11 ,+1
58.0915713 ,Left ,-2 ,-2 ,+3 ,-21 ,-10 ,-3 ,-7 ,+2
58.105729 ,Left ,+2 ,+4 ,+9 ,+20 ,+26 ,+14 ,-10 ,+1
58.1057431 ,Left ,-4 ,-3 ,-30 ,-45 ,-11 ,-3 ,+1 ,-3
58.1136191 ,Left ,-3 ,-7 ,-3 ,+11 ,-8 ,-5 ,+9 ,-1
58.1136235 ,Left ,-3 ,-5 ,-8 ,+6 ,-5 ,-4 ,-10 ,-1
58.1281223 ,Left ,-4 ,-3 ,-23 ,-10 ,-3 ,+5 ,-10 ,-3
58.1282028 ,Left ,0  ,-1 ,+13 ,-17 ,+3 ,-2 ,+7 ,-1
58.1289747 ,Left ,0  ,+5 ,+14 ,+19 ,+9 ,0  ,+6 ,+2
58.128978 ,Left ,-1 ,0  ,+16 ,+43 ,-7 ,+2 ,-4 ,-2
58.1506432 ,Left ,0  ,0  ,+2 ,-5 ,-8 ,+3 ,0  ,0 
58.1506466 ,Left ,+1 ,+4 ,+15 ,+25 ,+19 ,+3 ,+2 ,0 
58.1514204 ,Left ,-2 ,-2 ,-14 ,-53 ,0  ,-1 ,-3 ,-1
58.1514237 ,Left ,-2 ,-1 ,-3 ,-15 ,-40 ,-1 ,-3 ,-1
58.1651541 ,Left ,0  ,-1 ,+2 ,+48 ,+14 ,+3 ,-1 ,-2
58.165157 ,Left ,+2 ,-1 ,+5 ,+6 ,+11 ,+2 ,+1 ,+1
58.1732418 ,Left ,+2 ,+9 ,-4 ,-12 ,-9 ,-1 ,-1 ,0 
58.1732451 ,Left ,+1 ,-6 ,-2 ,+18 ,+4 ,-2 ,+1 ,+1
58.1883349 ,Left ,-4 ,-3 ,+5 ,+15 ,+15 ,+5 ,-1 ,0 
58.1883381 ,Left ,+2 ,-2 ,-5 ,+9 ,-3 ,0  ,+1 ,+1
58.1889685 ,Left ,0  ,-3 ,+2 ,0  ,-8 ,+2 ,-4 ,0 
58.1889713 ,Left ,-3 ,+3 ,+4 ,-2 ,-8 ,+2 ,+18 ,-4
58.2108724 ,Left ,-4 ,-7 ,-15 ,-7 ,+8 ,+15 ,-12 ,-2
58.2108758 ,Left ,-1 ,-1 ,-2 ,-14 ,-38 ,-11 ,-2 ,-11
58.2116778 ,Left ,-4 ,-3 ,0  ,-1 ,+5 ,-30 ,-8 ,-1
58.2116809 ,Left ,+2 ,0  ,-1 ,-30 ,0  ,+3 ,0  ,+5
58.2338876 ,Left ,+2 ,+3 ,+2 ,+8 ,-7 ,+5 ,+3 ,0 
58.2338904 ,Left ,-5 ,-2 ,+2 ,+12 ,+10 ,-14 ,+5 ,+1
58.2346304 ,Left ,0  ,-2 ,0  ,+20 ,+4 ,+20 ,-4 ,-7
58.234633 ,Left ,-1 ,-2 ,-4 ,-26 ,-17 ,-11 ,-6 ,-3
58.2482005 ,Left ,-2 ,-2 ,-1 ,+19 ,+6 ,+13 ,0  ,-1
58.2482029 ,Left ,-1 ,+2 ,+3 ,-15 ,+6 ,-5 ,-4 ,-1
58.2488946 ,Left ,-3 ,-1 ,-6 ,-42 ,-11 ,+2 ,+7 ,+1
58.248897 ,Left ,+5 ,+1 ,+6 ,+31 ,+12 ,0  ,-11 ,+3
58.2706941 ,Left ,-7 ,-1 ,-3 ,+4 ,-6 ,-17 ,-3 ,-4
58.2706965 ,Left ,+6 ,+2 ,-2 ,-2 ,+4 ,+1 ,+18 ,+3
58.2715113 ,Left ,-1 ,-4 ,-2 ,+6 ,-4 ,+15 ,-7 ,-4
58.2715136 ,Left ,-5 ,-1 ,-4 ,-13 ,-10 ,-25 ,+12 ,+4
58.2939094 ,Left ,+1 ,-2 ,+1 ,0  ,-2 ,+13 ,-24 ,-6
58.2939121 ,Left ,-2 ,+1 ,+2 ,-6 ,+1 ,+14 ,+3 ,+5
58.2946748 ,Left ,+2 ,0  ,+2 ,+19 ,-27 ,-33 ,+10 ,+3
58.2946773 ,Left ,+4 ,0  ,-1 ,-20 ,+13 ,-5 ,-54 ,-13
58.3082447 ,Left ,0  ,-5 ,-1 ,+27 ,+8 ,+15 ,-5 ,+4
58.3082479 ,Left ,-7 ,-2 ,-5 ,+1 ,-5 ,-23 ,-3 ,-2
58.3089803 ,Left ,+3 ,+4 ,+5 ,+4 ,+9 ,+2 ,-4 ,0 
58.3089829 ,Left ,-2 ,+3 ,0  ,-6 ,+3 ,-7 ,+13 ,+3
58.3306497 ,Left ,-2 ,0  ,-1 ,-3 ,-9 ,-13 ,-5 ,-3
58.3306524 ,Left ,-1 ,-3 ,-2 ,-25 ,0  ,+13 ,+26 ,-4
58.3313905 ,Left ,-4 ,-5 ,-9 ,-1 ,+6 ,-1 ,+14 ,-1
58.3314053 ,Left ,-3 ,-12 ,-2 ,+12 ,+1 ,+6 ,-1 ,-9
58.3539636 ,Left ,+1 ,+14 ,+14 ,-9 ,+5 ,-1 ,+10 ,+5
58.3539664 ,Left ,-4 ,-3 ,+6 ,+2 ,-1 ,+8 ,-11 ,-1
58.3546311 ,Left ,0  ,+1 ,-6 ,-49 ,+3 ,0  ,-1 ,0 
58.3547273 ,Left ,-2 ,0  ,0  ,-11 ,-4 ,+11 ,+6 ,+3
58.368162 ,Left ,+3 ,-1 ,+6 ,-15 ,-2 ,-7 ,-6 ,-2
58.3681648 ,Left ,-2 ,-3 ,-18 ,+32 ,+3 ,-3 ,-9 ,0 
58.3690019 ,Left ,+2 ,+9 ,+52 ,+75 ,+7 ,+4 ,-1 ,+1
58.3690042 ,Left ,-2 ,-9 ,-24 ,-55 ,-6 ,+5 ,-3 ,-1
58.3909518 ,Left ,-1 ,-3 ,+1 ,+36 ,-1 ,-11 ,+7 ,0 
58.3909546 ,Left ,0  ,+5 ,+16 ,-14 ,-1 ,+7 ,-4 ,-2
58.3914807 ,Left ,-2 ,-11 ,-47 ,-32 ,+3 ,-7 ,-6 ,-1
58.3914836 ,Left ,0  ,+3 ,+20 ,+30 ,-3 ,+5 ,+3 ,0 
58.4138971 ,Left ,+3 ,+6 ,+41 ,+17 ,-3 ,-13 ,+7 ,0 
58.4138999 ,Left ,-4 ,-12 ,-31 ,-28 ,-2 ,+10 ,-8 ,-2
58.4146874 ,Left ,-1 ,+6 ,+22 ,+12 ,+7 ,-12 ,+1 ,-1
58.4146901 ,Left ,-2 ,-1 ,-8 ,-6 ,-11 ,-3 ,+1 ,0 
58.4281907 ,Left ,-1 ,-2 ,-3 ,-7 ,+3 ,+4 ,+8 ,-2
58.4281932 ,Left ,+4 ,+8 ,+24 ,+44 ,-14 ,-2 ,-8 ,+3
58.4289479 ,Left ,-2 ,-3 ,-13 ,-5 ,+22 ,+8 ,+1 ,-1
58.4289504 ,Left ,+1 ,+4 ,+6 ,+13 ,-4 ,-3 ,+2 ,-2
58.4509013 ,Left ,-3 ,-5 ,-17 ,-13 ,+13 ,+5 ,+5 ,-2
58.4509043 ,Left ,+2 ,+3 ,+1 ,-24 ,-6 ,-1 ,-4 ,0 
58.4516676 ,Left ,-4 ,-8 ,-13 ,+14 ,-5 ,+5 ,-1 ,-4
58.4516706 ,Left ,-2 ,-4 ,-10 ,-14 ,-2 ,-4 ,-2 ,0 
58.46528 ,Left ,0  ,+2 ,+1 ,+13 ,+10 ,0  ,-16 ,-2
58.4652829 ,Left ,-2 ,-4 ,-7 ,-22 ,-4 ,-8 ,+7 ,-2
58.4735046 ,Left ,-2 ,-4 ,-7 ,-11 ,-4 ,-1 ,-4 ,-3
58.4735081 ,Left ,-4 ,-1 ,+6 ,+21 ,+4 ,+3 ,0  ,-2
58.488201 ,Left ,0  ,-2 ,-19 ,-54 ,-11 ,-3 ,-1 ,+2
58.488204 ,Left ,-1 ,0  ,+6 ,+36 ,+8 ,-5 ,-4 ,0 
58.4889511 ,Left ,0  ,-5 ,-2 ,-4 ,-5 ,+6 ,+4 ,0 
58.4889536 ,Left ,0  ,+4 ,+7 ,0  ,-1 ,+2 ,-1 ,-1
58.510743 ,Left ,-2 ,-5 ,-10 ,0  ,-8 ,-1 ,+3 ,-3
58.5107457 ,Left ,0  ,+3 ,-1 ,-10 ,+7 ,+5 ,0  ,+1
58.5115162 ,Left ,-2 ,-2 ,+14 ,+35 ,+11 ,+6 ,-1 ,0 
58.5115186 ,Left ,-1 ,-3 ,-14 ,-31 ,-30 ,-3 ,0  ,0 
58.5250207 ,Left ,-1 ,+2 ,+5 ,-12 ,+4 ,-4 ,-2 ,-2
58.5250238 ,Left ,-3 ,-6 ,-7 ,-3 ,-14 ,-1 ,-4 ,-3
58.5331879 ,Left ,-2 ,0  ,-5 ,+6 ,+12 ,+1 ,-2 ,-1
58.5331904 ,Left ,+1 ,+2 ,+2 ,-1 ,+12 ,-1 ,-2 ,-2
58.5482242 ,Left ,0  ,-6 ,-4 ,+7 ,-8 ,+2 ,+3 ,0 
58.5482271 ,Left ,0  ,+4 ,+10 ,+1 ,0  ,0  ,-2 ,0 
58.5490122 ,Left ,0  ,-1 ,-5 ,-7 ,-9 ,-1 ,-1 ,0 
58.5490148 ,Left ,-3 ,-2 ,-5 ,-2 ,0  ,-2 ,0  ,0 
58.5706415 ,Left ,-1 ,+1 ,+1 ,-1 ,-5 ,-4 ,+1 ,-4
58.5706443 ,Left ,0  ,-3 ,-7 ,-3 ,+6 ,-2 ,-4 ,-3
58.5713617 ,Left ,-1 ,+3 ,+1 ,-8 ,-10 ,-5 ,-1 ,-2
58.5714298 ,Left ,+2 ,+2 ,0  ,-2 ,+7 ,+4 ,-2 ,-1
58.5852421 ,Left ,0  ,-1 ,-3 ,0  ,-7 ,-7 ,0  ,-1
58.5852451 ,Left ,-3 ,-2 ,-6 ,+1 ,+9 ,0  ,0  ,+1
58.5934235 ,Left ,+4 ,+6 ,+3 ,+19 ,+3 ,+12 ,+3 ,+1
58.5934268 ,Left ,-2 ,-4 ,+2 ,+14 ,-9 ,-19 ,-7 ,-4
58.6082123 ,Left ,-1 ,-2 ,-1 ,0  ,-1 ,-3 ,-2 ,+1
58.6082153 ,Left ,+1 ,+3 ,+12 ,+3 ,+3 ,-1 ,-1 ,-1
58.6092204 ,Left ,-1 ,-8 ,-21 ,-24 ,+2 ,+2 ,-1 ,0 
58.6092239 ,Left ,-4 ,-1 ,+10 ,+22 ,-18 ,+3 ,0  ,-1
58.6314248 ,Left ,0  ,-2 ,-18 ,-5 ,+15 ,-2 ,+1 ,+2
58.63161 ,Left ,-3 ,0  ,+13 ,+13 ,+4 ,-1 ,-2 ,-2
58.6319802 ,Left ,-1 ,+1 ,+13 ,+9 ,+1 ,-1 ,-1 ,-1
58.6319914 ,Left ,0  ,-2 ,-25 ,-57 ,-14 ,-1 ,+1 ,0 
58.6448772 ,Left ,-2 ,-3 ,-3 ,+16 ,+8 ,-1 ,-11 ,-4
58.6448799 ,Left ,+1 ,-1 ,-2 ,+5 ,-3 ,0  ,+16 ,-2
58.6534155 ,Left ,0  ,-4 ,-2 ,-21 ,+17 ,-3 ,-4 ,-3
58.6534211 ,Left ,+1 ,+1 ,+1 ,+14 ,0  ,+3 ,+1 ,0 
58.6681795 ,Left ,-1 ,0  ,-4 ,-9 ,-14 ,-2 ,-3 ,-2
58.6681823 ,Left ,-2 ,-3 ,-8 ,-1 ,+2 ,-2 ,-5 ,0 
58.6689742 ,Left ,-4 ,-3 ,-4 ,-7 ,-6 ,-2 ,-2 ,-2
58.6689766 ,Left ,+2 ,0  ,+16 ,+22 ,+10 ,0  ,0  ,+1
58.6907113 ,Left ,-1 ,-3 ,-6 ,-7 ,-1 ,-3 ,+1 ,0 
58.6907143 ,Left ,0  ,-2 ,-10 ,-1 ,-3 ,-1 ,-5 ,-2
58.6914299 ,Left ,-3 ,+1 ,+2 ,-3 ,-9 ,-3 ,-2 ,0 
58.6914325 ,Left ,-2 ,-1 ,-4 ,-9 ,+5 ,+3 ,0  ,0 
58.7141027 ,Left ,+2 ,+4 ,0  ,+20 ,-6 ,-2 ,+1 ,+1
58.7141144 ,Left ,0  ,-2 ,-2 ,-44 ,-11 ,0  ,-1 ,-1
58.7146973 ,Left ,-2 ,-4 ,+4 ,+6 ,-10 ,0  ,-1 ,-1
58.7147086 ,Left ,-3 ,+1 ,+7 ,-7 ,+1 ,-2 ,-2 ,-2
58.7280688 ,Left ,-2 ,-7 ,-23 ,-6 ,+1 ,-1 ,+2 ,-1
58.7280718 ,Left ,-2 ,-3 ,-4 ,-22 ,-2 ,-1 ,-3 ,-2
58.7288992 ,Left ,+2 ,+2 ,+9 ,-2 ,-4 ,+4 ,0  ,+2
58.7289019 ,Left ,-1 ,0  ,-2 ,+2 ,+10 ,-22 ,-5 ,-2
58.7509366 ,Left ,-2 ,+4 ,+13 ,+5 ,-10 ,-1 ,+2 ,-1
58.7509395 ,Left ,-2 ,-1 ,-6 ,+4 ,-4 ,-1 ,-4 ,0 
58.7516777 ,Left ,-1 ,+1 ,-3 ,-10 ,-8 ,-2 ,0  ,-2
58.7516808 ,Left ,-2 ,-4 ,-4 ,+11 ,+19 ,+10 ,+3 ,0 
58.7738409 ,Left ,+1 ,-3 ,+2 ,-27 ,-6 ,+6 ,-1 ,0 
58.7738441 ,Left ,-1 ,0  ,-2 ,+19 ,+3 ,-3 ,-2 ,-2
58.7746243 ,Left ,-2 ,-2 ,-9 ,-4 ,-6 ,-2 ,0  ,-2
58.7746273 ,Left ,0  ,-3 ,-2 ,0  ,-2 ,+4 ,+3 ,-1
58.7884012 ,Left ,+1 ,+1 ,+2 ,0  ,+26 ,+4 ,+2 ,-1
58.788404 ,Left ,+4 ,+1 ,+1 ,-1 ,-9 ,+3 ,-1 ,0 
58.7891978 ,Left ,-1 ,-2 ,-1 ,-4 ,-9 ,-5 ,-1 ,-2
58.7892006 ,Left ,0  ,-1 ,+1 ,+18 ,+4 ,+5 ,-1 ,-1
58.8107868 ,Left ,-1 ,-5 ,-13 ,-48 ,-6 ,-5 ,-1 ,-1
58.8107896 ,Left ,-3 ,-2 ,+6 ,+23 ,+3 ,-5 ,-2 ,-3
58.8114725 ,Left ,-1 ,-5 ,-3 ,+6 ,+1 ,-5 ,-4 ,0 
58.811475 ,Left ,0  ,+8 ,+10 ,+12 ,-2 ,-1 ,-2 ,-1
58.8340407 ,Left ,-2 ,+1 ,-9 ,+13 ,-11 ,-4 ,-1 ,0 
58.8340436 ,Left ,-3 ,-1 ,+2 ,-18 ,+2 ,-3 ,-2 ,-1
58.8348526 ,Left ,-1 ,-3 ,-10 ,-1 ,-7 ,+1 ,-1 ,-1
58.8348597 ,Left ,-2 ,-6 ,-10 ,-19 ,+1 ,-1 ,-3 ,0 
58.8483625 ,Left ,-1 ,-2 ,+1 ,+10 ,-6 ,-5 ,0  ,-1
58.8483654 ,Left ,0  ,+1 ,-1 ,+8 ,-1 ,+2 ,0  ,+2
58.8489681 ,Left ,+1 ,+2 ,+8 ,-4 ,+9 ,-1 ,+1 ,0 
58.8489708 ,Left ,0  ,0  ,-3 ,+6 ,+5 ,-2 ,-3 ,-1
58.8709144 ,Left ,-1 ,-1 ,+7 ,+13 ,-3 ,-2 ,-2 ,-3
58.8709173 ,Left ,-2 ,-7 ,-8 ,0  ,+5 ,-2 ,-2 ,-2
58.8716895 ,Left ,0  ,+1 ,-7 ,-13 ,-38 ,-1 ,0  ,-1
58.8716928 ,Left ,+2 ,+2 ,-5 ,-12 ,+1 ,+5 ,-9 ,+1
58.8938693 ,Left ,-1 ,-1 ,+7 ,+5 ,-3 ,-5 ,+14 ,-1
58.8938724 ,Left ,-1 ,+1 ,+1 ,+15 ,-9 ,+2 ,+1 ,0 
58.8947117 ,Left ,-2 ,-3 ,-2 ,+19 ,+48 ,-1 ,-3 ,-3
58.8947147 ,Left ,+2 ,+1 ,0  ,-14 ,-6 ,+6 ,0  ,0 
58.9082707 ,Left ,-3 ,-1 ,0  ,+6 ,-2 ,-4 ,-6 ,-1
58.9082743 ,Left ,0  ,-1 ,+1 ,0  ,-4 ,-3 ,0  ,0 
58.9089597 ,Left ,+1 ,+2 ,0  ,+3 ,-5 ,-1 ,-1 ,+1
58.9089631 ,Left ,-3 ,-3 ,-3 ,-7 ,-2 ,-4 ,+2 ,-1
58.9307452 ,Left ,0  ,-1 ,+4 ,+9 ,+4 ,+1 ,-4 ,-2
58.9307486 ,Left ,-1 ,+1 ,-4 ,-11 ,-1 ,-2 ,-1 ,-1
58.9314374 ,Left ,-3 ,-2 ,-2 ,+1 ,-4 ,-1 ,-3 ,0 
58.9314403 ,Left ,0  ,0  ,-6 ,-9 ,+22 ,+1 ,+2 ,-1
58.9541117 ,Left ,0  ,+2 ,+15 ,+6 ,-24 ,-1 ,+1 ,0 
58.9541147 ,Left ,-2 ,-9 ,-9 ,-13 ,-1 ,-2 ,-5 ,-2
58.9548528 ,Left ,+1 ,+2 ,-3 ,+15 ,-2 ,+3 ,+1 ,0 
58.9548559 ,Left ,-2 ,-3 ,+2 ,+7 ,+3 ,+7 ,+2 ,+1
58.9681952 ,Left ,-4 ,-4 ,-6 ,-8 ,+4 ,0  ,-2 ,-1
58.9681982 ,Left ,+4 ,+7 ,+3 ,-1 ,+4 ,+3 ,-1 ,0 
58.9689184 ,Left ,-1 ,-1 ,+1 ,+2 ,-8 ,-4 ,-1 ,0 
58.9689209 ,Left ,0  ,-2 ,+4 ,+7 ,+14 ,+2 ,0  ,-2
58.9908346 ,Left ,-4 ,-4 ,-13 ,+1 ,-4 ,-1 ,-5 ,0 
58.9908376 ,Left ,+1 ,0  ,+4 ,-1 ,0  ,-3 ,+1 ,-2
58.9915215 ,Left ,-4 ,-4 ,-6 ,-1 ,-1 ,0  ,-2 ,-4
58.9915245 ,Left ,+2 ,+2 ,+3 ,+9 ,-14 ,-6 ,-2 ,-1
59.0140838 ,Left ,0  ,0  ,-1 ,-14 ,+13 ,+1 ,+1 ,+1
59.0140869 ,Left ,0  ,-2 ,+2 ,+10 ,+11 ,-2 ,-1 ,-3
59.0148561 ,Left ,-1 ,-1 ,+1 ,-25 ,-5 ,-5 ,0  ,-1
59.0148591 ,Left ,-1 ,+1 ,-1 ,+1 ,-11 ,+4 ,+2 ,-1
59.0282006 ,Left ,-3 ,-3 ,0  ,+5 ,+11 ,-22 ,-7 ,-3
59.0282035 ,Left ,+1 ,+3 ,+1 ,+14 ,-2 ,+5 ,+2 ,+3
59.0289706 ,Left ,0  ,0  ,-3 ,-47 ,-4 ,-1 ,-1 ,0 
59.0289733 ,Left ,0  ,-1 ,+7 ,+14 ,+2 ,-7 ,0  ,-2
59.0589342 ,Left ,-2 ,-4 ,-19 ,-16 ,-6 ,+7 ,-2 ,-1
59.0589371 ,Left ,-2 ,-2 ,-1 ,-7 ,-2 ,-2 ,-1 ,0 
59.0596447 ,Left ,-1 ,-1 ,+5 ,+20 ,-19 ,-4 ,-1 ,-1
59.0596473 ,Left ,-1 ,-2 ,-1 ,+1 ,+24 ,+1 ,-1 ,0 
59.0739244 ,Left ,+2 ,+1 ,+3 ,-10 ,-20 ,0  ,0  ,0 
59.0739274 ,Left ,0  ,+1 ,-5 ,-20 ,+10 ,0  ,+1 ,-1
59.0745731 ,Left ,-2 ,-1 ,+1 ,+33 ,-10 ,0  ,-1 ,0 
59.0746222 ,Left ,-3 ,-4 ,-4 ,-11 ,-11 ,-4 ,+1 ,0 
59.0883193 ,Left ,0  ,-3 ,+2 ,0  ,0  ,+4 ,0  ,+1
59.0883227 ,Left ,-1 ,-3 ,0  ,-1 ,+6 ,-1 ,-3 ,-2
59.089144 ,Left ,+2 ,+6 ,+5 ,+9 ,+2 ,0  ,+1 ,+1
59.0891464 ,Left ,+1 ,+1 ,-8 ,+4 ,-5 ,-2 ,0  ,+1
59.1106666 ,Left ,-2 ,-3 ,-2 ,-56 ,-19 ,-4 ,-2 ,-2
59.1106695 ,Left ,-4 ,-4 ,-6 ,-13 ,-2 ,-1 ,0  ,-3
59.1114512 ,Left ,0  ,-4 ,-5 ,+10 ,+14 ,-2 ,-2 ,-1
59.1114538 ,Left ,-2 ,-3 ,-2 ,-8 ,-10 ,-4 ,-2 ,-2
59.1338643 ,Left ,0  ,+3 ,-4 ,+8 ,0  ,+3 ,0  ,-1
59.133867 ,Left ,-3 ,-1 ,+3 ,+13 ,-8 ,-3 ,0  ,-1
59.1346306 ,Left ,-1 ,-3 ,-1 ,-35 ,+1 ,+1 ,0  ,-2
59.1346332 ,Left ,-5 ,-3 ,-6 ,+15 ,-21 ,-3 ,0  ,-2
59.1481657 ,Left ,0  ,-1 ,+5 ,+40 ,+21 ,+3 ,-1 ,-2
59.1481684 ,Left ,0  ,0  ,+2 ,+10 ,-6 ,0  ,-3 ,0 
59.1489081 ,Left ,-2 ,-5 ,-3 ,+14 ,+26 ,0  ,-1 ,-1
59.1489105 ,Left ,+1 ,+3 ,-7 ,-27 ,-15 ,-1 ,0  ,0 
59.1711377 ,Left ,0  ,+1 ,-1 ,+7 ,-1 ,+6 ,+1 ,-1
59.1711401 ,Left ,0  ,0  ,+2 ,+1 ,-3 ,-5 ,-2 ,0 
59.1719463 ,Left ,0  ,+1 ,+2 ,+15 ,+4 ,-3 ,-2 ,0 
59.1719486 ,Left ,0  ,-3 ,-1 ,-12 ,-3 ,-2 ,-2 ,0 
59.1938942 ,Left ,-2 ,0  ,+3 ,-35 ,-15 ,-4 ,-1 ,-1
59.1938969 ,Left ,-2 ,0  ,-6 ,-3 ,+6 ,+4 ,-5 ,0 
59.1946611 ,Left ,-2 ,-4 ,-5 ,-4 ,-9 ,-2 ,+13 ,-1
59.1946636 ,Left ,0  ,-1 ,+2 ,+2 ,0  ,-1 ,-4 ,-2
59.2077341 ,Left ,+1 ,+1 ,+2 ,+10 ,+4 ,+2 ,-1 ,-1
59.2077398 ,Left ,-1 ,-1 ,-7 ,-13 ,-2 ,0  ,+1 ,0 
59.2160015 ,Left ,-3 ,0  ,0  ,-2 ,-6 ,-3 ,-6 ,-1
59.2160045 ,Left ,-3 ,-3 ,+2 ,+14 ,-7 ,-3 ,-1 ,-3
59.2309379 ,Left ,-1 ,-1 ,-1 ,+4 ,+17 ,-1 ,+1 ,-2
59.2309421 ,Left ,0  ,-1 ,-2 ,-5 ,-4 ,+5 ,0  ,0 
59.231679 ,Left ,+1 ,+1 ,-2 ,-1 ,+21 ,+9 ,-2 ,+1
59.2316895 ,Left ,-2 ,-1 ,+2 ,+1 ,-24 ,-5 ,+1 ,-2
59.2540893 ,Left ,-1 ,-1 ,-12 ,-16 ,-18 ,-2 ,-3 ,-1
59.2540929 ,Left ,-3 ,0  ,+6 ,+26 ,-8 ,-3 ,0  ,-2
59.2548429 ,Left ,-2 ,-4 ,-7 ,-39 ,+11 ,+5 ,-2 ,-1
59.2548458 ,Left ,-1 ,+1 ,+8 ,+19 ,+7 ,-1 ,0  ,-3
59.2687564 ,Left ,-1 ,-2 ,+4 ,-1 ,0  ,-2 ,-1 ,+1
59.268927 ,Left ,+1 ,+4 ,+2 ,+6 ,-8 ,+1 ,0  ,+1
59.2694373 ,Left ,-1 ,-4 ,-19 ,-17 ,-14 ,+3 ,+1 ,-3
59.2695949 ,Left ,-1 ,-1 ,-3 ,-17 ,+5 ,-22 ,-6 ,-1
59.2908233 ,Left ,-3 ,0  ,+5 ,+17 ,+4 ,-5 ,-1 ,-1
59.290828 ,Left ,-2 ,-4 ,-9 ,-6 ,-8 ,-2 ,-1 ,-2
59.2914694 ,Left ,+1 ,+4 ,+15 ,+25 ,+1 ,-3 ,-2 ,-1
59.2915574 ,Left ,-3 ,-3 ,-6 ,-28 ,+5 ,+4 ,0  ,0 
59.3139537 ,Left ,0  ,-1 ,-3 ,+13 ,+2 ,+3 ,+2 ,+1
59.313957 ,Left ,+1 ,-1 ,+3 ,-10 ,+27 ,0  ,-1 ,+2
59.3146935 ,Left ,0  ,+2 ,-4 ,+28 ,-13 ,-3 ,-3 ,0 
59.3146965 ,Left ,-3 ,-3 ,-1 ,-59 ,-3 ,+3 ,0  ,-2
59.3274589 ,Left ,-1 ,+3 ,+6 ,+1 ,-2 ,-3 ,-2 ,-1
59.3274618 ,Left ,-3 ,-5 ,-4 ,+13 ,-3 ,-1 ,0  ,-2
59.3359376 ,Left ,-1 ,-3 ,0  ,-4 ,+22 ,-2 ,-3 ,-2
59.3359414 ,Left ,+1 ,+1 ,+6 ,+39 ,+6 ,0  ,-1 ,-1
59.3506189 ,Left ,-1 ,+1 ,-2 ,-18 ,+11 ,0  ,-1 ,-1
59.3506216 ,Left ,0  ,-1 ,-7 ,+8 ,-21 ,-5 ,-2 ,-1
59.3514251 ,Left ,-1 ,-1 ,+1 ,-6 ,-9 ,-1 ,-2 ,0 
59.3515212 ,Left ,0  ,+2 ,+3 ,+4 ,-1 ,+2 ,+3 ,+1
59.3736027 ,Left ,+1 ,0  ,+1 ,0  ,+1 ,-1 ,-2 ,0 
59.3736052 ,Left ,-3 ,-8 ,-14 ,-12 ,+1 ,+1 ,-1 ,-2
59.3745952 ,Left ,0  ,+2 ,-4 ,+5 ,-7 ,-5 ,-2 ,-2
59.3745989 ,Left ,+1 ,+1 ,+6 ,+11 ,+2 ,+2 ,-1 ,+1
59.3877116 ,Left ,-2 ,-2 ,+1 ,+18 ,-5 ,0  ,-1 ,-1
59.3877144 ,Left ,-1 ,-2 ,-9 ,-76 ,-10 ,-3 ,-2 ,0 
59.3957281 ,Left ,-3 ,-8 ,-5 ,-15 ,-8 ,-2 ,-4 ,-2
59.3957306 ,Left ,0  ,+4 ,-4 ,-5 ,+5 ,+2 ,+1 ,+1
59.4106946 ,Left ,0  ,+6 ,+18 ,+44 ,-5 ,-1 ,+1 ,-2
59.4107433 ,Left ,0  ,+1 ,-19 ,-28 ,-11 ,0  ,+1 ,0 
59.4115082 ,Left ,-2 ,-4 ,+3 ,+25 ,-8 ,-2 ,-1 ,-1
59.4115106 ,Left ,-2 ,-3 ,-5 ,-1 ,+7 ,+7 ,0  ,-2
59.4338443 ,Left ,-3 ,-3 ,0  ,+16 ,-4 ,-2 ,-1 ,0 
59.433847 ,Left ,-1 ,+2 ,+12 ,-10 ,+7 ,0  ,-1 ,-2
59.4346501 ,Left ,-1 ,+3 ,+4 ,+2 ,-5 ,+1 ,+1 ,+1
59.4346727 ,Left ,-2 ,-3 ,-9 ,+10 ,+2 ,-1 ,0  ,0 
59.4482 ,Left ,-1 ,0  ,+6 ,-9 ,+7 ,+3 ,+2 ,-1
59.4482027 ,Left ,-1 ,-2 ,-1 ,+6 ,-2 ,-4 ,-1 ,-2
59.4560021 ,Left ,-1 ,+1 ,-6 ,-11 ,0  ,-3 ,+1 ,0 
59.4560053 ,Left ,0  ,-3 ,+1 ,+4 ,-4 ,+1 ,-1 ,-2
59.4708699 ,Left ,-2 ,-5 ,-10 ,-16 ,-2 ,0  ,-1 ,-2
59.4708727 ,Left ,-1 ,-1 ,+4 ,+22 ,+16 ,-7 ,-3 ,+1
59.4716861 ,Left ,-3 ,-1 ,+1 ,-8 ,-28 ,-12 ,-1 ,-4
59.4716889 ,Left ,0  ,-3 ,-6 ,+2 ,+5 ,-24 ,+2 ,-1
59.4940796 ,Left ,+2 ,-1 ,-6 ,-25 ,-2 ,+1 ,+5 ,-4
59.4940825 ,Left ,-9 ,-7 ,-3 ,+48 ,-5 ,+20 ,-24 ,+3
59.494868 ,Left ,+5 ,+2 ,-3 ,-33 ,0  ,+12 ,+15 ,-7
59.4948708 ,Left ,+1 ,+1 ,+9 ,+46 ,+7 ,+24 ,+43 ,+3
59.5077575 ,Left ,-1 ,-1 ,-7 ,-20 ,-3 ,-27 ,-47 ,-4
59.5077681 ,Left ,-5 ,+1 ,+3 ,-11 ,+1 ,+9 ,+19 ,-7
59.515711 ,Left ,+7 ,+1 ,+1 ,-5 ,+5 ,+3 ,-42 ,+3
59.5157137 ,Left ,-2 ,-2 ,-7 ,-5 ,0  ,+7 ,0  ,-4
59.5306452 ,Left ,-4 ,-7 ,-5 ,-16 ,-4 ,0  ,-7 ,-8
59.530648 ,Left ,+2 ,-2 ,+1 ,+6 ,+3 ,+15 ,+80 ,+17
59.5314492 ,Left ,-6 ,-3 ,-2 ,+4 ,-5 ,-13 ,-29 ,-12
59.5314517 ,Left ,0  ,+3 ,+7 ,+8 ,+23 ,-16 ,-18 ,0 
59.5538301 ,Left ,+6 ,-1 ,-2 ,+11 ,-46 ,-4 ,+13 ,-1
59.553833 ,Left ,0  ,+1 ,0  ,-4 ,+8 ,-9 ,-19 ,-3
59.5546099 ,Left ,-5 ,-3 ,-1 ,+9 ,+4 ,-35 ,+37 ,-1
59.5546123 ,Left ,-1 ,-4 ,-10 ,-78 ,-12 ,+7 ,+4 ,+9
59.5677738 ,Left ,-2 ,+2 ,+7 ,+75 ,+12 ,+1 ,+8 ,-2
59.5677766 ,Left ,-1 ,-3 ,-1 ,+1 ,-11 ,-4 ,-17 ,-4
59.5759036 ,Left ,+1 ,+4 ,-4 ,+3 ,-17 ,+2 ,+1 ,0 
59.5759324 ,Left ,-6 ,-4 ,+4 ,+11 ,+14 ,-5 ,-19 ,-6
59.5909057 ,Left ,-1 ,-3 ,+1 ,-22 ,+13 ,+3 ,+3 ,+3
59.5909088 ,Left ,+4 ,+5 ,0  ,+8 ,-4 ,-6 ,-10 ,-1
59.5914649 ,Left ,-3 ,-2 ,-10 ,-38 ,+5 ,+5 ,+3 ,+1
59.5915513 ,Left ,-2 ,+10 ,+52 ,+47 ,-14 ,-6 ,-1 ,-3
59.6140481 ,Left ,0  ,-10 ,-34 ,-18 ,+3 ,+14 ,+6 ,+3
59.6140587 ,Left ,+2 ,+7 ,+7 ,+10 ,+10 ,-5 ,-4 ,-3
59.6146621 ,Left ,-1 ,-4 ,+19 ,+7 ,-4 ,+1 ,+1 ,-1
59.6146648 ,Left ,0  ,-4 ,-2 ,+7 ,-8 ,+5 ,-5 ,+1
59.6364448 ,Left ,-2 ,+3 ,+9 ,-13 ,+4 ,-3 ,+1 ,-3
59.6364475 ,Left ,0  ,+1 ,-21 ,-20 ,-8 ,-6 ,-13 ,-3
59.6370439 ,Left ,-3 ,-3 ,-7 ,+1 ,+6 ,+5 ,0  ,+2
59.6370792 ,Left ,0  ,+1 ,+13 ,+9 ,-6 ,-2 ,-5 ,0 
59.650606 ,Left ,0  ,+6 ,+26 ,+57 ,+6 ,-1 ,+1 ,+1
59.6506087 ,Left ,-3 ,-6 ,-16 ,-27 ,+2 ,-5 ,-5 ,-4
59.6582858 ,Left ,+1 ,+2 ,+12 ,+17 ,+1 ,+7 ,0  ,+2
59.6582889 ,Left ,0  ,0  ,-7 ,+1 ,-2 ,-4 ,0  ,-2
59.6740155 ,Left ,-1 ,-4 ,-28 ,-26 ,-3 ,+1 ,+5 ,0 
59.6740194 ,Left ,0  ,+2 ,+13 ,+22 ,+4 ,+2 ,-1 ,0 
59.6748227 ,Left ,-2 ,-6 ,-2 ,-2 ,0  ,-1 ,-1 ,0 
59.6748254 ,Left ,0  ,-1 ,-22 ,-25 ,-12 ,-3 ,-5 ,-3
59.6965163 ,Left ,-1 ,0  ,+2 ,+2 ,+2 ,0  ,0  ,+1
59.696519 ,Left ,-2 ,-3 ,+15 ,-6 ,-2 ,-4 ,-6 ,-6
59.69718 ,Left ,+4 ,+3 ,+6 ,+30 ,+7 ,+5 ,+1 ,-3
59.6971826 ,Left ,0  ,-4 ,-23 ,-28 ,-4 ,+3 ,-1 ,-4
59.7106989 ,Left ,-1 ,-1 ,+3 ,-24 ,-2 ,+2 ,+6 ,+1
59.7107016 ,Left ,-1 ,0  ,+2 ,-22 ,-6 ,+21 ,-14 ,-2
59.7114761 ,Left ,-5 ,-4 ,-8 ,+21 ,+3 ,-44 ,-16 ,-10
59.7114785 ,Left ,-1 ,-3 ,-14 ,-64 ,-1 ,+3 ,+8 ,+9
59.7337915 ,Left ,-3 ,-4 ,+1 ,+54 ,+5 ,-3 ,+1 ,-2
59.7338242 ,Left ,+1 ,-1 ,-1 ,+2 ,-2 ,-5 ,-4 ,-3
59.7346223 ,Left ,-1 ,+4 ,-2 ,-12 ,0  ,+19 ,0  ,+4
59.7346249 ,Left ,-2 ,-1 ,-2 ,-15 ,+6 ,-3 ,+1 ,-6
59.7563408 ,Left ,-4 ,-2 ,0  ,+17 ,+1 ,-11 ,-6 ,-2
59.7563438 ,Left ,+1 ,-1 ,0  ,-8 ,-5 ,0  ,+5 ,+7
59.7572144 ,Left ,-1 ,-1 ,-1 ,0  ,+2 ,-4 ,-1 ,-7
59.7572175 ,Left ,0  ,0  ,0  ,+9 ,+2 ,+6 ,+1 ,-1
59.7703718 ,Left ,-1 ,+1 ,-4 ,-42 ,-12 ,+4 ,+3 ,+2
59.7704683 ,Left ,-2 ,-2 ,-4 ,+35 ,+9 ,-13 ,-2 ,-2
59.7785208 ,Left ,-1 ,-2 ,-5 ,-18 ,-1 ,+7 ,+5 ,+2
59.778524 ,Left ,0  ,0  ,-4 ,+3 ,-4 ,-3 ,-7 ,-2
59.7941033 ,Left ,0  ,+4 ,+6 ,-16 ,-3 ,-1 ,-2 ,0 
59.7941064 ,Left ,0  ,-3 ,+8 ,+15 ,-3 ,-3 ,-2 ,-4
59.7948587 ,Left ,-2 ,+1 ,-8 ,-19 ,-2 ,+4 ,+2 ,+5
59.7948618 ,Left ,-4 ,-7 ,-6 ,+8 ,+22 ,-4 ,0  ,0 
59.8162574 ,Left ,+1 ,-4 ,-2 ,-11 ,-12 ,+6 ,-3 ,-2
59.8162603 ,Left ,0  ,+4 ,+16 ,+14 ,+20 ,-8 ,-8 ,+1
59.8171402 ,Left ,-1 ,-3 ,-3 ,+32 ,-5 ,+16 ,+22 ,-1
59.8171429 ,Left ,-6 ,-1 ,-16 ,-8 ,-4 ,-23 ,-14 ,-4
59.8309759 ,Left ,+8 ,+3 ,+5 ,-18 ,0  ,-9 ,-7 ,-2
59.8309789 ,Left ,-2 ,-5 ,-7 ,+15 ,0  ,+8 ,-4 ,-2
59.8317362 ,Left ,-1 ,0  ,-5 ,-32 ,-3 ,-8 ,+3 ,+3
59.8317478 ,Left ,-2 ,-2 ,+8 ,+52 ,-4 ,+3 ,-2 ,-11
59.854049 ,Left ,-9 ,0  ,+1 ,-8 ,+3 ,+10 ,-14 ,+12
59.854052 ,Left ,+4 ,-2 ,-7 ,-22 ,-16 ,-8 ,+32 ,+2
59.8548724 ,Left ,-4 ,-3 ,-2 ,-17 ,+1 ,+7 ,-30 ,+1
59.8548755 ,Left ,+4 ,-1 ,-4 ,+10 ,-13 ,+3 ,-28 ,+5
59.8765397 ,Left ,-10 ,+1 ,-2 ,-2 ,+7 ,-27 ,-3 ,-31
59.8765429 ,Left ,+9 ,-1 ,0  ,+1 ,+14 ,+1 ,-10 ,+29
59.8772653 ,Left ,-1 ,-2 ,-1 ,+11 ,-14 ,-6 ,-25 ,-5
59.8772678 ,Left ,-2 ,0  ,-2 ,-16 ,-6 ,+29 ,+53 ,+3
59.8910253 ,Left ,-2 ,-3 ,+1 ,+32 ,+9 ,-10 ,-23 ,-3
59.8910522 ,Left ,-2 ,0  ,-4 ,-21 ,-6 ,-13 ,-9 ,-10
59.8918488 ,Left ,0  ,-1 ,0  ,+54 ,-12 ,-3 ,+12 ,-2
59.8918514 ,Left ,0  ,+1 ,-3 ,-4 ,+4 ,-2 ,-2 ,0 
59.9140726 ,Left ,+2 ,-3 ,-8 ,-4 ,-10 ,+8 ,+20 ,+4
59.9140759 ,Left ,-5 ,-2 ,-5 ,-55 ,-13 ,-4 ,+4 ,-8
59.91471 ,Left ,-1 ,-6 ,+9 ,-8 ,+12 ,-3 ,+1 ,+2
59.9147269 ,Left ,+2 ,+5 ,-1 ,-19 ,-4 ,-3 ,-6 ,-6
59.9363857 ,Left ,+4 ,+2 ,+17 ,+57 ,-1 ,+6 ,+4 ,+5
59.9363882 ,Left ,-5 ,-7 ,-41 ,-43 ,+15 ,-8 ,-13 ,-7
59.9374469 ,Left ,+4 ,+15 ,+47 ,+51 ,-5 ,+10 ,+7 ,+3
59.9374497 ,Left ,0  ,-2 ,-25 ,-64 ,-30 ,-6 ,-4 ,+1
59.9509469 ,Left ,-1 ,+4 ,+21 ,-5 ,+40 ,0  ,+1 ,-2
59.9509499 ,Left ,-4 ,-4 ,+4 ,+42 ,-17 ,+2 ,-1 ,-6
59.9516957 ,Left ,+1 ,+2 ,+7 ,-18 ,+6 ,+2 ,+4 ,-1
59.9516985 ,Left ,-3 ,-16 ,-55 ,-7 ,+13 ,-2 ,0  ,-1
59.9738068 ,Left ,+3 ,+3 ,+23 ,-21 ,-8 ,-1 ,+1 ,+4
59.9738306 ,Left ,-6 ,-7 ,-16 ,-17 ,-15 ,-1 ,0  ,-6
59.974507 ,Left ,0  ,0  ,+7 ,+6 ,+21 ,+2 ,+1 ,0 
59.9745743 ,Left ,0  ,+2 ,+29 ,+27 ,-5 ,-6 ,-8 ,0 
59.9961957 ,Left ,-4 ,-5 ,-3 ,-6 ,-17 ,+10 ,+4 ,+3
59.9961981 ,Left ,+1 ,+4 ,+10 ,+29 ,+9 ,-2 ,-1 ,-2
59.9969426 ,Left ,-2 ,-8 ,-39 ,-79 ,-24 ,-3 ,0  ,-1
59.9969451 ,Left ,+1 ,-1 ,+20 ,+74 ,+5 ,-4 ,-1 ,-1
60.0109795 ,Left ,-2 ,-1 ,-12 ,0  ,-4 ,+18 ,+1 ,0 
60.0109827 ,Left ,+1 ,+5 ,+37 ,+25 ,-13 ,-16 ,+10 ,0 
60.0115301 ,Left ,-3 ,-3 ,-26 ,-25 ,+5 ,-2 ,+2 ,+2
60.0115324 ,Left ,-1 ,+1 ,+4 ,-10 ,-16 ,-1 ,-3 ,-1
60.0340111 ,Left ,+1 ,+2 ,+7 ,+42 ,+29 ,+6 ,-14 ,-4
60.0340143 ,Left ,-2 ,-1 ,-7 ,-27 ,-1 ,+9 ,+8 ,+10
60.0348801 ,Left ,-1 ,-7 ,-11 ,+36 ,-3 ,+25 ,-7 ,-17
60.0348831 ,Left ,-3 ,+2 ,+7 ,+39 ,+19 ,+4 ,+1 ,+3
60.0563422 ,Left ,-3 ,-6 ,-15 ,-35 ,-15 ,-47 ,-5 ,-8
60.0563448 ,Left ,-1 ,0  ,-4 ,-19 ,+8 ,+43 ,+76 ,-24
60.0571358 ,Left ,-7 ,-1 ,0  ,+5 ,+7 ,-8 ,-11 ,+39
60.0571383 ,Left ,+9 ,+3 ,+18 ,+12 ,-6 ,-31 ,-9 ,+10
60.0708335 ,Left ,-5 ,-6 ,-21 ,-36 ,-15 ,+20 ,-56 ,-14
60.0708366 ,Left ,-5 ,+3 ,+7 ,+38 ,+8 ,-25 ,+11 ,-7
60.0717052 ,Left ,+8 ,+1 ,+5 ,-13 ,-8 ,+8 ,-3 ,+2
60.0717082 ,Left ,0  ,-2 ,-4 ,-10 ,+9 ,+15 ,+22 ,-4
60.1013577 ,Left ,-3 ,-5 ,-12 ,-22 ,-11 ,+12 ,+35 ,+3
60.1013611 ,Left ,-2 ,-4 ,-2 ,+5 ,-7 ,+3 ,-24 ,0 
60.1021758 ,Left ,-5 ,+2 ,+7 ,+17 ,+9 ,-3 ,+14 ,-8
60.1021788 ,Left ,-2 ,-2 ,-5 ,-28 ,-8 ,-5 ,-51 ,-6
60.1164679 ,Left ,-4 ,-6 ,-12 ,-7 ,+6 ,-2 ,+22 ,-10
60.1164713 ,Left ,0  ,+2 ,+10 ,+14 ,0  ,-1 ,-13 ,+4
60.117399 ,Left ,+1 ,-2 ,+3 ,+36 ,+3 ,+9 ,+6 ,-3
60.1174025 ,Left ,-5 ,-4 ,-11 ,-10 ,-10 ,-4 ,+13 ,-5
60.1307125 ,Left ,+3 ,0  ,-10 ,-5 ,-9 ,-9 ,+3 ,+8
60.1307158 ,Left ,+1 ,-2 ,+10 ,-17 ,-4 ,-6 ,-28 ,+3
60.1314471 ,Left ,0  ,+1 ,-5 ,-22 ,-2 ,-16 ,-5 ,-7
60.1314583 ,Left ,-1 ,+11 ,+4 ,-7 ,+1 ,-3 ,0  ,0 
60.1539329 ,Left ,-1 ,-4 ,+3 ,+13 ,-18 ,0  ,-3 ,+4
60.1539355 ,Left ,+4 ,+11 ,+17 ,+31 ,-4 ,-4 ,-11 ,+1
60.1549104 ,Left ,-3 ,-6 ,-8 ,-32 ,-1 ,-7 ,+4 ,-7
60.1549139 ,Left ,-3 ,-9 ,-9 ,+36 ,+8 ,+8 ,+7 ,-2
60.1764878 ,Left ,+4 ,0  ,+3 ,-47 ,+2 ,-2 ,+5 ,+5
60.1764911 ,Left ,-6 ,-5 ,-2 ,-5 ,+4 ,-1 ,-5 ,-1
60.1775219 ,Left ,+1 ,+10 ,+32 ,-8 ,-7 ,-6 ,-1 ,-3
60.1775255 ,Left ,-2 ,-8 ,-16 ,+2 ,+6 ,+1 ,-4 ,+1
60.190934 ,Left ,+2 ,+5 ,+30 ,+31 ,+2 ,-9 ,-1 ,0 
60.1909374 ,Left ,-2 ,-10 ,-42 ,-20 ,+2 ,+3 ,-8 ,+1
60.1915702 ,Left ,-2 ,-5 ,-10 ,+21 ,-13 ,-4 ,-7 ,-3
60.1915733 ,Left ,0  ,+7 ,+47 ,-12 ,+10 ,+11 ,-2 ,-1
60.2134038 ,Left ,-4 ,-1 ,-15 ,-23 ,-8 ,-11 ,+20 ,-4
60.2134071 ,Left ,+1 ,+1 ,+27 ,+58 ,+14 ,-1 ,+12 ,+3
60.214073 ,Left ,-3 ,-6 ,-36 ,-90 ,-23 ,+4 ,+15 ,0 
60.214076 ,Left ,-1 ,0  ,+5 ,+9 ,-27 ,-1 ,-70 ,-8
60.2363488 ,Left ,0  ,+3 ,+4 ,+17 ,+3 ,+4 ,+20 ,+6
60.2363519 ,Left ,+2 ,+3 ,+12 ,+10 ,+15 ,-2 ,-8 ,+1
60.2374361 ,Left ,-2 ,-2 ,-2 ,-12 ,-4 ,-12 ,+6 ,-3
60.2374397 ,Left ,-3 ,-7 ,-24 ,-29 ,+1 ,-11 ,-8 ,-2
60.2500437 ,Left ,+1 ,+1 ,+3 ,+22 ,-1 ,-4 ,-7 ,+3
60.2500466 ,Left ,-2 ,0  ,-14 ,-44 ,-8 ,0  ,-16 ,-6
60.2578617 ,Left ,-1 ,-5 ,-6 ,+13 ,-2 ,-15 ,-16 ,-5
60.2578998 ,Left ,-5 ,+1 ,+4 ,-15 ,-9 ,+5 ,+31 ,-3
60.2735131 ,Left ,-1 ,-2 ,-9 ,+6 ,+3 ,+26 ,-15 ,+5
60.2735158 ,Left ,+2 ,-2 ,-12 ,-22 ,-10 ,-3 ,+34 ,+3
60.2740208 ,Left ,0  ,0  ,+16 ,+68 ,+13 ,+6 ,-35 ,-3
60.2740238 ,Left ,+1 ,-1 ,-5 ,-58 ,-15 ,+9 ,+26 ,+8
60.2963464 ,Left ,-3 ,-3 ,-11 ,-7 ,+27 ,+5 ,-4 ,-4
60.2963489 ,Left ,-4 ,-5 ,-9 ,-7 ,-35 ,-17 ,-5 ,-2
60.2971824 ,Left ,-1 ,+4 ,+13 ,+25 ,+3 ,-7 ,-18 ,+4
60.2971849 ,Left ,0  ,+2 ,-7 ,+3 ,+6 ,-18 ,-11 ,-1
60.3099769 ,Left ,+1 ,-1 ,-3 ,+12 ,+2 ,+5 ,+20 ,+2
60.3099798 ,Left ,-1 ,0  ,-1 ,-8 ,-5 ,-21 ,+57 ,+4
60.3183922 ,Left ,-4 ,-5 ,-8 ,-12 ,+4 ,-5 ,-81 ,-19
60.3183963 ,Left ,0  ,-3 ,0  ,+21 ,-21 ,+11 ,+29 ,-2
60.3338943 ,Left ,-5 ,-1 ,-7 ,-24 ,+10 ,-8 ,-2 ,-9
60.3338972 ,Left ,+5 ,+4 ,+7 ,+15 ,+3 ,0  ,-21 ,+2
60.334917 ,Left ,-1 ,+2 ,0  ,-42 ,+4 ,+4 ,+50 ,+3
60.3349206 ,Left ,0  ,0  ,0  ,+25 ,+24 ,-11 ,-1 ,+1
60.3565373 ,Left ,-1 ,-1 ,-1 ,-15 ,-17 ,-3 ,-18 ,-3
60.3565405 ,Left ,-1 ,-4 ,-3 ,-12 ,+5 ,+9 ,-16 ,-2
60.3573695 ,Left ,+1 ,-4 ,-8 ,+7 ,+7 ,-3 ,+34 ,+6
60.3573727 ,Left ,-5 ,-10 ,-10 ,-58 ,-31 ,-4 ,-12 ,-7
60.3700915 ,Left ,+5 ,+11 ,+28 ,+42 ,0  ,-9 ,+8 ,+8
60.3700941 ,Left ,-2 ,+3 ,-29 ,+13 ,+24 ,+5 ,-22 ,-3
60.3782448 ,Left ,0  ,-2 ,-1 ,-11 ,-12 ,+6 ,+12 ,0 
60.3782473 ,Left ,-6 ,-7 ,+2 ,+25 ,+8 ,-2 ,+6 ,-3
60.3932468 ,Left ,-2 ,-3 ,+1 ,+3 ,-8 ,-4 ,-7 ,-3
60.3932496 ,Left ,-5 ,-13 ,-32 ,-11 ,-8 ,+8 ,-14 ,-2
60.3939603 ,Left ,+2 ,+9 ,+36 ,+24 ,+7 ,+3 ,+3 ,+1
60.3939627 ,Left ,+4 ,+2 ,-25 ,-1 ,+3 ,0  ,+10 ,+1
60.4165487 ,Left ,-3 ,-6 ,+11 ,-6 ,-2 ,-4 ,-5 ,+1
60.4165517 ,Left ,0  ,+2 ,+1 ,+20 ,+2 ,+3 ,-12 ,-3
60.4173151 ,Left ,-2 ,-11 ,-50 ,-34 ,-4 ,+4 ,+14 ,-1
60.4173181 ,Left ,0  ,0  ,+1 ,-1 ,+7 ,-29 ,-10 ,-2
60.4302978 ,Left ,+1 ,+4 ,+6 ,+6 ,-6 ,-1 ,-2 ,+1
60.4303011 ,Left ,0  ,+2 ,+30 ,+31 ,-1 ,+5 ,-8 ,-3
60.4378011 ,Left ,-2 ,+1 ,+6 ,-9 ,+2 ,+15 ,+9 ,+2
60.4378247 ,Left ,0  ,+4 ,+11 ,+27 ,+2 ,-14 ,0  ,+1
60.4527819 ,Left ,0  ,-5 ,-20 ,-24 ,-1 ,+6 ,0  ,-1
60.4527847 ,Left ,-6 ,-4 ,+1 ,-13 ,-5 ,-3 ,-9 ,-15
60.4616783 ,Left ,+10 ,-1 ,+1 ,+9 ,+1 ,-5 ,+3 ,+19
60.4616813 ,Left ,-4 ,+1 ,0  ,-2 ,+4 ,+9 ,-5 ,-6
60.4765217 ,Left ,+4 ,-1 ,-11 ,-8 ,-5 ,-22 ,-2 ,0 
60.4765247 ,Left ,-1 ,-1 ,+4 ,+3 ,-2 ,+10 ,+9 ,+2
60.4780445 ,Left ,-4 ,-2 ,-2 ,-3 ,-1 ,-14 ,-3 ,-7
60.4780472 ,Left ,0  ,+1 ,+6 ,-6 ,+2 ,+18 ,+14 ,+5
60.4990978 ,Left ,-4 ,-6 ,-9 ,+22 ,+1 ,-6 ,-4 ,-3
60.499101 ,Left ,+2 ,+3 ,+5 ,-11 ,-1 ,+6 ,+14 ,+1
60.5005382 ,Left ,-4 ,-3 ,-2 ,+4 ,0  ,+8 ,+3 ,-4
60.5005551 ,Left ,+1 ,+1 ,+2 ,+2 ,-1 ,-3 ,0  ,-7
60.512881 ,Left ,-6 ,-2 ,-6 ,-9 ,-2 ,+1 ,+1 ,-5
60.5128847 ,Left ,-1 ,-4 ,-3 ,-4 ,-1 ,+6 ,-8 ,+3
60.5214687 ,Left ,-2 ,+1 ,-1 ,+4 ,-1 ,+6 ,+5 ,-5
60.521472 ,Left ,-2 ,-3 ,+1 ,-4 ,+2 ,0  ,-8 ,+2
60.5438755 ,Left ,+1 ,0  ,-4 ,+27 ,0  ,+7 ,+17 ,-1
60.5438785 ,Left ,+1 ,-2 ,-4 ,-37 ,-8 ,-11 ,-8 ,-2
60.5455647 ,Left ,-1 ,-2 ,+7 ,+35 ,+3 ,-2 ,-6 ,-2
60.5455697 ,Left ,-1 ,-3 ,+6 ,+7 ,+3 ,+8 ,+2 ,0 
60.5589769 ,Left ,0  ,-2 ,-11 ,-32 ,-3 ,+3 ,-7 ,0 
60.5589801 ,Left ,-2 ,-2 ,0  ,+4 ,-5 ,-3 ,-5 ,-2
60.5605121 ,Left ,-1 ,+2 ,+10 ,0  ,+2 ,-6 ,+3 ,-2
60.560515 ,Left ,-3 ,-6 ,-28 ,-13 ,-4 ,+6 ,+1 ,+1
60.5726253 ,Left ,0  ,0  ,+7 ,+12 ,+5 ,-20 ,-1 ,-1
60.5726358 ,Left ,0  ,+1 ,+15 ,+11 ,+3 ,0  ,-1 ,+2
60.5816509 ,Left ,-1 ,-5 ,-20 ,-36 ,-15 ,-20 ,-5 ,+1
60.5816586 ,Left ,+1 ,+4 ,+17 ,+52 ,+36 ,+5 ,-2 ,-2
60.5964405 ,Left ,-2 ,0  ,-1 ,-39 ,-22 ,+4 ,-3 ,0 
60.5964438 ,Left ,-2 ,-2 ,-2 ,-13 ,-9 ,-1 ,-6 ,-3
60.5979414 ,Left ,-3 ,-2 ,+5 ,+16 ,+11 ,-7 ,-3 ,-2
60.5979445 ,Left ,+1 ,+3 ,-2 ,-28 ,-12 ,+1 ,+5 ,+3
60.6189582 ,Left ,+1 ,0  ,-7 ,-8 ,0  ,+4 ,-4 ,-1
60.6189616 ,Left ,-2 ,-3 ,-3 ,+1 ,-3 ,-8 ,-4 ,0 
60.6205896 ,Left ,0  ,0  ,+13 ,+31 ,-2 ,+9 ,-1 ,-2
60.6205929 ,Left ,0  ,0  ,-4 ,-8 ,-6 ,-5 ,-1 ,0 
60.6338506 ,Left ,+2 ,0  ,0  ,+10 ,+3 ,+4 ,-1 ,0 
60.6338532 ,Left ,+1 ,+1 ,-7 ,+4 ,-6 ,-6 ,-2 ,0 
60.6347728 ,Left ,-5 ,-2 ,+1 ,+2 ,+4 ,+4 ,-11 ,-4
60.6347751 ,Left ,0  ,-1 ,+9 ,+11 ,-6 ,-18 ,+2 ,+4
60.6566143 ,Left ,0  ,-2 ,+1 ,-2 ,+10 ,+2 ,-3 ,-1
60.6566171 ,Left ,-2 ,-6 ,-11 ,-2 ,-3 ,-5 ,+11 ,+4
60.6581161 ,Left ,0  ,0  ,-7 ,-41 ,-3 ,+4 ,-43 ,-8
60.6581188 ,Left ,+1 ,-1 ,+6 ,+26 ,+3 ,-9 ,+7 ,-3
60.6788942 ,Left ,-7 ,+1 ,+7 ,-5 ,-18 ,-20 ,+7 ,-8
60.6789174 ,Left ,+9 ,+5 ,+13 ,+58 ,+4 ,+19 ,+79 ,+5
60.6803859 ,Left ,-2 ,-2 ,-10 ,-11 ,+7 ,+15 ,-43 ,-16
60.6804077 ,Left ,+3 ,+4 ,+1 ,-17 ,-18 ,+5 ,+6 ,+14
60.6926131 ,Left ,-4 ,-3 ,-6 ,+5 ,+15 ,+6 ,-20 ,-6
60.6926161 ,Left ,+3 ,-1 ,-2 ,-12 ,-9 ,+8 ,-1 ,+4
60.7015981 ,Left ,+3 ,+2 ,+5 ,-5 ,+3 ,-1 ,+26 ,+15
60.7016012 ,Left ,-4 ,-4 ,-1 ,+14 ,-1 ,-36 ,+7 ,-12
60.71551 ,Left ,-3 ,-5 ,-10 ,+1 ,-2 ,+2 ,-47 ,0 
60.7155128 ,Left ,-4 ,-2 ,-1 ,-17 ,+32 ,-5 ,+8 ,-3
60.7238951 ,Left ,+6 ,+6 ,+3 ,-19 ,-24 ,-5 ,+27 ,+6
60.7238976 ,Left ,-3 ,-2 ,-6 ,-13 ,-1 ,+18 ,-29 ,-4
60.7389927 ,Left ,-3 ,-1 ,+6 ,+24 ,+9 ,-4 ,+30 ,+7
60.7389955 ,Left ,-7 ,-2 ,-6 ,-27 ,+14 ,-9 ,-78 ,-15
60.7405386 ,Left ,-3 ,-6 ,-10 ,-18 ,-5 ,-7 ,+2 ,+2
60.7405419 ,Left ,-1 ,-3 ,+6 ,+29 ,+3 ,+4 ,+10 ,+1
60.7525318 ,Left ,+2 ,-6 ,-23 ,-10 ,-15 ,+3 ,+8 ,+2
60.7525344 ,Left ,+2 ,+3 ,+18 ,+18 ,-16 ,-2 ,0  ,+3
60.7615437 ,Left ,-1 ,+19 ,+6 ,-13 ,+12 ,-2 ,+15 ,-2
60.761636 ,Left ,-8 ,-23 ,-28 ,-43 ,-16 ,+4 ,-6 ,-5
60.7765091 ,Left ,+1 ,+10 ,+19 ,+31 ,+10 ,+4 ,+5 ,-2
60.7765124 ,Left ,+2 ,-5 ,-30 ,-22 ,-6 ,-5 ,-19 ,-3
60.7780163 ,Left ,-2 ,+2 ,+61 ,+15 ,-9 ,-5 ,+3 ,+1
60.7780195 ,Left ,-1 ,+10 ,-34 ,-21 ,+3 ,+2 ,+4 ,-2
60.7990534 ,Left ,-2 ,-16 ,-23 ,-28 ,-8 ,-3 ,-3 ,-1
60.7990565 ,Left ,-7 ,-6 ,-18 ,-37 ,-7 ,-10 ,-3 ,-4
60.8005685 ,Left ,-5 ,-12 ,-30 ,+38 ,-7 ,-3 ,+5 ,-3
60.8005713 ,Left ,+2 ,+1 ,+21 ,+18 ,+4 ,+6 ,+1 ,+2
60.8125456 ,Left ,+1 ,+13 ,+45 ,+27 ,+7 ,+2 ,+4 ,0 
60.8125482 ,Left ,-1 ,0  ,-13 ,-25 ,-11 ,-1 ,0  ,+1
60.8215978 ,Left ,0  ,-7 ,-13 ,+13 ,-14 ,-1 ,+3 ,-3
60.8216007 ,Left ,+1 ,+3 ,+13 ,-16 ,0  ,-1 ,-6 ,-3
60.8370876 ,Left ,+2 ,0  ,-14 ,-14 ,+5 ,+7 ,+3 ,+3
60.8370905 ,Left ,-1 ,+2 ,+21 ,+33 ,-3 ,-13 ,-2 ,+2
60.838485 ,Left ,0  ,-1 ,-9 ,+7 ,+5 ,-3 ,+1 ,0 
60.8384879 ,Left ,-1 ,-1 ,-13 ,-23 ,+6 ,+3 ,+1 ,-2
60.8589618 ,Left ,-1 ,+1 ,+7 ,+1 ,-12 ,-2 ,+1 ,-1
60.8589705 ,Left ,-4 ,-4 ,-2 ,+15 ,-1 ,+2 ,-1 ,-3
60.8604136 ,Left ,-3 ,-5 ,-13 ,-23 ,+2 ,-1 ,+2 ,-3
60.8604166 ,Left ,+2 ,+2 ,+17 ,+35 ,+8 ,0  ,-1 ,+4
60.8727897 ,Left ,-1 ,-7 ,-13 ,+7 ,-11 ,+3 ,-1 ,-2
60.8727924 ,Left ,-1 ,+6 ,+11 ,+13 ,+4 ,+2 ,-3 ,0 
60.8815549 ,Left ,-3 ,-4 ,-16 ,+17 ,-7 ,-7 ,0  ,-3
60.8815582 ,Left ,-2 ,-1 ,+4 ,-9 ,-12 ,+1 ,-5 ,-9
60.896368 ,Left ,-1 ,-2 ,-3 ,+5 ,+1 ,-12 ,+1 ,+15
60.8963936 ,Left ,-1 ,-3 ,-9 ,-25 ,0  ,+3 ,-5 ,0 
60.8980329 ,Left ,0  ,+6 ,+11 ,+8 ,-3 ,-2 ,+19 ,+3
60.8980436 ,Left ,+1 ,+1 ,+5 ,+41 ,+9 ,+2 ,+1 ,-5
60.9189539 ,Left ,-3 ,-8 ,-18 ,-92 ,-9 ,-1 ,-10 ,-5
60.9189567 ,Left ,+1 ,0  ,+10 ,+26 ,-14 ,-21 ,-9 ,-14
60.9206001 ,Left ,-6 ,-2 ,-2 ,-9 ,+8 ,+10 ,+3 ,-8
60.9206046 ,Left ,+5 ,-1 ,-1 ,+6 ,-5 ,+10 ,-5 ,+7
60.9324646 ,Left ,-1 ,+1 ,-1 ,+4 ,+3 ,-16 ,-1 ,-1
60.9324671 ,Left ,-4 ,-1 ,+2 ,-1 ,+4 ,+1 ,-6 ,-13
60.9416554 ,Left ,-2 ,-3 ,-6 ,-2 ,+1 ,-23 ,-57 ,+24
60.941658 ,Left ,-5 ,+1 ,-2 ,-29 ,-5 ,+4 ,+21 ,-4
60.956371 ,Left ,+5 ,0  ,+2 ,+15 ,-9 ,+12 ,-11 ,-4
60.9563742 ,Left ,-2 ,-1 ,+1 ,0  ,+13 ,+13 ,+8 ,-3
60.9579539 ,Left ,-6 ,-5 ,-5 ,-7 ,-4 ,+30 ,-16 ,-18
60.9579563 ,Left ,+1 ,-4 ,0  ,-7 ,-10 ,-17 ,-9 ,+9
60.986543 ,Left ,+4 ,+6 ,-1 ,-4 ,+9 ,0  ,+8 ,0 
60.9865458 ,Left ,-1 ,-1 ,+4 ,+40 ,+6 ,+14 ,+6 ,+7
60.9880168 ,Left ,+4 ,0  ,-4 ,-30 ,+7 ,+11 ,+1 ,-3
60.9880195 ,Left ,-7 ,-5 ,-2 ,-2 ,-28 ,-2 ,0  ,-8
61.0018571 ,Left ,-3 ,+2 ,+9 ,-32 ,-4 ,+12 ,+9 ,-3
61.0018597 ,Left ,+2 ,+3 ,-11 ,+57 ,+13 ,-12 ,-4 ,+5
61.0034089 ,Left ,0  ,-6 ,-1 ,+37 ,+3 ,-7 ,+13 ,-1
61.0034114 ,Left ,-2 ,-6 ,-5 ,-36 ,+8 ,0  ,-6 ,-4
61.0156932 ,Left ,-5 ,-5 ,+4 ,+24 ,0  ,-8 ,-6 ,-3
61.0156966 ,Left ,+1 ,+4 ,-3 ,-9 ,-14 ,0  ,+1 ,+5
61.022579 ,Left ,0  ,+5 ,+14 ,+12 ,+3 ,-9 ,+7 ,-2
61.0225817 ,Left ,-3 ,-3 ,-23 ,-27 ,+3 ,+1 ,-1 ,-1
61.0390229 ,Left ,-1 ,-3 ,-7 ,-9 ,+5 ,0  ,+1 ,+2
61.0390261 ,Left ,-2 ,-6 ,+20 ,+16 ,0  ,0  ,+3 ,+2
61.040533 ,Left ,-1 ,-5 ,-1 ,+17 ,+1 ,0  ,+7 ,-4
61.0405357 ,Left ,+1 ,+6 ,-8 ,-29 ,-4 ,-4 ,-3 ,+1
61.0525254 ,Left ,0  ,+2 ,+16 ,+28 ,+7 ,0  ,+1 ,-1
61.0525278 ,Left ,-3 ,-2 ,-19 ,-74 ,-12 ,-2 ,+6 ,-4
61.0614382 ,Left ,0  ,-2 ,-26 ,-4 ,-1 ,-5 ,-7 ,-2
61.0615191 ,Left ,-2 ,-4 ,-2 ,+30 ,+2 ,+1 ,-4 ,-1
61.0765393 ,Left ,+1 ,+2 ,+10 ,+7 ,+1 ,-5 ,-5 ,-4
61.076542 ,Left ,+1 ,+7 ,+61 ,+37 ,+2 ,+8 ,+4 ,+1
61.0780704 ,Left ,-2 ,-8 ,-38 ,-68 ,+3 ,-8 ,+8 ,+2
61.0780731 ,Left ,-4 ,-6 ,-21 ,+10 ,0  ,-24 ,-5 ,-1
61.0988681 ,Left ,-2 ,-3 ,-7 ,+16 ,-4 ,-14 ,-20 ,-7
61.098871 ,Left ,+1 ,+3 ,+27 ,+17 ,-3 ,-5 ,-1 ,+3
61.1004706 ,Left ,+2 ,+4 ,+14 ,-38 ,-6 ,+2 ,+8 ,+2
61.100473 ,Left ,+1 ,+7 ,+21 ,+38 ,+10 ,+6 ,0  ,0 
61.1213654 ,Left ,-4 ,-7 ,-21 ,-38 ,-5 ,0  ,+1 ,-1
61.1213682 ,Left ,-3 ,-4 ,-22 ,+22 ,+2 ,+2 ,-3 ,0 
61.1230292 ,Left ,-1 ,-1 ,+3 ,-8 ,-3 ,-4 ,+3 ,-1
61.1230323 ,Left ,-1 ,-2 ,-5 ,-13 ,+2 ,+4 ,+1 ,-1
61.1352218 ,Left ,-1 ,+2 ,+11 ,+35 ,-4 ,+3 ,+5 ,-2
61.135238 ,Left ,-4 ,-11 ,-28 ,-62 ,-9 ,-3 ,-4 ,-2
61.1439065 ,Left ,+1 ,+1 ,+5 ,+18 ,+3 ,+3 ,+2 ,0 
61.143929 ,Left ,-1 ,+3 ,+18 ,+5 ,-1 ,-2 ,-1 ,-2
61.1595142 ,Left ,-4 ,-5 ,-11 ,+6 ,+4 ,+1 ,+5 ,0 
61.1595171 ,Left ,-2 ,-3 ,-14 ,-18 ,-6 ,-4 ,-4 ,0 
61.1652351 ,Left ,-2 ,-2 ,+2 ,+8 ,-3 ,-4 ,0  ,-2
61.1652381 ,Left ,+2 ,+9 ,+17 ,+16 ,+4 ,+5 ,+2 ,-1
61.1723956 ,Left ,-1 ,-4 ,-15 ,-66 ,-11 ,-4 ,+2 ,-2
61.1725025 ,Left ,-1 ,-1 ,-17 ,-3 ,+2 ,-3 ,-2 ,0 
61.1815763 ,Left ,-2 ,0  ,+10 ,+21 ,-12 ,-2 ,0  ,-1
61.1815793 ,Left ,-1 ,-2 ,+8 ,+1 ,+22 ,+4 ,-1 ,-3
61.1964753 ,Left ,0  ,-1 ,-2 ,+13 ,-2 ,+1 ,+2 ,-1
61.1964781 ,Left ,+1 ,+2 ,+6 ,-4 ,+1 ,-3 ,-1 ,0 
61.1979394 ,Left ,-3 ,-4 ,-4 ,-6 ,-4 ,-2 ,+1 ,-2
61.1979417 ,Left ,+2 ,+1 ,+2 ,+8 ,-1 ,-2 ,0  ,0 
61.2189177 ,Left ,+2 ,+3 ,-7 ,+5 ,+1 ,+2 ,0  ,+2
61.218921 ,Left ,-2 ,+2 ,+24 ,-6 ,+1 ,-4 ,-1 ,-2
61.2204439 ,Left ,-1 ,-9 ,-30 ,-61 ,-12 ,-3 ,-5 ,-5
61.2204464 ,Left ,-2 ,-4 ,-9 ,-29 ,-17 ,-5 ,-5 ,0 
61.2325544 ,Left ,-3 ,-1 ,-1 ,+17 ,+12 ,+8 ,+2 ,+1
61.232557 ,Left ,0  ,-2 ,-3 ,-11 ,+3 ,-19 ,-9 ,-1
61.2415812 ,Left ,-2 ,+5 ,+19 ,+27 ,+4 ,+1 ,+2 ,0 
61.2415845 ,Left ,0  ,-2 ,+3 ,+5 ,-6 ,0  ,+2 ,+1
61.2563478 ,Left ,0  ,+3 ,-5 ,-18 ,-3 ,+2 ,-3 ,0 
61.2563506 ,Left ,-2 ,-3 ,-6 ,+8 ,-2 ,+3 ,0  ,-1
61.2579149 ,Left ,+1 ,+1 ,+1 ,+14 ,+5 ,-2 ,-2 ,0 
61.2579191 ,Left ,+1 ,+2 ,-7 ,-7 ,-4 ,0  ,-2 ,+1
61.2788667 ,Left ,-1 ,-1 ,+1 ,+18 ,+4 ,-3 ,+1 ,-1
61.2788696 ,Left ,-3 ,-2 ,-6 ,-5 ,+2 ,+2 ,-1 ,-2
61.2804585 ,Left ,-2 ,+2 ,+14 ,+37 ,+2 ,-2 ,+1 ,-2
61.2804609 ,Left ,-3 ,-4 ,-18 ,-59 ,-4 ,+2 ,0  ,-2
61.2927345 ,Left ,-1 ,-4 ,+17 ,+58 ,-4 ,-3 ,-2 ,-2
61.2927375 ,Left ,-1 ,-5 ,-54 ,-62 ,-9 ,0  ,-1 ,-1
61.3014781 ,Left ,0  ,+3 ,+8 ,+37 ,+7 ,+1 ,-4 ,-1
61.3015368 ,Left ,-1 ,-1 ,+18 ,+1 ,-6 ,-2 ,-1 ,-1
61.3164505 ,Left ,+1 ,+3 ,+2 ,-3 ,-1 ,-4 ,0  ,-2
61.3164536 ,Left ,-1 ,-3 ,+2 ,+8 ,-2 ,+3 ,+1 ,0 
61.3179152 ,Left ,+2 ,+1 ,-2 ,+19 ,+7 ,+2 ,+3 ,+1
61.317918 ,Left ,-1 ,-2 ,-2 ,-20 ,-5 ,-2 ,-2 ,-2
61.3390515 ,Left ,-3 ,-7 ,-9 ,-8 ,+18 ,-2 ,-1 ,0 
61.3390546 ,Left ,-1 ,0  ,+7 ,+7 ,-37 ,0  ,-2 ,0 
61.3405003 ,Left ,+1 ,+3 ,-1 ,-18 ,0  ,+3 ,+3 ,0 
61.3405033 ,Left ,-2 ,-2 ,+1 ,+15 ,+3 ,+9 ,0  ,-2
61.352612 ,Left ,-2 ,-5 ,-15 ,-16 ,-7 ,-5 ,-2 ,-3
61.3526149 ,Left ,-1 ,-1 ,+4 ,+11 ,+10 ,+15 ,+3 ,-1
61.3616128 ,Left ,-1 ,0  ,+6 ,-10 ,0  ,-27 ,-19 ,0 
61.3616163 ,Left ,-1 ,0  ,-7 ,+6 ,-7 ,+5 ,+8 ,+1
61.376315 ,Left ,+1 ,+1 ,+5 ,-3 ,+5 ,+2 ,-1 ,-1
61.3763178 ,Left ,-1 ,+2 ,+6 ,+40 ,+10 ,+3 ,+1 ,-2
61.3779082 ,Left ,-1 ,-5 ,-10 ,-36 ,-13 ,+4 ,+1 ,-3
61.3779835 ,Left ,-1 ,-1 ,-1 ,+17 ,+8 ,-4 ,-4 ,-2
61.3988375 ,Left ,0  ,-1 ,+1 ,-8 ,-13 ,-3 ,-1 ,0 
61.39884 ,Left ,+2 ,+4 ,+11 ,+29 ,+14 ,-9 ,-2 ,-1
61.4004519 ,Left ,-3 ,0  ,-1 ,+3 ,-1 ,+4 ,+4 ,-2
61.4004542 ,Left ,-2 ,-4 ,+3 ,+14 ,+4 ,-7 ,-3 ,-2
61.4125764 ,Left ,-1 ,+1 ,-13 ,-43 ,-8 ,+2 ,+4 ,0 
61.4125787 ,Left ,-2 ,-2 ,-3 ,-12 ,-3 ,+1 ,-2 ,-2
61.4214935 ,Left ,-1 ,-4 ,-5 ,+2 ,+5 ,-1 ,+2 ,+1
61.4214961 ,Left ,+1 ,+3 ,+2 ,+3 ,-3 ,-1 ,-2 ,-2
61.4365171 ,Left ,-1 ,0  ,+4 ,+12 ,+2 ,+3 ,-3 ,-1
61.43652 ,Left ,0  ,-1 ,+1 ,-7 ,+8 ,-2 ,0  ,-2
61.4380792 ,Left ,-1 ,-2 ,+1 ,-7 ,+3 ,+3 ,0  ,-1
61.438082 ,Left ,-1 ,-6 ,0  ,+21 ,-5 ,-4 ,-1 ,0 
61.4589373 ,Left ,-1 ,0  ,-1 ,-14 ,+7 ,-2 ,-1 ,+1
61.4589401 ,Left ,+2 ,+4 ,+8 ,+33 ,-4 ,-1 ,+1 ,0 
61.4604057 ,Left ,-3 ,-6 ,-2 ,-4 ,+18 ,+2 ,0  ,-4
61.4604857 ,Left ,+1 ,+2 ,-11 ,-6 ,-2 ,-1 ,-2 ,-2
61.4728472 ,Left ,-4 ,-5 ,-1 ,+7 ,-6 ,-2 ,-3 ,-1
61.4728502 ,Left ,-2 ,+1 ,-4 ,-17 ,0  ,+9 ,+3 ,+1
61.4816513 ,Left ,-1 ,+1 ,+3 ,+2 ,-10 ,-23 ,-5 ,0 
61.4816543 ,Left ,-1 ,-1 ,0  ,+6 ,-1 ,0  ,-1 ,-1
61.4965136 ,Left ,-1 ,-2 ,0  ,+1 ,+4 ,+1 ,-2 ,-2
61.4965169 ,Left ,-3 ,-4 ,-3 ,-21 ,-8 ,-3 ,-2 ,-1
61.4980434 ,Left ,0  ,0  ,-3 ,+3 ,-1 ,+8 ,+2 ,0 
61.4980467 ,Left ,0  ,0  ,-1 ,-10 ,+2 ,-1 ,-3 ,-2
61.5189871 ,Left ,-1 ,-3 ,+1 ,+10 ,-2 ,-2 ,0  ,0 
61.51899 ,Left ,-1 ,-3 ,-2 ,-45 ,-43 ,-8 ,-1 ,-2
61.5205769 ,Left ,0  ,+3 ,+9 ,+22 ,-1 ,+15 ,+4 ,-1
61.5205798 ,Left ,-4 ,-8 ,-17 ,-11 ,+1 ,-33 ,-9 ,-2
61.5414785 ,Left ,0  ,+2 ,+1 ,+8 ,-7 ,+3 ,+2 ,-1
61.5414814 ,Left ,0  ,0  ,-2 ,-7 ,+16 ,+1 ,-2 ,+1
61.5430592 ,Left ,-2 ,0  ,+3 ,-1 ,0  ,+2 ,+3 ,-1
61.5430621 ,Left ,-1 ,0  ,+4 ,-4 ,-16 ,+5 ,+2 ,+1
61.5563936 ,Left ,-2 ,-1 ,-2 ,+3 ,+6 ,-1 ,-1 ,-2
61.5563969 ,Left ,-2 ,-4 ,-4 ,+5 ,+4 ,-6 ,-1 ,-3
61.5578782 ,Left ,+2 ,-3 ,-7 ,-8 ,+11 ,+1 ,0  ,-1
61.5579407 ,Left ,-1 ,-1 ,+1 ,-2 ,+4 ,+5 ,-1 ,0 
61.5790081 ,Left ,-1 ,-5 ,-4 ,+4 ,-7 ,-6 ,-4 ,-2
61.579011 ,Left ,0  ,+1 ,-3 ,+5 ,+9 ,+2 ,-1 ,0 
61.5804556 ,Left ,0  ,-1 ,-6 ,-7 ,-13 ,-1 ,-1 ,-2
61.5804582 ,Left ,-1 ,-1 ,+4 ,+7 ,-3 ,+3 ,+1 ,+1
61.6015451 ,Left ,0  ,+1 ,+1 ,-15 ,+7 ,+1 ,0  ,+1
61.6015481 ,Left ,-1 ,-2 ,0  ,+2 ,+1 ,-2 ,-2 ,-2
61.603014 ,Left ,0  ,-4 ,-13 ,-55 ,-16 ,-3 ,0  ,0 
61.6030169 ,Left ,-1 ,-1 ,+12 ,+76 ,+13 ,0  ,0  ,0 
61.616516 ,Left ,-3 ,-2 ,-6 ,-4 ,-3 ,-1 ,-1 ,-2
61.6165192 ,Left ,+1 ,-1 ,-3 ,+13 ,+23 ,0  ,-1 ,-4
61.6180667 ,Left ,-1 ,+5 ,+15 ,-3 ,-12 ,-3 ,-1 ,+1
61.6180698 ,Left ,-1 ,-3 ,-8 ,-19 ,+9 ,+4 ,+1 ,-1
61.6388611 ,Left ,0  ,+2 ,+7 ,+19 ,0  ,+1 ,-1 ,0 
61.6388642 ,Left ,0  ,-3 ,0  ,-18 ,-5 ,+4 ,+1 ,+1
61.6404932 ,Left ,-3 ,-2 ,-11 ,+4 ,-12 ,-8 ,-4 ,-1
61.6404959 ,Left ,+1 ,0  ,+5 ,-10 ,-3 ,0  ,0  ,0 
61.661627 ,Left ,-2 ,-1 ,+4 ,-4 ,+1 ,+1 ,-1 ,-1
61.66163 ,Left ,-2 ,-2 ,-7 ,-16 ,-14 ,-5 ,-2 ,-2
61.6630551 ,Left ,+1 ,0  ,+8 ,+17 ,+8 ,+7 ,-2 ,0 
61.663058 ,Left ,-1 ,0  ,0  ,-4 ,-14 ,-3 ,-2 ,+1
61.6757121 ,Left ,-1 ,-5 ,-10 ,-7 ,-6 ,-5 ,-3 ,-4
61.675715 ,Left ,0  ,0  ,+2 ,-12 ,-1 ,+2 ,-1 ,0 
61.6827395 ,Left ,-3 ,-3 ,-3 ,+1 ,+6 ,+1 ,0  ,-1
61.6827424 ,Left ,-2 ,+2 ,0  ,+2 ,-8 ,-1 ,+1 ,-1
61.6989126 ,Left ,0  ,-3 ,-2 ,+8 ,-9 ,-2 ,-1 ,0 
61.6989151 ,Left ,-1 ,0  ,0  ,+9 ,+14 ,-3 ,-1 ,0 
61.7004767 ,Left ,-3 ,-5 ,-1 ,+12 ,+1 ,-1 ,-2 ,-2
61.7004792 ,Left ,+4 ,+3 ,-4 ,-14 ,+9 ,-1 ,-1 ,0 
61.7213984 ,Left ,-3 ,-2 ,0  ,-9 ,-41 ,-4 ,0  ,-3
61.721401 ,Left ,-1 ,+1 ,+7 ,+10 ,-9 ,-3 ,-1 ,-1
61.7229039 ,Left ,0  ,-1 ,-8 ,+26 ,+31 ,+1 ,0  ,0 
61.7229178 ,Left ,-2 ,-3 ,-6 ,-17 ,+8 ,+2 ,0  ,-1
61.7360767 ,Left ,-1 ,-4 ,-10 ,-60 ,-4 ,-2 ,-2 ,-2
61.7360798 ,Left ,0  ,-1 ,0  ,+3 ,+2 ,-3 ,-1 ,-1
61.742759 ,Left ,-1 ,+1 ,+6 ,+3 ,-17 ,-1 ,0  ,0 
61.7427618 ,Left ,-1 ,-2 ,+3 ,-1 ,-2 ,0  ,0  ,-1
61.7589687 ,Left ,0  ,+2 ,+2 ,+16 ,+8 ,-2 ,0  ,+1
61.7589719 ,Left ,-3 ,-3 ,-6 ,-6 ,-3 ,0  ,-2 ,-2
61.7605029 ,Left ,-1 ,-2 ,0  ,+14 ,+1 ,-2 ,-1 ,-2
61.7605064 ,Left ,-2 ,0  ,+2 ,+2 ,-10 ,+7 ,0  ,-2
61.7816433 ,Left ,0  ,-1 ,-8 ,-17 ,+9 ,-18 ,-6 ,0 
61.7816462 ,Left ,-2 ,-1 ,+4 ,+22 ,-4 ,+2 ,+1 ,+1
61.7830101 ,Left ,-1 ,-1 ,-2 ,-8 ,+13 ,+1 ,-5 ,+1
61.7830139 ,Left ,-1 ,-2 ,-2 ,+3 ,+9 ,-4 ,+14 ,-2
61.7957684 ,Left ,0  ,-3 ,0  ,-3 ,+21 ,+4 ,-3 ,-1
61.7957712 ,Left ,-1 ,+1 ,+3 ,-25 ,-9 ,0  ,-2 ,0 
61.8024927 ,Left ,-3 ,-2 ,+3 ,+21 ,-6 ,-2 ,+1 ,-1
61.8024959 ,Left ,-3 ,-7 ,-13 ,-40 ,+1 ,0  ,-7 ,-1
61.8189409 ,Left ,+2 ,+7 ,+5 ,+20 ,+3 ,+5 ,+1 ,0 
61.8189439 ,Left ,-2 ,-2 ,-5 ,+6 ,+2 ,-5 ,0  ,-1
61.8205015 ,Left ,+2 ,+1 ,+1 ,-24 ,-3 ,0  ,-2 ,0 
61.8205041 ,Left ,-2 ,-5 ,0  ,+9 ,-1 ,-1 ,-4 ,-3
61.8414761 ,Left ,0  ,0  ,+1 ,+10 ,-6 ,0  ,0  ,-1
61.8415479 ,Left ,-1 ,-4 ,-8 ,-11 ,-3 ,-3 ,-4 ,-2
61.8430036 ,Left ,0  ,-1 ,-2 ,+10 ,+5 ,+1 ,+1 ,+1
61.8430067 ,Left ,-1 ,0  ,+4 ,-1 ,-17 ,-5 ,-4 ,-1
61.8560386 ,Left ,+1 ,-2 ,-5 ,+6 ,+1 ,+2 ,+1 ,+1
61.8560423 ,Left ,-2 ,-2 ,0  ,-15 ,+1 ,+1 ,-1 ,-1
61.8628411 ,Left ,0  ,0  ,-3 ,-12 ,+21 ,0  ,+1 ,-1
61.8628446 ,Left ,0  ,+1 ,-4 ,+19 ,-17 ,-7 ,-3 ,-3
61.8788634 ,Left ,-4 ,0  ,+1 ,-4 ,-4 ,+2 ,-3 ,-1
61.878867 ,Left ,0  ,+1 ,-4 ,-3 ,+8 ,+9 ,+1 ,+1
61.8804812 ,Left ,-3 ,-2 ,-1 ,+15 ,-1 ,-19 ,-5 ,-3
61.8804846 ,Left ,+1 ,+1 ,+4 ,+16 ,-1 ,0  ,-2 ,-1
61.9016403 ,Left ,-1 ,-1 ,+3 ,+12 ,-3 ,+2 ,+2 ,0 
61.9016434 ,Left ,-1 ,-1 ,-5 ,+4 ,-1 ,-6 ,-2 ,-2
61.9030434 ,Left ,+2 ,+1 ,-3 ,-13 ,-18 ,+4 ,0  ,-1
61.9030469 ,Left ,-1 ,-1 ,+2 ,+17 ,+13 ,+2 ,0  ,+1
61.9157523 ,Left ,+2 ,+2 ,+3 ,+18 ,0  ,+4 ,+2 ,-1
61.9157553 ,Left ,+1 ,-3 ,-7 ,-15 ,+5 ,-12 ,-5 ,-2
61.9225365 ,Left ,0  ,+1 ,+5 ,-8 ,-16 ,+1 ,0  ,-1
61.9225393 ,Left ,-2 ,-1 ,-4 ,-3 ,+3 ,0  ,-2 ,0 
61.9463846 ,Left ,-3 ,-6 ,+4 ,-17 ,+7 ,+6 ,+2 ,0 
61.9463876 ,Left ,+3 ,+7 ,+5 ,+4 ,-2 ,0  ,0  ,0 
61.9480114 ,Left ,-1 ,-1 ,-5 ,-2 ,0  ,-3 ,0  ,+1
61.9480142 ,Left ,0  ,-4 ,-10 ,-26 ,-36 ,-7 ,-2 ,-4
61.9614004 ,Left ,-3 ,-3 ,+3 ,-2 ,-4 ,-4 ,-3 ,-2
61.9614044 ,Left ,0  ,0  ,+2 ,+9 ,+1 ,0  ,-1 ,-1
61.9629302 ,Left ,-2 ,-2 ,-6 ,-12 ,-15 ,-3 ,0  ,-2
61.9629326 ,Left ,-1 ,-1 ,-1 ,-12 ,+4 ,+5 ,+2 ,0 
61.9759681 ,Left ,-1 ,-1 ,-4 ,-27 ,-6 ,-2 ,-1 ,0 
61.9759715 ,Left ,-4 ,-7 ,-2 ,+43 ,-2 ,-4 ,0  ,-2
61.9828105 ,Left ,0  ,-2 ,+4 ,-17 ,-8 ,+2 ,0  ,-1
61.9828133 ,Left ,0  ,0  ,0  ,0  ,+8 ,0  ,-1 ,-1
61.9990678 ,Left ,-1 ,-4 ,-4 ,+7 ,+1 ,-1 ,-2 ,-2
61.9990707 ,Left ,+1 ,+1 ,+4 ,-6 ,+4 ,-2 ,-8 ,0 
62.0005642 ,Left ,-3 ,-4 ,-7 ,-2 ,-17 ,0  ,+16 ,-1
62.0005672 ,Left ,-1 ,0  ,-3 ,+22 ,+9 ,-3 ,-4 ,-1
62.0215751 ,Left ,+1 ,+4 ,+17 ,+24 ,-1 ,-5 ,-2 ,-1
62.0215779 ,Left ,-1 ,-3 ,-9 ,-12 ,+6 ,+5 ,+1 ,+1
62.0230455 ,Left ,-1 ,-2 ,-1 ,+19 ,+18 ,+1 ,-3 ,0 
62.0230485 ,Left ,-6 ,-4 ,-3 ,-33 ,-38 ,0  ,-2 ,-3
62.0350343 ,Left ,0  ,+1 ,-8 ,+2 ,+1 ,-10 ,0  ,0 
62.0350372 ,Left ,0  ,+2 ,+9 ,+20 ,-1 ,0  ,+1 ,0 
62.0439745 ,Left ,-1 ,-2 ,-5 ,-46 ,0  ,+1 ,-5 ,+2
62.0439775 ,Left ,+2 ,+5 ,0  ,-2 ,+10 ,+6 ,+2 ,+2
62.0588882 ,Left ,-3 ,-5 ,-6 ,-3 ,-7 ,0  ,-2 ,-3
62.0589028 ,Left ,-4 ,-10 ,-8 ,-2 ,+8 ,-5 ,-2 ,-4
62.0604807 ,Left ,+1 ,+2 ,+3 ,+2 ,+3 ,0  ,-2 ,-1
62.0604833 ,Left ,-2 ,-6 ,+4 ,+11 ,+9 ,-3 ,-3 ,-2
62.0813649 ,Left ,-2 ,+2 ,-1 ,+9 ,-4 ,-1 ,-2 ,0 
62.0813678 ,Left ,+2 ,+6 ,+9 ,-3 ,-1 ,0  ,+4 ,+2
62.0829449 ,Left ,0  ,-5 ,-22 ,+2 ,-4 ,+1 ,-2 ,-1
62.0829475 ,Left ,+2 ,+1 ,+3 ,-39 ,+5 ,-4 ,-1 ,+1
62.0952847 ,Left ,-4 ,-5 ,-3 ,+3 ,-5 ,-1 ,0  ,-2
62.095288 ,Left ,0  ,0  ,-1 ,-16 ,+12 ,+4 ,+2 ,+1
62.104066 ,Left ,-1 ,+4 ,+14 ,+13 ,-17 ,-3 ,-3 ,0 
62.1040685 ,Left ,+1 ,0  ,-5 ,+10 ,-4 ,-1 ,+1 ,+2
62.119077 ,Left ,0  ,-3 ,-3 ,+2 ,+11 ,+1 ,0  ,-2
62.1190798 ,Left ,-2 ,-5 ,-8 ,-25 ,-8 ,-1 ,-1 ,-1
62.1205596 ,Left ,-2 ,-2 ,-2 ,+5 ,-3 ,-3 ,-2 ,-5
62.1205801 ,Left ,-1 ,-3 ,+2 ,+7 ,+10 ,+1 ,-1 ,-1
62.1415184 ,Left ,0  ,0  ,+7 ,+5 ,-2 ,0  ,-3 ,+1
62.1415211 ,Left ,0  ,+2 ,-11 ,+2 ,-7 ,-1 ,-3 ,-1
62.1430317 ,Left ,-1 ,-3 ,0  ,+5 ,0  ,0  ,-2 ,0 
62.1430345 ,Left ,0  ,-2 ,+1 ,-1 ,-1 ,-1 ,+1 ,+1
62.1552418 ,Left ,0  ,+1 ,+9 ,+19 ,+3 ,-1 ,-1 ,-2
62.1552445 ,Left ,-1 ,-3 ,-7 ,0  ,-10 ,-2 ,+1 ,-1
62.1640219 ,Left ,-4 ,-2 ,-2 ,-6 ,-1 ,+6 ,-1 ,-1
62.1640246 ,Left ,-1 ,+3 ,+1 ,+20 ,+5 ,-26 ,-6 ,-1
62.1790799 ,Left ,0  ,-1 ,-11 ,-46 ,0  ,0  ,-1 ,0 
62.1790826 ,Left ,-2 ,-3 ,+4 ,+10 ,-2 ,-2 ,0  ,-3
62.1804372 ,Left ,+1 ,-3 ,0  ,+5 ,-1 ,+3 ,0  ,-1
62.1804397 ,Left ,-1 ,-1 ,+1 ,0  ,+6 ,+4 ,0  ,+1
62.2016227 ,Left ,0  ,-1 ,-10 ,+15 ,-8 ,-4 ,0  ,-1
62.2016262 ,Left ,-3 ,+2 ,+2 ,-12 ,-4 ,-3 ,0  ,0 
62.2029188 ,Left ,0  ,-2 ,+5 ,+7 ,+1 ,-3 ,-1 ,0 
62.202933 ,Left ,-1 ,-2 ,-9 ,-17 ,-5 ,+3 ,-10 ,-1
62.2150189 ,Left ,0  ,-1 ,-2 ,+10 ,+8 ,-2 ,+17 ,-1
62.2150215 ,Left ,-1 ,-4 ,-4 ,-9 ,-3 ,+10 ,-2 ,-2
62.224017 ,Left ,-4 ,+1 ,0  ,+1 ,-12 ,-33 ,-9 ,-1
62.2240197 ,Left ,-2 ,0  ,+5 ,-3 ,-7 ,+2 ,+2 ,-1
62.2390452 ,Left ,-1 ,-3 ,-5 ,-1 ,+12 ,+4 ,-12 ,-2
62.239048 ,Left ,-1 ,-1 ,-3 ,-19 ,-14 ,-28 ,+3 ,+6
62.2405368 ,Left ,-1 ,0  ,+3 ,+36 ,+28 ,+18 ,-4 ,+2
62.2405395 ,Left ,0  ,+2 ,+5 ,+13 ,-5 ,+14 ,+19 ,+5
62.2614191 ,Left ,-8 ,-5 ,-10 ,-31 ,-9 ,+22 ,-21 ,-11
62.2614222 ,Left ,0  ,0  ,+2 ,+9 ,-8 ,-46 ,-31 ,-12
62.2630249 ,Left ,+5 ,-1 ,-6 ,-15 ,+7 ,-10 ,-13 ,+11
62.2630276 ,Left ,-4 ,+1 ,+1 ,-9 ,+7 ,-1 ,+8 ,+12
62.2750917 ,Left ,+1 ,-1 ,-1 ,+7 ,-4 ,-1 ,-1 ,+2
62.2750948 ,Left ,-5 ,-4 ,+1 ,+23 ,-4 ,+7 ,+53 ,+12
62.2839513 ,Left ,-1 ,+2 ,+2 ,-8 ,+2 ,-14 ,-44 ,-20
62.2839542 ,Left ,0  ,-1 ,-3 ,+14 ,+3 ,-12 ,-5 ,-5
62.2989442 ,Left ,+4 ,+4 ,+3 ,-23 ,+2 ,-7 ,+12 ,+1
62.2989656 ,Left ,-5 ,-2 ,+2 ,+44 ,-36 ,-7 ,+8 ,-9
62.3005882 ,Left ,+6 ,-5 ,-8 ,-34 ,+4 ,+8 ,+18 ,+14
62.3005912 ,Left ,-3 ,-1 ,-8 ,-47 ,-24 ,+4 ,-2 ,-8
62.3215493 ,Left ,-1 ,0  ,+1 ,-14 ,+2 ,-3 ,-2 ,+1
62.3215525 ,Left ,-1 ,-2 ,-4 ,+31 ,+19 ,+16 ,-12 ,+1
62.3230793 ,Left ,-3 ,0  ,+4 ,+5 ,-12 ,+6 ,+6 ,-4
62.3230822 ,Left ,-1 ,-6 ,-8 ,+44 ,+3 ,0  ,-12 ,-9
62.3349985 ,Left ,+4 ,+10 ,+18 ,+12 ,-2 ,-10 ,+7 ,+4
62.3350014 ,Left ,0  ,+2 ,-15 ,-63 ,+2 ,+18 ,-10 ,0 
62.3439646 ,Left ,-4 ,-8 ,-24 ,-37 ,-13 ,-1 ,+9 ,-4
62.3439702 ,Left ,0  ,0  ,+30 ,+20 ,+16 ,-6 ,+5 ,+1
62.3590122 ,Left ,-5 ,-9 ,-48 ,-28 ,+1 ,+1 ,-5 ,0 
62.3590157 ,Left ,-2 ,-11 ,+9 ,+27 ,+2 ,+7 ,-6 ,-5
62.360495 ,Left ,+1 ,+17 ,+40 ,+31 ,+3 ,+5 ,+5 ,+1
62.3604978 ,Left ,+1 ,-7 ,-24 ,-24 ,-2 ,-1 ,-5 ,-1
62.3889844 ,Left ,-1 ,+4 ,+5 ,-12 ,+2 ,+2 ,-2 ,+1
62.3889875 ,Left ,-3 ,-3 ,-5 ,+2 ,-5 ,+5 ,-6 ,-3
62.3905554 ,Left ,-1 ,+7 ,+27 ,-14 ,-5 ,-2 ,+6 ,0 
62.3905586 ,Left ,-1 ,-1 ,-8 ,-7 ,+21 ,+7 ,-2 ,0 
62.39509 ,Left ,-3 ,-5 ,0  ,+22 ,-8 ,-4 ,0  ,-4
62.395093 ,Left ,0  ,+2 ,+1 ,-7 ,+10 ,0  ,+1 ,0 
62.4039452 ,Left ,-1 ,-1 ,+7 ,+33 ,-6 ,0  ,+3 ,0 
62.4039475 ,Left ,-1 ,+4 ,+3 ,-15 ,+2 ,+1 ,0  ,-2
62.4179369 ,Left ,+1 ,-6 ,-9 ,-2 ,-2 ,-4 ,0  ,0 
62.4179396 ,Left ,+1 ,+4 ,+7 ,+6 ,-1 ,+1 ,-3 ,-1
62.4264509 ,Left ,-4 ,-9 ,-32 ,-17 ,-1 ,+1 ,+3 ,-2
62.4265099 ,Left ,0  ,0  ,+2 ,+15 ,-5 ,-3 ,-5 ,-2
62.442059 ,Left ,-1 ,0  ,+5 ,0  ,-4 ,0  ,+2 ,+1
62.4420624 ,Left ,+1 ,0  ,+6 ,-19 ,-3 ,+3 ,0  ,+1
62.4477176 ,Left ,0  ,0  ,0  ,+24 ,+5 ,0  ,+2 ,+1
62.4477205 ,Left ,-6 ,-3 ,-7 ,+27 ,-5 ,-3 ,-5 ,-15
62.4641272 ,Left ,+1 ,+3 ,+9 ,+8 ,-5 ,+1 ,-3 ,+15
62.4641303 ,Left ,-2 ,+2 ,-4 ,-25 ,+10 ,+18 ,0  ,-2
62.4655221 ,Left ,-3 ,-7 ,-10 ,+14 ,-4 ,-43 ,-8 ,0 
62.4655256 ,Left ,-2 ,-1 ,-4 ,-29 ,-13 ,-11 ,-1 ,-2
62.4790782 ,Left ,0  ,0  ,+7 ,+11 ,+1 ,+2 ,+4 ,-4
62.4790809 ,Left ,0  ,-3 ,-6 ,-13 ,+1 ,-4 ,-7 ,-1
62.4805928 ,Left ,-3 ,-3 ,-4 ,+14 ,+4 ,+15 ,+1 ,-4
62.4805956 ,Left ,+3 ,+2 ,+4 ,-15 ,-7 ,+10 ,+8 ,+6
62.5013749 ,Left ,-3 ,-3 ,-1 ,+1 ,0  ,-3 ,-1 ,-16
62.501378 ,Left ,+2 ,0  ,-6 ,-9 ,+3 ,-1 ,+5 ,+13
62.5029467 ,Left ,-1 ,0  ,+2 ,+12 ,-4 ,+3 ,+2 ,+5
62.5029692 ,Left ,0  ,+1 ,0  ,-4 ,-2 ,-4 ,-2 ,+4
62.524111 ,Left ,-1 ,0  ,+8 ,+17 ,+8 ,+3 ,-1 ,-2
62.5241139 ,Left ,0  ,-4 ,-14 ,-10 ,-4 ,-4 ,-2 ,-7
62.5255154 ,Left ,-1 ,+1 ,-1 ,+27 ,-8 ,+3 ,0  ,-4
62.525518 ,Left ,-3 ,-7 ,-2 ,-2 ,-3 ,+6 ,-1 ,+2
62.5390457 ,Left ,0  ,+1 ,+8 ,+11 ,-3 ,-20 ,-5 ,-1
62.5390493 ,Left ,-1 ,0  ,+7 ,-3 ,0  ,0  ,-4 ,-3
62.5404356 ,Left ,-2 ,-1 ,-14 ,-53 ,0  ,+3 ,+3 ,0 
62.5404381 ,Left ,0  ,+6 ,+13 ,+51 ,+5 ,+6 ,+1 ,-2
62.5614802 ,Left ,-2 ,-8 ,-20 ,-58 ,-19 ,0  ,-1 ,-4
62.5614832 ,Left ,+1 ,+2 ,+5 ,-1 ,+2 ,-6 ,-3 ,-1
62.5630431 ,Left ,-1 ,-1 ,-6 ,-15 ,+34 ,+8 ,0  ,-2
62.5630462 ,Left ,-2 ,-1 ,+2 ,-4 ,-12 ,-3 ,-3 ,-3
62.583866 ,Left ,+1 ,+2 ,+1 ,-1 ,+5 ,+8 ,-5 ,0 
62.5838693 ,Left ,-4 ,-5 ,-9 ,-3 ,-5 ,-31 ,-2 ,-4
62.5854492 ,Left ,-2 ,-2 ,0  ,-34 ,+6 ,+6 ,+1 ,-1
62.5854583 ,Left ,+2 ,+1 ,-1 ,+11 ,+3 ,-4 ,-3 ,+2
62.5990568 ,Left ,-2 ,-1 ,+6 ,+17 ,+3 ,-3 ,-9 ,-2
62.5990597 ,Left ,0  ,-2 ,-7 ,-16 ,-8 ,+16 ,-2 ,-2
62.6006074 ,Left ,-1 ,-1 ,+4 ,+19 ,-6 ,-1 ,-1 ,-5
62.60061 ,Left ,-3 ,-2 ,+6 ,-18 ,0  ,-8 ,-4 ,-2
62.6214377 ,Left ,-3 ,-4 ,-15 ,-4 ,-6 ,+7 ,+8 ,0 
62.6214404 ,Left ,+1 ,0  ,+12 ,+36 ,+12 ,+14 ,0  ,0 
62.6230791 ,Left ,-3 ,-5 ,-18 ,-44 ,-18 ,-28 ,-6 ,-3
62.6230819 ,Left ,+1 ,0  ,+7 ,+6 ,+1 ,+6 ,0  ,0 
62.644093 ,Left ,0  ,+1 ,+5 ,-18 ,+2 ,0  ,0  ,+1
62.6440958 ,Left ,-2 ,0  ,+3 ,+21 ,0  ,+2 ,+1 ,0 
62.6455434 ,Left ,-2 ,-1 ,+3 ,+7 ,-2 ,+6 ,+1 ,0 
62.645546 ,Left ,0  ,-2 ,-14 ,-39 ,-11 ,-4 ,0  ,-2
62.6581226 ,Left ,-2 ,-5 ,+2 ,+39 ,+2 ,-13 ,-2 ,-1
62.6581253 ,Left ,-2 ,-1 ,-5 ,-3 ,-2 ,+19 ,+9 ,+1
62.6665374 ,Left ,+1 ,0  ,+2 ,+7 ,-1 ,+14 ,-17 ,-18
62.6665663 ,Left ,+4 ,-1 ,-8 ,-24 ,+5 ,-7 ,+18 ,+21
62.6816798 ,Left ,0  ,-2 ,-1 ,-3 ,-56 ,+2 ,-12 ,0 
62.6816826 ,Left ,-4 ,0  ,-1 ,-4 ,+16 ,-42 ,-10 ,-9
62.6830664 ,Left ,-2 ,-1 ,+2 ,+28 ,+10 ,+25 ,+71 ,+18
62.6830693 ,Left ,-2 ,-4 ,-1 ,+40 ,+3 ,-11 ,-32 ,-22
62.7041003 ,Left ,+4 ,+6 ,+6 ,-70 ,-3 ,+6 ,-12 ,+11
62.7041039 ,Left ,+3 ,+1 ,-6 ,-3 ,-5 ,+5 ,+43 ,+17
62.7054449 ,Left ,-13 ,-9 ,-3 ,+6 ,-20 ,-24 ,-60 ,-19
62.7054495 ,Left ,+2 ,-1 ,-2 ,-2 ,+15 ,-12 ,-21 ,-1
62.718342 ,Left ,-5 ,0  ,-5 ,-1 ,+8 ,+15 ,+33 ,-8
62.7183457 ,Left ,+1 ,+1 ,+2 ,-27 ,-8 ,-7 ,-35 ,-3
62.7251689 ,Left ,+5 ,+1 ,-1 ,+14 ,+9 ,+2 ,+7 ,+9
62.725173 ,Left ,-6 ,-5 ,-4 ,-5 ,-3 ,+3 ,+17 ,+2
62.7415211 ,Left ,-3 ,-2 ,-1 ,-13 ,+11 ,-6 ,-23 ,-12
62.7415248 ,Left ,+1 ,+3 ,+11 ,+71 ,+7 ,+2 ,+6 ,+2
62.7430268 ,Left ,-3 ,-8 ,-25 ,-94 ,-32 ,-4 ,+1 ,-5
62.7430301 ,Left ,-4 ,-13 ,+9 ,+19 ,+20 ,0  ,-7 ,-2
62.7638192 ,Left ,+7 ,+16 ,-5 ,+46 ,+29 ,+3 ,+18 ,+8
62.7638231 ,Left ,-3 ,+2 ,+8 ,-20 ,+3 ,+10 ,-3 ,-6
62.7655038 ,Left ,+1 ,0  ,+8 ,-1 ,-11 ,-13 ,-5 ,+2
62.7655072 ,Left ,-3 ,-2 ,-13 ,-75 ,-22 ,+6 ,-2 ,-3
62.7785789 ,Left ,-4 ,-13 ,-22 ,+45 ,+9 ,-3 ,-2 ,-1
62.7785827 ,Left ,+2 ,+4 ,+29 ,-4 ,-3 ,-4 ,-3 ,+1
62.7852545 ,Left ,-5 ,-9 ,-49 ,-32 ,+6 ,+3 ,-15 ,-3
62.7852581 ,Left ,+1 ,+2 ,+6 ,+19 ,+8 ,+7 ,+9 ,+2
62.8014902 ,Left ,-1 ,-3 ,+20 ,+11 ,-7 ,-8 ,0  ,-4
62.8014932 ,Left ,0  ,+4 ,-8 ,-19 ,-6 ,-1 ,-6 ,-2
62.8030595 ,Left ,+2 ,+3 ,+26 ,+51 ,0  ,+1 ,+9 ,+5
62.8030624 ,Left ,-4 ,0  ,-13 ,+27 ,-2 ,+3 ,+2 ,-4
62.8240042 ,Left ,-1 ,-10 ,-62 ,-66 ,-2 ,+3 ,+2 ,+2
62.8240081 ,Left ,-1 ,-4 ,+19 ,+70 ,-11 ,-12 ,-10 ,-6
62.8254945 ,Left ,+4 ,+5 ,+17 ,-22 ,+14 ,+3 ,+2 ,+2
62.8254973 ,Left ,+1 ,+5 ,+7 ,-2 ,-8 ,0  ,+4 ,+2
62.838156 ,Left ,-2 ,+2 ,+17 ,-9 ,+20 ,+3 ,-7 ,-1
62.8381824 ,Left ,-2 ,-4 ,-18 ,-35 ,-32 ,0  ,+2 ,-1
62.8451294 ,Left ,-2 ,-2 ,-9 ,0  ,-4 ,-4 ,-1 ,0 
62.8451321 ,Left ,0  ,+3 ,-2 ,+20 ,+6 ,0  ,-1 ,-1
62.8615332 ,Left ,-2 ,0  ,+17 ,+34 ,+2 ,-6 ,+1 ,-3
62.861536 ,Left ,-1 ,-5 ,-22 ,-22 ,+3 ,+11 ,+2 ,-12
62.8630662 ,Left ,-1 ,-1 ,+10 ,+31 ,-5 ,-31 ,-8 ,+9
62.8630689 ,Left ,-8 ,0  ,-3 ,-40 ,-11 ,+2 ,+5 ,-2
62.8840653 ,Left ,+9 ,-2 ,+4 ,-11 ,-10 ,-5 ,0  ,-6
62.8840683 ,Left ,-10 ,-2 ,-4 ,-6 ,+4 ,+3 ,+1 ,-14
62.8856634 ,Left ,+7 ,+1 ,+1 ,-28 ,-6 ,-4 ,+4 ,+3
62.8856684 ,Left ,-1 ,0  ,0  ,+22 ,+6 ,+6 ,+7 ,-6
62.898357 ,Left ,-4 ,-1 ,-2 ,-5 ,-8 ,-11 ,+4 ,+27
62.8983597 ,Left ,+2 ,-2 ,-3 ,+17 ,0  ,+15 ,-81 ,-2
62.9053113 ,Left ,-4 ,+1 ,+5 ,+2 ,+8 ,-22 ,+14 ,+1
62.9053145 ,Left ,-4 ,-1 ,-8 ,-17 ,-11 ,+2 ,-41 ,-11
62.9204406 ,Left ,0  ,-2 ,+9 ,+16 ,+2 ,-6 ,+8 ,-6
62.9204434 ,Left ,0  ,-2 ,-1 ,-6 ,0  ,-11 ,+5 ,+4
62.9291282 ,Left ,-3 ,+1 ,-2 ,-4 ,0  ,+54 ,+12 ,0 
62.929131 ,Left ,+6 ,+1 ,+1 ,+5 ,-3 ,-6 ,-9 ,+2
62.9441344 ,Left ,0  ,+1 ,+6 ,+5 ,-7 ,+4 ,-31 ,-12
62.9441373 ,Left ,-2 ,-3 ,-4 ,-11 ,+30 ,+1 ,+46 ,+12
62.9455576 ,Left ,+1 ,+5 ,+1 ,+36 ,-6 ,+2 ,-6 ,-3
62.9455607 ,Left ,+2 ,-1 ,-6 ,-50 ,0  ,-9 ,+20 ,+4
62.9577056 ,Left ,-3 ,-2 ,+10 ,+14 ,+5 ,+8 ,+4 ,-2
62.9577087 ,Left ,-4 ,-7 ,-10 ,+11 ,-12 ,-10 ,+13 ,-4
62.9665211 ,Left ,+1 ,-4 ,-1 ,-26 ,+6 ,-2 ,-8 ,-3
62.9665238 ,Left ,-3 ,-4 ,-20 ,+13 ,-7 ,+6 ,0  ,-2
62.9813868 ,Left ,-2 ,+9 ,+7 ,+21 ,+9 ,-3 ,+1 ,-2
62.9813896 ,Left ,-1 ,-3 ,+5 ,-6 ,-20 ,-8 ,-5 ,+2
62.9829413 ,Left ,-4 ,-4 ,+14 ,+62 ,+10 ,-1 ,-3 ,-5
62.9829436 ,Left ,+2 ,-6 ,-14 ,-44 ,-8 ,-5 ,0  ,+5
63.0040412 ,Left ,-3 ,-4 ,+4 ,+11 ,+10 ,-4 ,+1 ,-4
63.004044 ,Left ,+2 ,+3 ,-23 ,-46 ,-8 ,-4 ,+3 ,0 
63.0054613 ,Left ,-1 ,+1 ,+12 ,+21 ,+34 ,+8 ,-2 ,-2
63.0054637 ,Left ,-2 ,-4 ,-33 ,-14 ,-1 ,-2 ,+5 ,-3
63.0178085 ,Left ,0  ,+3 ,+45 ,+26 ,-7 ,-1 ,+2 ,+1
63.0178113 ,Left ,-5 ,-6 ,-27 ,-25 ,+7 ,+11 ,-1 ,-1
63.0266462 ,Left ,+1 ,0  ,+26 ,+39 ,-15 ,-4 ,-13 ,-2
63.0266489 ,Left ,0  ,0  ,+11 ,+2 ,-12 ,-1 ,+12 ,0 
63.0414664 ,Left ,0  ,-5 ,-45 ,-67 ,0  ,+2 ,+6 ,-1
63.0414771 ,Left ,0  ,+3 ,+25 ,+40 ,-3 ,-4 ,+4 ,+1
63.0429776 ,Left ,+1 ,+7 ,+26 ,-2 ,-18 ,-7 ,-19 ,-1
63.0429804 ,Left ,-1 ,-4 ,-24 ,-2 ,+11 ,+23 ,-2 ,-1
63.0641367 ,Left ,-3 ,0  ,-11 ,+21 ,-16 ,-16 ,+20 ,+1
63.0641398 ,Left ,-1 ,+2 ,+23 ,+35 ,+31 ,+4 ,+6 ,-2
63.0655809 ,Left ,0  ,0  ,-17 ,-17 ,-1 ,+10 ,+14 ,+3
63.065584 ,Left ,+3 ,+6 ,+25 ,-9 ,+8 ,-5 ,-8 ,0 
63.0775173 ,Left ,-4 ,-5 ,-8 ,-3 ,-13 ,+13 ,-5 ,-1
63.0775205 ,Left ,+4 ,-1 ,-5 ,+19 ,+9 ,-8 ,-6 ,+2
63.0865913 ,Left ,-2 ,-1 ,-12 ,-17 ,-7 ,-4 ,+4 ,-2
63.0865944 ,Left ,-2 ,-2 ,-3 ,+8 ,+2 ,-9 ,+18 ,+1
63.101695 ,Left ,+1 ,0  ,0  ,-21 ,+2 ,+13 ,-23 ,-12
63.1016978 ,Left ,0  ,-1 ,+1 ,-8 ,-12 ,-6 ,+5 ,+15
63.1030591 ,Left ,-1 ,-4 ,-16 ,-9 ,+14 ,+10 ,-13 ,-8
63.1030619 ,Left ,0  ,+2 ,+23 ,+56 ,-5 ,+1 ,-2 ,-1
63.1238907 ,Left ,-2 ,0  ,-5 ,-40 ,-2 ,-4 ,-3 ,0 
63.1238938 ,Left ,-1 ,0  ,0  ,+2 ,-4 ,+8 ,+13 ,-5
63.1254303 ,Left ,-4 ,-2 ,-12 ,-24 ,-8 ,-4 ,-36 ,-3
63.1254328 ,Left ,+1 ,-1 ,+2 ,+6 ,+2 ,+4 ,-1 ,-1
63.1377852 ,Left ,-7 ,-1 ,+4 ,+4 ,-2 ,-7 ,+25 ,-2
63.1377881 ,Left ,+13 ,+1 ,-7 ,+16 ,-4 ,+7 ,+26 ,+13
63.1540629 ,Left ,-5 ,-6 ,-10 ,-5 ,-10 ,-14 ,-12 ,-21
63.1540658 ,Left ,-2 ,-3 ,+6 ,+3 ,+6 ,-16 ,-20 ,+14
63.1616379 ,Left ,+4 ,+6 ,+2 ,+2 ,+4 ,+5 ,-6 ,+3
63.161641 ,Left ,+1 ,+1 ,+4 ,-4 ,-2 ,+10 ,+1 ,+2
63.1629744 ,Left ,+1 ,+1 ,-10 ,-23 ,-4 ,-9 ,-5 ,-2
63.162977 ,Left ,-5 ,-7 ,+4 ,+21 ,-5 ,+7 ,-8 ,-13
63.1841347 ,Left ,-1 ,-3 ,-6 ,-2 ,-5 ,-41 ,-24 ,-7
63.1841378 ,Left ,-5 ,-4 ,-7 ,-25 ,-5 ,+26 ,-15 ,-6
63.1855362 ,Left ,+1 ,+1 ,0  ,-1 ,+1 ,+28 ,+24 ,+3
63.1855392 ,Left ,-4 ,+1 ,0  ,-7 ,+10 ,-34 ,-14 ,-5
63.1977771 ,Left ,+3 ,+1 ,+8 ,+35 ,-25 ,+8 ,+7 ,+7
63.1977806 ,Left ,-6 ,-6 ,-20 ,-84 ,-7 ,-32 ,-4 ,-11
63.2065523 ,Left ,-1 ,-2 ,-3 ,-10 ,-11 ,-4 ,-27 ,0 
63.2065551 ,Left ,0  ,-1 ,-1 ,-16 ,0  ,-9 ,+13 ,+2
63.2214384 ,Left ,-3 ,-8 ,-15 ,-33 ,0  ,+18 ,+17 ,0 
63.2214411 ,Left ,0  ,+2 ,+19 ,+60 ,+8 ,-15 ,-6 ,-3
63.2230663 ,Left ,-3 ,-5 ,-27 ,-47 ,-20 ,-1 ,+10 ,+4
63.2230693 ,Left ,0  ,+9 ,+26 ,+34 ,+2 ,-2 ,+8 ,-2
63.2441587 ,Left ,0  ,+4 ,-3 ,-10 ,0  ,-5 ,-13 ,+1
63.2441618 ,Left ,-5 ,-10 ,-14 ,-16 ,-5 ,-1 ,-7 ,-6
63.2456149 ,Left ,-1 ,+4 ,+11 ,+10 ,+13 ,-5 ,+19 ,+5
63.2456175 ,Left ,+3 ,+3 ,-2 ,+13 ,-6 ,+11 ,-3 ,-3
63.25754 ,Left ,0  ,-3 ,-14 ,-4 ,+9 ,-1 ,+1 ,0 
63.2575667 ,Left ,-1 ,+1 ,+4 ,-3 ,-7 ,+1 ,-3 ,-1
63.2666385 ,Left ,-1 ,-2 ,+11 ,+14 ,+5 ,0  ,+7 ,+1
63.2666414 ,Left ,-2 ,-5 ,-20 ,-37 ,-11 ,-1 ,-4 ,-3
63.2809048 ,Left ,+1 ,0  ,-2 ,+29 ,+6 ,+7 ,+12 ,+3
63.2809076 ,Left ,-3 ,+1 ,+8 ,+4 ,+4 ,0  ,0  ,-2
63.2875136 ,Left ,-1 ,-5 ,-13 ,-3 ,-6 ,-21 ,-19 ,-1
63.2875162 ,Left ,-1 ,+4 ,+9 ,-8 ,0  ,+11 ,+4 ,-2
63.3045636 ,Left ,-1 ,-2 ,-3 ,-1 ,+2 ,-4 ,-1 ,0 
63.3047886 ,Left ,-2 ,+3 ,+16 ,+32 ,-2 ,-5 ,-4 ,-2
63.3059785 ,Left ,-2 ,-4 ,-20 ,-18 ,-3 ,+11 ,+11 ,0 
63.3059921 ,Left ,-1 ,0  ,+4 ,+3 ,-3 ,-16 ,-2 ,+2
63.3264691 ,Left ,0  ,-1 ,+1 ,+9 ,0  ,-4 ,-8 ,-5
63.3264723 ,Left ,-1 ,-3 ,-2 ,-2 ,0  ,+13 ,-2 ,-1
63.3279912 ,Left ,-1 ,+3 ,+8 ,+16 ,+4 ,+8 ,+10 ,+2
63.327994 ,Left ,0  ,-3 ,-12 ,+8 ,+1 ,+2 ,-1 ,0 
63.340033 ,Left ,-3 ,-2 ,+8 ,+6 ,-1 ,-1 ,-5 ,-6
63.3400361 ,Left ,-4 ,+2 ,-4 ,-31 ,+1 ,-9 ,+4 ,+4
63.3491214 ,Left ,+3 ,-3 ,-4 ,+10 ,-6 ,-30 ,-3 ,+4
63.349124 ,Left ,-1 ,-2 ,-4 ,-3 ,-2 ,+2 ,+3 ,-5
63.3638498 ,Left ,-1 ,-3 ,+5 ,+18 ,-1 ,0  ,-2 ,+1
63.3638523 ,Left ,+3 ,0  ,-7 ,-24 ,+2 ,-3 ,-10 ,-7
63.3654448 ,Left ,-3 ,0  ,+2 ,+14 ,+6 ,+11 ,+10 ,+2
63.3655221 ,Left ,-4 ,-1 ,+3 ,-2 ,-3 ,+1 ,+5 ,+1
63.3775221 ,Left ,-1 ,+2 ,+4 ,-4 ,0  ,+2 ,-4 ,+1
63.3775248 ,Left ,-1 ,-1 ,-9 ,+8 ,-1 ,-7 ,-3 ,-3
63.3865774 ,Left ,-1 ,-2 ,+4 ,-25 ,-4 ,-1 ,+5 ,-1
63.3865802 ,Left ,-1 ,-4 ,-2 ,+5 ,-3 ,+3 ,-7 ,-2
63.401664 ,Left ,-2 ,-1 ,-6 ,-18 ,-2 ,+8 ,+1 ,-1
63.4016667 ,Left ,-1 ,0  ,+2 ,+23 ,0  ,-23 ,+9 ,+2
63.4031439 ,Left ,+1 ,+3 ,+4 ,+2 ,+2 ,+7 ,+3 ,-1
63.4031467 ,Left ,-3 ,-3 ,-3 ,+10 ,+1 ,-6 ,-2 ,-3
63.4239834 ,Left ,0  ,-5 ,-6 ,+15 ,+1 ,+3 ,-3 ,-2
63.4240219 ,Left ,+4 ,+4 ,+2 ,-15 ,-4 ,+1 ,+1 ,+1
63.4254756 ,Left ,-3 ,0  ,+7 ,+32 ,+7 ,0  ,0  ,-4
63.4254782 ,Left ,-2 ,-3 ,-10 ,-30 ,-3 ,-6 ,-4 ,+1
63.446334 ,Left ,-4 ,-2 ,+3 ,+9 ,-10 ,-3 ,-7 ,-1
63.4463365 ,Left ,-3 ,-3 ,-11 ,-47 ,-1 ,-3 ,+10 ,-1
63.4479433 ,Left ,+2 ,+4 ,+21 ,+35 ,-5 ,+6 ,+2 ,0 
63.4479456 ,Left ,-2 ,-7 ,-31 ,-13 ,-3 ,+4 ,-2 ,0 
63.4613431 ,Left ,-1 ,-2 ,-1 ,-19 ,+15 ,-9 ,-3 ,-2
63.4613458 ,Left ,-2 ,+2 ,+11 ,+8 ,-5 ,+3 ,-5 ,0 
63.463 ,Left ,-1 ,-2 ,+3 ,-5 ,-2 ,-6 ,-4 ,-2
63.4630026 ,Left ,0  ,-1 ,-8 ,-14 ,+1 ,+2 ,+4 ,-1
63.4838939 ,Left ,-4 ,-6 ,-10 ,-28 ,-10 ,-3 ,-4 ,-1
63.4838967 ,Left ,-2 ,0  ,+6 ,+61 ,+4 ,+3 ,-8 ,0 
63.4854902 ,Left ,-2 ,-5 ,-16 ,-12 ,-2 ,-4 ,0  ,-2
63.4854996 ,Left ,+1 ,+3 ,+15 ,+16 ,-6 ,+2 ,-6 ,-2
63.506389 ,Left ,+3 ,+6 ,-3 ,-1 ,+8 ,+8 ,+7 ,+1
63.5063914 ,Left ,-2 ,-5 ,+4 ,-2 ,-5 ,-23 ,-14 ,-5
63.5078638 ,Left ,-2 ,-4 ,+3 ,+21 ,-5 ,0  ,+1 ,0 
63.5078835 ,Left ,-2 ,-2 ,-19 ,-12 ,-1 ,-2 ,-1 ,0 
63.5208079 ,Left ,-1 ,-1 ,+4 ,-35 ,-5 ,-4 ,-2 ,+1
63.5208206 ,Left ,0  ,-4 ,-6 ,+26 ,+7 ,+10 ,+6 ,+1
63.5295618 ,Left ,-2 ,0  ,-6 ,-20 ,-3 ,0  ,-5 ,0 
63.5295732 ,Left ,+2 ,+1 ,+13 ,+1 ,+1 ,-7 ,+1 ,+2
63.5444658 ,Left ,+3 ,+3 ,+14 ,+20 ,+13 ,+23 ,-7 ,0 
63.5444775 ,Left ,-5 ,-6 ,-21 ,-77 ,-35 ,+5 ,-15 ,-16
63.5459701 ,Left ,+2 ,+2 ,-3 ,-34 ,+18 ,-1 ,-1 ,+14
63.5459833 ,Left ,-2 ,-4 ,+5 ,+26 ,-6 ,+10 ,+15 ,-4
63.5666232 ,Left ,+1 ,+5 ,+6 ,0  ,+3 ,-17 ,+30 ,+9
63.5666276 ,Left ,-4 ,0  ,+1 ,+10 ,+23 ,+3 ,-78 ,-19
63.5680762 ,Left ,-1 ,-4 ,-10 ,-26 ,-13 ,+1 ,+68 ,+7
63.5680798 ,Left ,-5 ,-1 ,+6 ,-6 ,+5 ,-23 ,+2 ,-6
63.5800882 ,Left ,-3 ,-7 ,-9 ,+16 ,-8 ,+4 ,-8 ,-10
63.5800912 ,Left ,+2 ,+2 ,-2 ,+2 ,+12 ,-2 ,+11 ,+2
63.5891068 ,Left ,-6 ,-6 ,-3 ,-3 ,+15 ,-4 ,+7 ,-10
63.5891095 ,Left ,0  ,0  ,0  ,-15 ,+10 ,-5 ,-6 ,+4
63.6039784 ,Left ,-6 ,-5 ,-4 ,+10 ,-4 ,-3 ,+14 ,-12
63.6039815 ,Left ,0  ,+7 ,+10 ,+29 ,-2 ,-1 ,-14 ,+12
63.6055705 ,Left ,-3 ,0  ,+1 ,-12 ,-3 ,+2 ,-16 ,-7
63.6055731 ,Left ,-1 ,-3 ,-4 ,0  ,-2 ,+3 ,+1 ,-3
63.6264548 ,Left ,-1 ,-1 ,+7 ,+32 ,-1 ,-4 ,-11 ,0 
63.6264573 ,Left ,-2 ,-4 ,-11 ,-37 ,+11 ,+2 ,+14 ,+4
63.6279426 ,Left ,+2 ,0  ,-7 ,-63 ,-35 ,-8 ,-13 ,-1
63.6279795 ,Left ,-5 ,-3 ,0  ,+68 ,+4 ,+8 ,-12 ,-3
63.6409565 ,Left ,+2 ,+1 ,+1 ,-17 ,-6 ,-9 ,+1 ,+3
63.6409667 ,Left ,+2 ,+7 ,+26 ,+29 ,-1 ,0  ,+12 ,+2
63.6477733 ,Left ,+1 ,+1 ,+11 ,+58 ,+8 ,+1 ,-12 ,-1
63.6477765 ,Left ,-1 ,+6 ,+16 ,-14 ,-8 ,0  ,+6 ,+1
63.664128 ,Left ,+2 ,-1 ,-30 ,-26 ,+13 ,+2 ,-12 ,+2
63.6641311 ,Left ,-4 ,-14 ,-11 ,-43 ,-19 ,-2 ,+16 ,-1
63.6655788 ,Left ,0  ,-3 ,-12 ,-31 ,+2 ,-1 ,-11 ,-3
63.6655816 ,Left ,0  ,+2 ,0  ,-5 ,-6 ,+5 ,-4 ,-1
63.6865412 ,Left ,0  ,+1 ,+36 ,+52 ,-3 ,+5 ,-3 ,+2
63.6865442 ,Left ,+1 ,-1 ,-1 ,-14 ,-1 ,-13 ,+6 ,+2
63.6880258 ,Left ,-1 ,-2 ,-20 ,+7 ,-8 ,-22 ,-17 ,-6
63.6880285 ,Left ,-1 ,-14 ,-55 ,-38 ,+20 ,+10 ,-2 ,-1
63.700032 ,Left ,-2 ,+4 ,+25 ,+9 ,-20 ,-1 ,-4 ,-2
63.700035 ,Left ,+1 ,+6 ,+9 ,+16 ,-3 ,+10 ,+17 ,+3
63.709054 ,Left ,+1 ,+3 ,+26 ,+34 ,+15 ,0  ,-8 ,-2
63.7090567 ,Left ,+3 ,+5 ,+15 ,+10 ,-12 ,0  ,-3 ,+2
63.7239412 ,Left ,0  ,-5 ,-10 ,-35 ,+1 ,-5 ,-4 ,-2
63.7239441 ,Left ,-2 ,-6 ,-19 ,+38 ,-2 ,+6 ,+4 ,-1
63.7254564 ,Left ,-2 ,-1 ,+5 ,-36 ,+8 ,+4 ,-2 ,-1
63.7254589 ,Left ,0  ,-1 ,+3 ,+14 ,+10 ,+4 ,-2 ,-1
63.7463907 ,Left ,-3 ,0  ,-13 ,-15 ,-3 ,-2 ,+1 ,-1
63.7463938 ,Left ,0  ,0  ,+3 ,-1 ,-14 ,-3 ,0  ,+1
63.7479508 ,Left ,-4 ,-6 ,-12 ,+21 ,+4 ,+3 ,+1 ,-4
63.7479538 ,Left ,+1 ,+4 ,+11 ,-14 ,-4 ,-4 ,+3 ,+1
63.7602328 ,Left ,-3 ,-4 ,0  ,-24 ,-6 ,-8 ,-7 ,-3
63.7602362 ,Left ,-3 ,-5 ,-19 ,+27 ,+10 ,0  ,+1 ,-3
63.7691157 ,Left ,+1 ,-2 ,-1 ,+18 ,-12 ,-3 ,-1 ,+1
63.7691189 ,Left ,0  ,-2 ,+5 ,-12 ,+12 ,+3 ,0  ,-3
63.7838327 ,Left ,-1 ,-4 ,-6 ,+20 ,-45 ,-6 ,-6 ,-2
63.783836 ,Left ,-2 ,+1 ,-5 ,-44 ,+2 ,+2 ,0  ,-2
63.7855076 ,Left ,+2 ,+4 ,+11 ,+27 ,+1 ,+5 ,-2 ,-3
63.7855106 ,Left ,-4 ,-3 ,+2 ,-2 ,-10 ,-5 ,+2 ,+3
63.8065516 ,Left ,0  ,0  ,-7 ,+10 ,+21 ,+1 ,+2 ,-3
63.8065545 ,Left ,0  ,-1 ,-2 ,-22 ,-8 ,-1 ,+1 ,-1
63.8080318 ,Left ,-2 ,-3 ,0  ,+40 ,-3 ,+2 ,0  ,-2
63.8080349 ,Left ,-2 ,-2 ,+3 ,-3 ,+2 ,-5 ,-2 ,-3
63.8201334 ,Left ,-3 ,-2 ,-1 ,+10 ,+8 ,-1 ,-3 ,0 
63.8201363 ,Left ,+2 ,0  ,0  ,-1 ,-2 ,+10 ,+7 ,+6
63.8290533 ,Left ,-7 ,-2 ,-5 ,-8 ,+1 ,-1 ,-3 ,-9
63.829056 ,Left ,+3 ,-1 ,0  ,-14 ,-19 ,-22 ,-13 ,-10
63.8441336 ,Left ,+1 ,0  ,-4 ,-6 ,+3 ,+11 ,+11 ,+6
63.8441364 ,Left ,-5 ,-4 ,0  ,-1 ,-1 ,+1 ,+22 ,+3
63.8455537 ,Left ,+2 ,+2 ,-3 ,-9 ,+3 ,+20 ,0  ,-4
63.8455565 ,Left ,0  ,-2 ,+1 ,+5 ,-10 ,+1 ,-2 ,+10
63.8665733 ,Left ,-3 ,-2 ,-2 ,+3 ,+3 ,+10 ,-11 ,-16
63.8665891 ,Left ,+1 ,0  ,+1 ,+6 ,+6 ,+20 ,-44 ,+6
63.8679665 ,Left ,0  ,0  ,-4 ,-10 ,-8 ,-37 ,+33 ,+2
63.8679692 ,Left ,-6 ,-3 ,-2 ,+4 ,+9 ,+6 ,-17 ,-9
63.8800635 ,Left ,-1 ,0  ,-6 ,-46 ,-60 ,-7 ,+12 ,+3
63.8800675 ,Left ,-2 ,-6 ,+6 ,+32 ,+35 ,-7 ,+3 ,0 
63.888983 ,Left ,+1 ,+1 ,+2 ,-25 ,-14 ,-2 ,-13 ,+1
63.888986 ,Left ,+2 ,0  ,-4 ,-28 ,-6 ,-1 ,-2 ,-2
63.9040888 ,Left ,-1 ,+3 ,+3 ,+24 ,+14 ,-11 ,+2 ,+8
63.9040919 ,Left ,-2 ,-9 ,-12 ,-12 ,+3 ,-1 ,-4 ,-11
63.9053934 ,Left ,-2 ,-6 ,+1 ,-43 ,-16 ,+1 ,-5 ,+2
63.905426 ,Left ,+9 ,+23 ,+19 ,+23 ,+9 ,-2 ,+5 ,+3
63.9265225 ,Left ,+1 ,+1 ,+11 ,-9 ,+17 ,+6 ,-2 ,+3
63.9265253 ,Left ,-2 ,-2 ,-7 ,-16 ,-11 ,-9 ,0  ,-2
63.9280353 ,Left ,-1 ,-12 ,-31 ,-26 ,+11 ,+3 ,-4 ,+1
63.9280378 ,Left ,-3 ,+2 ,+44 ,+82 ,-6 ,+7 ,+8 ,+1
63.9489988 ,Left ,-5 ,-18 ,-81 ,-61 ,+2 ,-9 ,-11 ,-5
63.9490015 ,Left ,+4 ,+11 ,+52 ,+45 ,-6 ,-4 ,+5 ,-1
63.9505797 ,Left ,-3 ,-1 ,+2 ,+25 ,0  ,0  ,-3 ,+1
63.9505824 ,Left ,-6 ,-14 ,-54 ,-47 ,-6 ,0  ,-4 ,-4
63.9624577 ,Left ,+4 ,+14 ,+25 ,+12 ,+4 ,-3 ,+2 ,+2
63.9624795 ,Left ,-3 ,-14 ,-29 ,+1 ,-2 ,+15 ,-5 ,-2
63.9715828 ,Left ,0  ,+4 ,+20 ,+7 ,-4 ,-33 ,+4 ,-2
63.9715854 ,Left ,0  ,-1 ,-3 ,+4 ,-3 ,+2 ,-2 ,-1
63.9865293 ,Left ,-5 ,-8 ,-11 ,+5 ,+16 ,+4 ,0  ,-1
63.986532 ,Left ,0  ,+3 ,-4 ,-32 ,-18 ,0  ,+4 ,0 
63.9880154 ,Left ,+2 ,+11 ,+33 ,+46 ,+7 ,+5 ,-6 ,+1
63.9880179 ,Left ,-1 ,-4 ,+4 ,-12 ,+4 ,+5 ,+2 ,-1
64.0003187 ,Left ,+1 ,-2 ,+6 ,-7 ,-22 ,-6 ,+8 ,+3
64.0003215 ,Left ,-2 ,+6 ,+8 ,+16 ,-2 ,-10 ,-1 ,-3
64.0090711 ,Left ,-1 ,-4 ,-16 ,-3 ,+8 ,+7 ,-5 ,0 
64.0090764 ,Left ,-3 ,-9 ,-16 ,-16 ,-5 ,-7 ,-1 ,-2
64.0239702 ,Left ,-1 ,-1 ,+5 ,-5 ,+9 ,+7 ,0  ,-2
64.0239732 ,Left ,-1 ,+1 ,-8 ,-9 ,-8 ,-10 ,-6 ,-2
64.0254852 ,Left ,0  ,-3 ,-7 ,+2 ,+12 ,+4 ,-5 ,0 
64.0254878 ,Left ,-3 ,-1 ,-3 ,-19 ,+5 ,+3 ,+4 ,+1
64.0457807 ,Left ,0  ,+2 ,+18 ,+30 ,+9 ,0  ,-11 ,-2
64.0457837 ,Left ,0  ,-1 ,-9 ,-31 ,-17 ,-7 ,-3 ,-4
64.0540047 ,Left ,-2 ,-3 ,-8 ,+20 ,-2 ,0  ,-2 ,0 
64.0540079 ,Left ,+1 ,+1 ,+12 ,+1 ,+9 ,+6 ,+2 ,0 
64.0601749 ,Left ,0  ,-1 ,0  ,-20 ,-1 ,-3 ,0  ,+2
64.0601777 ,Left ,-5 ,-4 ,-7 ,-7 ,+2 ,-6 ,+1 ,-2
64.0691173 ,Left ,-2 ,-1 ,-6 ,-13 ,-8 ,+7 ,-4 ,-1
64.06912 ,Left ,0  ,+1 ,-2 ,-7 ,0  ,-2 ,-1 ,-1
64.0834411 ,Left ,-1 ,-4 ,+1 ,+31 ,+1 ,-6 ,-3 ,-3
64.083444 ,Left ,+1 ,-3 ,-4 ,-38 ,-6 ,-2 ,+2 ,+1
64.0900136 ,Left ,+1 ,+5 ,+3 ,-8 ,+15 ,+4 ,+2 ,+2
64.0901087 ,Left ,0  ,-2 ,+2 ,+27 ,-16 ,-3 ,+1 ,-1
64.1065292 ,Left ,-2 ,-1 ,+5 ,+13 ,+2 ,-5 ,-2 ,-2
64.1065321 ,Left ,0  ,+1 ,-8 ,-1 ,+3 ,-3 ,+3 ,0 
64.1079139 ,Left ,-3 ,-6 ,-15 ,-21 ,-10 ,+1 ,-5 ,-2
64.1079519 ,Left ,-3 ,-5 ,-8 ,-12 ,-6 ,-2 ,-2 ,-2
64.1200471 ,Left ,+1 ,+4 ,+10 ,-12 ,-1 ,0  ,-1 ,0 
64.1200498 ,Left ,-1 ,0  ,+1 ,+38 ,-5 ,-4 ,+2 ,0 
64.1288742 ,Left ,+1 ,+3 ,+7 ,+3 ,+5 ,+2 ,0  ,+1
64.1288949 ,Left ,-2 ,-2 ,-2 ,-8 ,0  ,+6 ,-1 ,-1
64.1440989 ,Left ,-1 ,-6 ,+1 ,-2 ,+2 ,-14 ,-4 ,-3
64.1441021 ,Left ,+1 ,+2 ,+5 ,+13 ,0  ,+1 ,+3 ,+1
64.1502802 ,Left ,0  ,-2 ,-26 ,-23 ,+2 ,+11 ,0  ,-2
64.1502833 ,Left ,-2 ,-1 ,+7 ,+7 ,-31 ,-3 ,-5 ,-1
64.1668409 ,Left ,-1 ,-1 ,-1 ,-7 ,-8 ,+3 ,-1 ,-1
64.1668509 ,Left ,+1 ,0  ,+4 ,+7 ,+7 ,-3 ,-2 ,-1
64.168467 ,Left ,-1 ,-2 ,+5 ,+4 ,-3 ,-6 ,-2 ,-1
64.1684697 ,Left ,0  ,+2 ,-2 ,-7 ,+15 ,+2 ,+2 ,0 
64.1803267 ,Left ,0  ,+1 ,-7 ,-10 ,-5 ,+2 ,-1 ,0 
64.1803298 ,Left ,-3 ,-3 ,-3 ,+1 ,-3 ,-3 ,-1 ,0 
64.1890227 ,Left ,+1 ,+3 ,+20 ,+13 ,+4 ,+6 ,+3 ,+2
64.1890256 ,Left ,-6 ,-8 ,-17 ,-13 ,-11 ,-5 ,-4 ,-6
64.2032505 ,Left ,-2 ,-2 ,-10 ,-1 ,-11 ,-6 ,-1 ,-1
64.2032532 ,Left ,+1 ,0  ,+1 ,+1 ,+14 ,+4 ,+1 ,-1
64.217801 ,Left ,-3 ,-3 ,+4 ,+15 ,-8 ,-3 ,-2 ,-3
64.2178037 ,Left ,+3 ,+5 ,+4 ,-1 ,+7 ,-2 ,+1 ,+1
64.2265444 ,Left ,-2 ,+1 ,-2 ,+1 ,+5 ,+1 ,-4 ,0 
64.2266207 ,Left ,-2 ,-2 ,-4 ,0  ,-4 ,-2 ,+1 ,-2
64.2280217 ,Left ,0  ,+1 ,-1 ,-11 ,-5 ,-3 ,-1 ,+1
64.2280246 ,Left ,+1 ,+2 ,+4 ,+4 ,+1 ,-3 ,0  ,+2
64.2403184 ,Left ,-1 ,-2 ,-6 ,+2 ,+4 ,+6 ,-4 ,-1
64.2403217 ,Left ,+1 ,+1 ,+2 ,-4 ,+6 ,0  ,0  ,+2
64.2490918 ,Left ,-3 ,-7 ,-4 ,+26 ,-54 ,-8 ,0  ,-4
64.2490952 ,Left ,-2 ,-5 ,-4 ,-33 ,+44 ,+2 ,-5 ,-1
64.2641364 ,Left ,0  ,-1 ,+1 ,+1 ,+2 ,+3 ,+3 ,0 
64.2641398 ,Left ,+1 ,+1 ,+1 ,+7 ,-2 ,+4 ,0  ,0 
64.2655826 ,Left ,0  ,+1 ,-2 ,+5 ,+10 ,-3 ,+1 ,0 
64.2655862 ,Left ,-1 ,-3 ,-2 ,+13 ,-13 ,+1 ,0  ,-2
64.2864617 ,Left ,+1 ,+4 ,+2 ,-2 ,-6 ,-2 ,0  ,-1
64.2864659 ,Left ,-2 ,-1 ,-1 ,-7 ,+10 ,+4 ,0  ,-1
64.2880263 ,Left ,-2 ,-2 ,-7 ,-11 ,+2 ,-1 ,-5 ,-2
64.2880294 ,Left ,-2 ,-1 ,+13 ,+8 ,-12 ,-3 ,+2 ,-1
64.3000844 ,Left ,+1 ,+10 ,-2 ,-10 ,+26 ,+1 ,+2 ,+2
64.3000871 ,Left ,-4 ,-9 ,-9 ,+17 ,-24 ,-10 ,-5 ,-4
64.3090956 ,Left ,-2 ,-2 ,-10 ,-19 ,0  ,-3 ,-7 ,-3
64.3090983 ,Left ,-1 ,-4 ,-3 ,+1 ,-7 ,+5 ,+2 ,0 
64.3239623 ,Left ,0  ,-2 ,+8 ,-3 ,-2 ,-26 ,-3 ,-1
64.3239651 ,Left ,-1 ,+3 ,+3 ,+1 ,+3 ,0  ,0  ,+1
64.3254451 ,Left ,-1 ,-2 ,0  ,-5 ,+2 ,-2 ,+2 ,0 
64.3254475 ,Left ,0  ,-1 ,-1 ,-2 ,+2 ,+4 ,0  ,-1
64.3465228 ,Left ,0  ,-2 ,-2 ,+8 ,-5 ,+8 ,-2 ,-2
64.3465256 ,Left ,0  ,+1 ,-2 ,-8 ,-2 ,-3 ,+1 ,0 
64.3479304 ,Left ,-4 ,-3 ,+2 ,+7 ,+15 ,+1 ,-2 ,0 
64.3479517 ,Left ,+1 ,+4 ,0  ,-7 ,-55 ,-8 ,-1 ,+1
64.3692253 ,Left ,-3 ,-7 ,-17 ,-8 ,+34 ,+3 ,-2 ,-1
64.3692285 ,Left ,-1 ,-1 ,-2 ,+4 ,-11 ,-6 ,-1 ,-2
64.370471 ,Left ,+2 ,+2 ,+1 ,-23 ,+12 ,+7 ,+1 ,+2
64.3705376 ,Left ,-2 ,+1 ,+4 ,+12 ,0  ,-4 ,-1 ,-2
64.383999 ,Left ,0  ,-4 ,-3 ,+12 ,-12 ,+1 ,0  ,-1
64.384002 ,Left ,0  ,-2 ,0  ,-4 ,0  ,+3 ,0  ,-3
64.3901499 ,Left ,+1 ,+1 ,-1 ,+4 ,+3 ,0  ,-2 ,-1
64.390153 ,Left ,-3 ,-1 ,-2 ,+3 ,+8 ,-2 ,-1 ,0 
64.4063945 ,Left ,-2 ,-2 ,+2 ,-6 ,-12 ,-1 ,+1 ,-1
64.4063973 ,Left ,0  ,0  ,0  ,+10 ,+20 ,0  ,-1 ,+1
64.4078723 ,Left ,0  ,-1 ,+1 ,+8 ,-14 ,-3 ,0  ,-2
64.4078752 ,Left ,0  ,-1 ,-3 ,+2 ,+31 ,+6 ,+1 ,0 
64.4290323 ,Left ,-2 ,-1 ,+4 ,+2 ,-35 ,-4 ,-1 ,-3
64.4290352 ,Left ,0  ,-1 ,-4 ,-3 ,-12 ,0  ,-2 ,+1
64.4305397 ,Left ,-2 ,-3 ,-4 ,+3 ,+10 ,-2 ,-2 ,-1
64.4305429 ,Left ,-1 ,-1 ,-4 ,-25 ,-3 ,-1 ,-2 ,0 
64.44458 ,Left ,-4 ,-2 ,+3 ,+41 ,-3 ,+5 ,0  ,-1
64.4445832 ,Left ,-2 ,+1 ,+1 ,+1 ,-3 ,-2 ,0  ,0 
64.4460348 ,Left ,-3 ,-3 ,-3 ,-37 ,-10 ,-5 ,0  ,-2
64.446038 ,Left ,-2 ,-1 ,-3 ,+43 ,+6 ,0  ,-2 ,0 
64.4665412 ,Left ,-1 ,+1 ,-3 ,-17 ,-1 ,-1 ,+1 ,+1
64.4665448 ,Left ,-1 ,-4 ,-1 ,+6 ,+8 ,-5 ,-3 ,-2
64.4681017 ,Left ,-1 ,+5 ,-2 ,+15 ,-27 ,-1 ,-2 ,-1
64.4681049 ,Left ,+2 ,+5 ,+10 ,-3 ,-3 ,-4 ,-1 ,-2
64.4879688 ,Left ,-2 ,-7 ,-3 ,-1 ,+5 ,0  ,-1 ,0 
64.4879718 ,Left ,-2 ,-2 ,-3 ,-14 ,+5 ,-2 ,-1 ,0 
64.496521 ,Left ,-1 ,+3 ,0  ,-2 ,+24 ,+3 ,0  ,+1
64.4965238 ,Left ,-3 ,-3 ,-8 ,-6 ,-8 ,-3 ,-1 ,0 
64.5036433 ,Left ,0  ,+1 ,+2 ,-7 ,-7 ,-2 ,-2 ,0 
64.5036464 ,Left ,-1 ,+4 ,+5 ,-7 ,0  ,+4 ,0  ,0 
64.5101686 ,Left ,-2 ,-4 ,-2 ,+4 ,-8 ,-4 ,-2 ,-4
64.5101713 ,Left ,-1 ,-1 ,-1 ,-1 ,-4 ,-3 ,0  ,-1
64.5265046 ,Left ,-2 ,-1 ,-4 ,-11 ,+11 ,+3 ,-1 ,-1
64.5265073 ,Left ,-3 ,-3 ,-4 ,+6 ,-17 ,-4 ,-3 ,-1
64.5280407 ,Left ,-1 ,-2 ,+2 ,+25 ,+19 ,-1 ,-3 ,-1
64.5280433 ,Left ,-3 ,0  ,-3 ,-23 ,+4 ,-2 ,-2 ,-1
64.5489183 ,Left ,-3 ,-1 ,+1 ,+6 ,+1 ,+8 ,+3 ,-1
64.5489211 ,Left ,-1 ,-4 ,-4 ,-14 ,-15 ,-26 ,-5 ,-3
64.5504807 ,Left ,-1 ,-1 ,0  ,+6 ,0  ,+2 ,+1 ,0 
64.5504831 ,Left ,-1 ,-1 ,-1 ,+12 ,-31 ,-3 ,-2 ,-2
64.5635231 ,Left ,+3 ,+2 ,-4 ,-25 ,+4 ,-1 ,0  ,0 
64.5635259 ,Left ,-1 ,-3 ,-3 ,+19 ,-5 ,+5 ,0  ,-1
64.5702996 ,Left ,-2 ,-3 ,-5 ,-15 ,-2 ,-4 ,-1 ,-1
64.5703026 ,Left ,-2 ,-6 ,+2 ,-8 ,+9 ,-3 ,0  ,-1
64.5864022 ,Left ,+1 ,+8 ,+1 ,-6 ,-2 ,-1 ,-2 ,-1
64.5864048 ,Left ,-2 ,-6 ,-3 ,+3 ,+11 ,+5 ,0  ,-2
64.587957 ,Left ,+1 ,+2 ,-1 ,-13 ,-5 ,-1 ,-2 ,-2
64.5879593 ,Left ,-2 ,-6 ,-4 ,-5 ,-12 ,+1 ,-2 ,-3
64.6089814 ,Left ,-1 ,-2 ,-5 ,+3 ,-7 ,-6 ,-3 ,-2
64.6089854 ,Left ,-1 ,+1 ,+1 ,-15 ,+4 ,+3 ,-1 ,0 
64.6104682 ,Left ,-2 ,+2 ,+5 ,-1 ,-3 ,-1 ,+2 ,-1
64.610549 ,Left ,0  ,+1 ,-5 ,-1 ,+5 ,-1 ,-1 ,-1
64.6236097 ,Left ,-1 ,-3 ,+6 ,+8 ,-1 ,-3 ,-1 ,-2
64.6236126 ,Left ,-1 ,-2 ,-3 ,-9 ,-1 ,+1 ,-1 ,-1
64.630185 ,Left ,0  ,-2 ,-3 ,-7 ,-26 ,-3 ,-1 ,-1
64.6301877 ,Left ,-1 ,-1 ,0  ,+28 ,+5 ,+1 ,0  ,-1
64.6464819 ,Left ,+1 ,+1 ,+4 ,-22 ,+1 ,-3 ,-2 ,-1
64.6464847 ,Left ,-1 ,-2 ,-5 ,-11 ,-1 ,+2 ,0  ,-1
64.6480255 ,Left ,-3 ,-5 ,-3 ,+3 ,-10 ,-2 ,-1 ,-1
64.6480281 ,Left ,-1 ,0  ,-4 ,-26 ,+13 ,0  ,-1 ,0 
64.6688861 ,Left ,-1 ,-4 ,+2 ,+33 ,0  ,0  ,0  ,-1
64.6688891 ,Left ,-2 ,-3 ,+5 ,+4 ,+3 ,+2 ,+1 ,-2
64.6705898 ,Left ,+2 ,+7 ,-7 ,-3 ,+16 ,+2 ,0  ,0 
64.6705932 ,Left ,-2 ,-2 ,+2 ,+8 ,-18 ,-4 ,-2 ,0 
64.6833262 ,Left ,-1 ,-4 ,-4 ,-8 ,+8 ,0  ,-1 ,-3
64.6833291 ,Left ,0  ,+2 ,+1 ,0  ,+2 ,-1 ,0  ,-1
64.689977 ,Left ,-2 ,-6 ,-3 ,+1 ,-1 ,-1 ,-2 ,-2
64.6899799 ,Left ,-1 ,-1 ,-2 ,-5 ,+7 ,0  ,0  ,-1
64.706523 ,Left ,-2 ,-1 ,-1 ,+4 ,-4 ,-3 ,-1 ,0 
64.7065261 ,Left ,0  ,0  ,-1 ,-3 ,-31 ,-2 ,0  ,0 
64.7080778 ,Left ,-1 ,-5 ,-5 ,-34 ,-18 ,-3 ,-2 ,-1
64.708081 ,Left ,-1 ,-1 ,0  ,+5 ,+19 ,+1 ,-2 ,0 
64.7290017 ,Left ,-1 ,-3 ,+2 ,+17 ,+3 ,+1 ,0  ,+1
64.7290051 ,Left ,+1 ,-1 ,-11 ,-28 ,+2 ,+4 ,-2 ,0 
64.7305866 ,Left ,-1 ,+2 ,+7 ,+15 ,+8 ,0  ,+1 ,-1
64.7305896 ,Left ,-1 ,0  ,-2 ,-35 ,-23 ,-1 ,-1 ,0 
64.7432812 ,Left ,-1 ,-3 ,0  ,+48 ,+30 ,-2 ,-1 ,0 
64.7432847 ,Left ,-2 ,+1 ,+5 ,-1 ,+7 ,+3 ,0  ,-1
64.7499979 ,Left ,0  ,-3 ,-5 ,+2 ,0  ,-1 ,-2 ,-1
64.7500013 ,Left ,+2 ,+5 ,-1 ,-10 ,+8 ,-1 ,-1 ,+1
64.7665561 ,Left ,-2 ,-4 ,-4 ,+24 ,-4 ,0  ,0  ,-1
64.7665603 ,Left ,-1 ,-2 ,0  ,-6 ,-3 ,-4 ,-2 ,-1
64.7680481 ,Left ,0  ,-5 ,-1 ,-3 ,+2 ,-2 ,0  ,0 
64.7680516 ,Left ,0  ,+3 ,-3 ,-2 ,+5 ,-3 ,-1 ,-1
64.7889493 ,Left ,-2 ,-1 ,0  ,-16 ,-9 ,0  ,-1 ,-2
64.788953 ,Left ,+1 ,-2 ,-1 ,+7 ,+6 ,-2 ,0  ,+1
64.7905125 ,Left ,-3 ,0  ,+2 ,+32 ,+24 ,+1 ,-2 ,-1
64.7905159 ,Left ,-2 ,-4 ,-3 ,-29 ,-10 ,+1 ,-3 ,-3
64.8036423 ,Left ,-1 ,+1 ,-4 ,-28 ,-13 ,-4 ,-2 ,-1
64.8036451 ,Left ,-4 ,-1 ,-2 ,-3 ,+8 ,-1 ,-1 ,0 
64.8100759 ,Left ,0  ,0  ,-1 ,+6 ,+3 ,+1 ,-1 ,0 
64.8100786 ,Left ,0  ,-1 ,+1 ,+21 ,-5 ,-1 ,-1 ,0 
64.8264469 ,Left ,-2 ,-2 ,-6 ,-23 ,+9 ,-1 ,-1 ,-2
64.8264496 ,Left ,+1 ,-2 ,-5 ,-8 ,-11 ,-3 ,-1 ,-1
64.8279283 ,Left ,-1 ,-5 ,+4 ,+2 ,+2 ,-1 ,0  ,0 
64.8279307 ,Left ,0  ,+3 ,-2 ,-5 ,-3 ,-1 ,-1 ,-2
64.8491988 ,Left ,0  ,+2 ,-2 ,-28 ,-9 ,-1 ,-1 ,-1
64.8492151 ,Left ,0  ,-3 ,+3 ,+65 ,-4 ,+7 ,0  ,-2
64.850492 ,Left ,-2 ,-1 ,-14 ,-35 ,-4 ,-24 ,-7 ,-2
64.8504943 ,Left ,-2 ,-2 ,+9 ,+37 ,+2 ,-2 ,0  ,0 
64.8626282 ,Left ,-2 ,+1 ,-3 ,-34 ,-3 ,+2 ,-1 ,0 
64.8626313 ,Left ,-1 ,0  ,+1 ,-12 ,+4 ,-5 ,0  ,-2
64.8715383 ,Left ,0  ,-2 ,-2 ,+9 ,+13 ,+5 ,0  ,-2
64.8715411 ,Left ,-2 ,-3 ,+1 ,+8 ,+8 ,+2 ,-1 ,-1
64.8869852 ,Left ,-1 ,-3 ,-10 ,-4 ,-21 ,-4 ,-3 ,-2
64.8869884 ,Left ,-1 ,+1 ,+3 ,+17 ,+5 ,+1 ,-2 ,-1
64.888544 ,Left ,0  ,-3 ,-4 ,-15 ,-6 ,+1 ,-2 ,-2
64.8885471 ,Left ,0  ,0  ,+2 ,-10 ,+5 ,-1 ,0  ,0 
64.9088762 ,Left ,-1 ,-2 ,+4 ,+13 ,+2 ,+3 ,0  ,-1
64.9088791 ,Left ,-2 ,+2 ,-4 ,-10 ,0  ,-2 ,0  ,0 
64.9105185 ,Left ,-1 ,0  ,0  ,+4 ,-8 ,+1 ,+1 ,0 
64.9105296 ,Left ,-1 ,-4 ,-2 ,+14 ,+9 ,0  ,0  ,+1
64.9226972 ,Left ,-1 ,-2 ,-6 ,-3 ,-8 ,-4 ,-3 ,0 
64.9227004 ,Left ,-1 ,-5 ,-6 ,-33 ,-18 ,-3 ,-2 ,-2
64.9315676 ,Left ,-1 ,-2 ,+3 ,+43 ,+6 ,0  ,-2 ,-1
64.9315713 ,Left ,-2 ,-1 ,-4 ,-10 ,-8 ,-2 ,-1 ,-3
64.9464838 ,Left ,-1 ,-1 ,+4 ,+14 ,-21 ,-3 ,+1 ,+1
64.9464865 ,Left ,+3 ,+8 ,+5 ,+20 ,+10 ,0  ,0  ,+1
64.9479534 ,Left ,-2 ,-2 ,-2 ,-11 ,-10 ,+4 ,0  ,-2
64.9480212 ,Left ,0  ,-2 ,-8 ,-40 ,-6 ,0  ,0  ,-2
64.9691104 ,Left ,-1 ,-5 ,+2 ,+37 ,+15 ,+1 ,-1 ,-3
64.9691132 ,Left ,0  ,-2 ,+2 ,-12 ,-3 ,0  ,-1 ,0 
64.9705815 ,Left ,0  ,-2 ,-4 ,+20 ,+4 ,+7 ,+2 ,+1
64.9705841 ,Left ,-2 ,-1 ,-4 ,-11 ,-4 ,-5 ,-3 ,-2
64.9825735 ,Left ,0  ,0  ,+2 ,-21 ,+4 ,+1 ,+1 ,+1
64.9825758 ,Left ,-1 ,-2 ,-5 ,+15 ,+1 ,0  ,-1 ,-1
64.9914832 ,Left ,-1 ,+3 ,+6 ,-3 ,+5 ,-1 ,0  ,-1
64.9915052 ,Left ,-1 ,0  ,0  ,+21 ,0  ,+3 ,-1 ,-2
65.0063854 ,Left ,+1 ,+1 ,+1 ,-2 ,0  ,-2 ,-8 ,-1
65.0063883 ,Left ,-3 ,-2 ,-1 ,+3 ,-4 ,+4 ,+13 ,0 
65.0079024 ,Left ,-1 ,-2 ,0  ,-5 ,0  ,-13 ,-4 ,-1
65.0079053 ,Left ,-1 ,-1 ,-5 ,-2 ,-1 ,+1 ,0  ,-4
65.0288662 ,Left ,-1 ,-2 ,+3 ,+12 ,-5 ,-9 ,+1 ,+7
65.0288692 ,Left ,0  ,-3 ,-2 ,-17 ,+8 ,+8 ,-2 ,+1
65.0304835 ,Left ,-1 ,+2 ,+8 ,+10 ,-6 ,-3 ,-14 ,-2
65.0304862 ,Left ,+1 ,-1 ,0  ,+6 ,+1 ,-5 ,+12 ,+5
65.0427854 ,Left ,-2 ,+1 ,-1 ,-1 ,+7 ,+13 ,+4 ,-3
65.0427885 ,Left ,-3 ,-5 ,-5 ,-15 ,+4 ,+7 ,+29 ,-1
65.0516277 ,Left ,-1 ,-3 ,-2 ,-30 ,-48 ,-19 ,-54 ,-6
65.0516301 ,Left ,-1 ,-1 ,+1 ,+30 ,+13 ,+1 ,+30 ,+12
65.0664818 ,Left ,-4 ,-1 ,-2 ,-7 ,-13 ,+33 ,-28 ,-11
65.0664845 ,Left ,+5 ,-1 ,-2 ,-14 ,+8 ,+26 ,-3 ,+7
65.0680351 ,Left ,-9 ,-4 ,-3 ,+20 ,-1 ,-38 ,-19 ,-11
65.0680377 ,Left ,+3 ,+9 ,+7 ,-1 ,+1 ,+7 ,+27 ,+10
65.0964965 ,Left ,+1 ,0  ,-2 ,-13 ,-6 ,-19 ,0  ,+7
65.0964997 ,Left ,-6 ,-4 ,-5 ,-1 ,-2 ,-4 ,+1 ,-2
65.0980234 ,Left ,+5 ,+1 ,+6 ,+17 ,+25 ,+27 ,+15 ,+6
65.0980261 ,Left ,-6 ,-8 ,-5 ,+3 ,-46 ,-18 ,-21 ,-11
65.1026046 ,Left ,0  ,+3 ,+4 ,+27 ,+8 ,-9 ,+17 ,+3
65.1026072 ,Left ,-7 ,-7 ,-7 ,-4 ,-8 ,-11 ,-24 ,-7
65.1115041 ,Left ,0  ,0  ,-10 ,-49 ,-14 ,-1 ,+14 ,+2
65.1115352 ,Left ,+4 ,+2 ,+18 ,+44 ,+16 ,+3 ,-7 ,+2
65.1263108 ,Left ,-1 ,-5 ,-5 ,-26 ,-2 ,+3 ,-1 ,-5
65.1263667 ,Left ,-3 ,-11 ,-18 ,+21 ,-7 ,-14 ,-12 ,-2
65.1278577 ,Left ,+2 ,+7 ,+20 ,-10 ,+3 ,+12 ,+20 ,+4
65.1278602 ,Left ,-3 ,-2 ,-5 ,-10 ,+3 ,+3 ,-10 ,-9
65.1489918 ,Left ,-1 ,-3 ,-16 ,-5 ,+5 ,-1 ,-4 ,-1
65.1489946 ,Left ,+1 ,-3 ,-21 ,-44 ,+1 ,-9 ,-1 ,-3
65.1505824 ,Left ,+2 ,+7 ,+37 ,+38 ,+9 ,+4 ,+13 ,+3
65.1505848 ,Left ,-2 ,-17 ,-77 ,-109 ,-9 ,0  ,-16 ,-5
65.1624716 ,Left ,0  ,+3 ,+12 ,+50 ,+5 ,-9 ,+3 ,-1
65.1624943 ,Left ,+2 ,+9 ,+22 ,-10 ,-1 ,-6 ,+2 ,+1
65.1716181 ,Left ,-3 ,-1 ,+1 ,+17 ,-7 ,+6 ,+2 ,-5
65.1716208 ,Left ,-3 ,-4 ,+5 ,-1 ,+2 ,-1 ,-10 ,-3
65.1863341 ,Left ,-3 ,-8 ,-26 ,-29 ,0  ,0  ,+7 ,-2
65.1863367 ,Left ,+1 ,+5 ,+14 ,+30 ,-2 ,-2 ,0  ,-1
65.1878287 ,Left ,0  ,+1 ,-5 ,-23 ,-6 ,+3 ,+2 ,0 
65.1878311 ,Left ,0  ,+6 ,+27 ,+32 ,+8 ,-3 ,-3 ,-1
65.2090995 ,Left ,-3 ,-3 ,-10 ,-22 ,-6 ,-6 ,+2 ,0 
65.2091022 ,Left ,-1 ,+2 ,+9 ,+5 ,+6 ,0  ,-2 ,0 
65.2105957 ,Left ,-4 ,-8 ,-10 ,+20 ,-3 ,-3 ,+2 ,-1
65.2105984 ,Left ,0  ,-3 ,-12 ,-20 ,-3 ,+1 ,-1 ,0 
65.2225868 ,Left ,0  ,+3 ,+14 ,+24 ,+3 ,-1 ,-2 ,-3
65.2225894 ,Left ,0  ,-3 ,-2 ,-25 ,-7 ,-4 ,-4 ,-2
65.2315237 ,Left ,-1 ,-5 ,-19 ,-14 ,+2 ,+4 ,+4 ,-6
65.2315265 ,Left ,-4 ,+3 ,+7 ,+13 ,+2 ,+15 ,+6 ,+9
65.2465594 ,Left ,+2 ,-1 ,+3 ,-11 ,-4 ,-14 ,-18 ,-2
65.2465629 ,Left ,-1 ,+2 ,+3 ,+8 ,+1 ,0  ,+3 ,+2
65.248079 ,Left ,-1 ,-4 ,-11 ,+10 ,0  ,-1 ,+2 ,-5
65.2480823 ,Left ,-3 ,-2 ,+5 ,+15 ,+2 ,-3 ,-7 ,-4
65.2691523 ,Left ,+1 ,+3 ,+8 ,-22 ,-3 ,+4 ,-3 ,+2
65.2691557 ,Left ,0  ,-4 ,-3 ,+33 ,+12 ,-4 ,-3 ,-3
65.2706344 ,Left ,-4 ,-4 ,-17 ,-32 ,-5 ,-5 ,-5 ,+2
65.2706375 ,Left ,+1 ,-1 ,+8 ,+12 ,-8 ,+4 ,-3 ,-4
65.2914538 ,Left ,-3 ,-1 ,+3 ,+12 ,+1 ,-4 ,+5 ,-1
65.2914573 ,Left ,+1 ,+3 ,+1 ,-11 ,-3 ,+6 ,+4 ,-1
65.2930546 ,Left ,-1 ,-1 ,+6 ,+17 ,+3 ,-2 ,+1 ,+1
65.2930578 ,Left ,-2 ,-6 ,-24 ,-39 ,-1 ,-6 ,-1 ,-3
65.3063762 ,Left ,-4 ,-3 ,+3 ,+3 ,-2 ,-2 ,+1 ,-3
65.3063795 ,Left ,-1 ,-1 ,-13 ,+3 ,-4 ,-6 ,-4 ,-2
65.3079817 ,Left ,0  ,0  ,-4 ,-33 ,+8 ,+7 ,+4 ,+2
65.3079848 ,Left ,-1 ,-4 ,+6 ,+2 ,-3 ,-3 ,-3 ,-5
65.3289286 ,Left ,-1 ,0  ,+5 ,+63 ,+13 ,-16 ,-4 ,-2
65.3289329 ,Left ,0  ,0  ,+6 ,-7 ,-12 ,0  ,-1 ,0 
65.3304862 ,Left ,-1 ,-2 ,-10 ,-6 ,+3 ,+3 ,+1 ,+3
65.3304885 ,Left ,+1 ,0  ,-6 ,-2 ,+1 ,-9 ,-6 ,-5
65.351722 ,Left ,-1 ,-2 ,-4 ,-41 ,-5 ,+6 ,+5 ,-1
65.3517248 ,Left ,+1 ,+3 ,+15 ,+33 ,-1 ,+4 ,+2 ,+1
65.3530344 ,Left ,-2 ,-2 ,-4 ,-31 ,-1 ,-14 ,+2 ,-1
65.3530374 ,Left ,-3 ,0  ,+12 ,+49 ,+7 ,+9 ,-18 ,-4
65.3656949 ,Left ,-2 ,-3 ,-10 ,-32 ,-5 ,-3 ,-5 ,-16
65.3657045 ,Left ,-2 ,0  ,-4 ,-20 ,0  ,+10 ,-11 ,+19
65.3726006 ,Left ,-1 ,+1 ,+2 ,+17 ,-21 ,-20 ,+21 ,-2
65.3726031 ,Left ,-5 ,0  ,+4 ,-18 ,+14 ,+1 ,+8 ,+2
65.3889535 ,Left ,+2 ,-2 ,-3 ,+6 ,-4 ,+9 ,-21 ,0 
65.3889563 ,Left ,-2 ,-2 ,-7 ,-8 ,0  ,-11 ,-2 ,-9
65.3905667 ,Left ,+3 ,+3 ,0  ,-12 ,0  ,-5 ,-6 ,-5
65.3905697 ,Left ,-2 ,-1 ,-3 ,-40 ,-1 ,-7 ,-20 ,-19
65.411684 ,Left ,-11 ,-6 ,+1 ,+56 ,-2 ,+3 ,+55 ,+33
65.4116869 ,Left ,+5 ,-2 ,-8 ,-16 ,-1 ,-17 ,-38 ,-19
65.4130752 ,Left ,+8 ,+3 ,+2 ,+2 ,+23 ,+19 ,-2 ,+6
65.4130779 ,Left ,-1 ,+3 ,+3 ,-16 ,-39 ,-5 ,+22 ,+6
65.4262982 ,Left ,+1 ,+4 ,+3 ,+27 ,+9 ,+1 ,-11 ,-8
65.4263009 ,Left ,-1 ,-2 ,+7 ,+37 ,-4 ,-1 ,+12 ,+1
65.4279733 ,Left ,-8 ,-9 ,-13 ,-30 ,+11 ,+7 ,+8 ,-8
65.4279755 ,Left ,+2 ,-3 ,0  ,-6 ,-13 ,-11 ,-2 ,+4
65.4488252 ,Left ,+2 ,+9 ,+4 ,-10 ,+24 ,+2 ,-9 ,-4
65.4488309 ,Left ,-6 ,-7 ,-8 ,-36 ,-14 ,+2 ,+10 ,+5
65.4504754 ,Left ,+3 ,+5 ,+7 ,+20 ,-6 ,+1 ,-19 ,-1
65.4504779 ,Left ,+3 ,+6 ,+26 ,+75 ,+11 ,-2 ,0  ,+5
65.4717234 ,Left ,0  ,+4 ,+6 ,-68 ,-7 ,0  ,-4 ,-2
65.4717263 ,Left ,-2 ,-1 ,-24 ,-16 ,-36 ,-2 ,+4 ,-4
65.4730301 ,Left ,-6 ,-10 ,+22 ,+12 ,+13 ,+2 ,+2 ,+1
65.4730328 ,Left ,-2 ,-12 ,-63 ,-9 ,+9 ,+1 ,-2 ,-2
65.4860167 ,Left ,+5 ,+4 ,+13 ,+3 ,-10 ,-2 ,+7 ,-3
65.4860195 ,Left ,-3 ,+1 ,-4 ,-34 ,+12 ,-2 ,-2 ,-1
65.4925264 ,Left ,-3 ,-2 ,+15 ,+41 ,+6 ,+2 ,-7 ,-3
65.4925291 ,Left ,+2 ,+15 ,+57 ,+88 ,-3 ,+1 ,+2 ,+4
65.508974 ,Left ,-6 ,-15 ,-45 ,-43 ,-10 ,-2 ,-6 ,-3
65.5089771 ,Left ,-1 ,-2 ,-6 ,+8 ,+7 ,-1 ,+2 ,0 
65.5105593 ,Left ,0  ,+3 ,+4 ,+4 ,-13 ,-3 ,-2 ,0 
65.5105624 ,Left ,-5 ,-11 ,-61 ,-47 ,+18 ,+16 ,0  ,-3
65.5321538 ,Left ,-1 ,+5 ,+23 ,-2 ,-1 ,-1 ,-3 ,-2
65.5321564 ,Left ,-1 ,+3 ,+7 ,-19 ,+8 ,-15 ,-2 ,-2
65.5337123 ,Left ,+1 ,+1 ,+8 ,+62 ,-9 ,0  ,-8 ,0 
65.5337151 ,Left ,-2 ,-1 ,+14 ,-19 ,+1 ,-4 ,+5 ,-2
65.5459494 ,Left ,0  ,0  ,-7 ,+13 ,-2 ,+14 ,+4 ,-1
65.545953 ,Left ,+1 ,0  ,+6 ,-1 ,+11 ,+2 ,+10 ,+5
65.5525857 ,Left ,0  ,-6 ,-20 ,-32 ,-10 ,-8 ,-15 ,-2
65.5525881 ,Left ,+5 ,-1 ,0  ,-42 ,-5 ,-10 ,+2 ,+1
65.5689661 ,Left ,-1 ,-2 ,-1 ,+25 ,-4 ,-5 ,-7 ,+2
65.5689685 ,Left ,-3 ,+1 ,+15 ,+28 ,+7 ,+18 ,+6 ,-7
65.5704703 ,Left ,-6 ,-3 ,-20 ,-47 ,-6 ,+4 ,+8 ,-4
65.5705103 ,Left ,+4 ,0  ,+2 ,+2 ,+4 ,0  ,-15 ,+4
65.591517 ,Left ,-5 ,0  ,-1 ,-29 ,-7 ,+4 ,+34 ,+17
65.5915275 ,Left ,+4 ,0  ,-1 ,+7 ,+4 ,-6 ,-17 ,+4
65.5930359 ,Left ,-14 ,0  ,-7 ,-6 ,-7 ,-4 ,-7 ,-3
65.5930391 ,Left ,+10 ,0  ,+6 ,-5 ,+2 ,+5 ,-25 ,-1
65.6056802 ,Left ,+1 ,-1 ,+6 ,+29 ,+10 ,-2 ,+4 ,-7
65.6056828 ,Left ,-2 ,-3 ,-3 ,+2 ,-8 ,+1 ,-22 ,+3
65.6126079 ,Left ,-4 ,+1 ,-9 ,-6 ,+3 ,+2 ,+25 ,-2
65.6126104 ,Left ,-4 ,+2 ,+12 ,+12 ,-42 ,-8 ,+1 ,+3
65.6290857 ,Left ,-1 ,-8 ,-12 ,-17 ,+22 ,+15 ,+13 ,-7
65.6290884 ,Left ,+1 ,+1 ,+3 ,+34 ,+1 ,-30 ,-22 ,-2
65.6305614 ,Left ,+1 ,+1 ,0  ,-11 ,+5 ,+8 ,+5 ,+1
65.630564 ,Left ,-4 ,-4 ,0  ,+13 ,+7 ,-18 ,-18 ,-4
65.6514914 ,Left ,-2 ,-1 ,-7 ,-16 ,-18 ,+20 ,+9 ,-10
65.6514943 ,Left ,-4 ,-2 ,-6 ,-36 ,-6 ,+8 ,+20 ,-6
65.6528467 ,Left ,+6 ,+4 ,+8 ,+39 ,+4 ,-1 ,-16 ,+1
65.6528697 ,Left ,-8 ,-5 ,-2 ,+12 ,+4 ,+2 ,+9 ,-2
65.6659354 ,Left ,+1 ,+1 ,+1 ,0  ,+4 ,-20 ,-15 ,0 
65.6659396 ,Left ,-3 ,-4 ,+6 ,-5 ,-35 ,-3 ,-7 ,-5
65.6727208 ,Left ,+9 ,+5 ,-17 ,-32 ,+3 ,+6 ,+9 ,+6
65.6727341 ,Left ,-1 ,+8 ,+21 ,+16 ,-16 ,-4 ,+13 ,+1
65.6890333 ,Left ,0  ,-3 ,+22 ,+43 ,+14 ,-2 ,-16 ,-5
65.689036 ,Left ,+1 ,+4 ,+1 ,-4 ,+3 ,+3 ,+12 ,0 
65.6905647 ,Left ,0  ,-2 ,-11 ,-16 ,-21 ,-5 ,-3 ,0 
65.690568 ,Left ,-6 ,-7 ,-4 ,+37 ,+1 ,+4 ,+2 ,-6
65.7191723 ,Left ,-2 ,-8 ,-29 ,-39 ,+3 ,-8 ,-12 ,-1
65.7191755 ,Left ,-2 ,-12 ,0  ,-55 ,-2 ,-2 ,+5 ,-3
65.7206841 ,Left ,-2 ,0  ,+5 ,+44 ,-7 ,-7 ,-3 ,-3
65.7206869 ,Left ,-2 ,-4 ,-23 ,-30 ,+12 ,-1 ,-5 ,-5
65.7249295 ,Left ,+3 ,+8 ,+35 ,+21 ,+4 ,+13 ,+5 ,+2
65.7249496 ,Left ,-1 ,-14 ,-67 ,-13 ,-8 ,-25 ,-4 ,+3
65.7339706 ,Left ,0  ,+6 ,+36 ,-9 ,-1 ,+22 ,+9 ,-2
65.7339927 ,Left ,-3 ,-1 ,-17 ,-14 ,-40 ,-7 ,+2 ,-1
65.7488669 ,Left ,-5 ,-11 ,-51 ,-7 ,+8 ,-14 ,-5 ,+1
65.7488694 ,Left ,-3 ,+1 ,+18 ,+47 ,+11 ,+8 ,-18 ,-9
65.7504974 ,Left ,+1 ,+3 ,+6 ,-14 ,-4 ,-6 ,-6 ,+4
65.7505004 ,Left ,0  ,+4 ,+20 ,0  ,-36 ,-16 ,-40 ,-2
65.7713942 ,Left ,-4 ,+1 ,-2 ,-24 ,-7 ,+13 ,+3 ,-7
65.7713968 ,Left ,-1 ,+6 ,+14 ,+22 ,+7 ,-14 ,0  ,0 
65.7729471 ,Left ,+1 ,-5 ,-14 ,+10 ,-1 ,-10 ,+21 ,+1
65.7729495 ,Left ,-2 ,-1 ,-2 ,-13 ,+28 ,+29 ,-2 ,+1
65.7850241 ,Left ,+1 ,+3 ,+7 ,-1 ,-16 ,-59 ,+13 ,-4
65.7850271 ,Left ,+1 ,+3 ,+1 ,-9 ,-6 ,+11 ,-1 ,+8
65.7941829 ,Left ,-5 ,-10 ,-8 ,-44 ,+1 ,+30 ,-4 ,-11
65.7941857 ,Left ,-1 ,0  ,+1 ,+75 ,+9 ,-11 ,+43 ,+8
65.8091146 ,Left ,-4 ,0  ,-4 ,-17 ,-13 ,+6 ,-3 ,-7
65.8091174 ,Left ,+7 ,+3 ,+9 ,+13 ,-2 ,-1 ,+42 ,+12
65.8105659 ,Left ,+2 ,-2 ,-7 ,-16 ,-3 ,-6 ,-10 ,-8
65.8106401 ,Left ,-9 ,-4 ,-1 ,-21 ,+10 ,+11 ,+8 ,-4
65.8315556 ,Left ,+5 ,+2 ,+4 ,+16 ,-13 ,+3 ,+25 ,+7
65.8315583 ,Left ,+1 ,0  ,+1 ,-9 ,+1 ,+11 ,-12 ,-1
65.8330175 ,Left ,-3 ,-1 ,-4 ,-3 ,+32 ,+18 ,-47 ,-2
65.8330204 ,Left ,-1 ,-4 ,-3 ,-17 ,-10 ,-14 ,+10 ,-1
65.8450848 ,Left ,-5 ,-3 ,+3 ,+23 ,+1 ,+9 ,-23 ,-8
65.8450872 ,Left ,-1 ,+4 ,+1 ,-6 ,+5 ,+14 ,+41 ,0 
65.854009 ,Left ,0  ,+1 ,0  ,+9 ,+8 ,-22 ,-14 ,+1
65.8540115 ,Left ,+3 ,+2 ,+4 ,-3 ,+11 ,+10 ,+20 ,+2
65.8696179 ,Left ,-4 ,-4 ,-2 ,-12 ,-23 ,-1 ,-12 ,+2
65.8696213 ,Left ,-2 ,-2 ,+5 ,+15 ,+18 ,-3 ,-29 ,-6
65.8712728 ,Left ,-4 ,-2 ,-6 ,+6 ,-13 ,-7 ,+9 ,0 
65.8712759 ,Left ,0  ,-1 ,-8 ,-41 ,+3 ,-13 ,-16 ,-5
65.8914562 ,Left ,0  ,-1 ,+8 ,+40 ,-4 ,+4 ,+1 ,+3
65.8914594 ,Left ,-5 ,-4 ,-3 ,+19 ,-12 ,+3 ,-10 ,-7
65.8929715 ,Left ,+4 ,+1 ,+4 ,+38 ,+9 ,-12 ,+9 ,+2
65.8929743 ,Left ,+1 ,-6 ,-12 ,-13 ,+12 ,+4 ,+4 ,+1
65.905322 ,Left ,+2 ,+4 ,+1 ,-46 ,+7 ,-4 ,-14 ,+2
65.9053253 ,Left ,-2 ,-4 ,-10 ,-3 ,-1 ,0  ,0  ,-4
65.9141152 ,Left ,-2 ,-5 ,-1 ,-5 ,-4 ,-8 ,+5 ,+1
65.9141183 ,Left ,-3 ,-1 ,-2 ,-9 ,+5 ,+7 ,-8 ,-2
65.9290629 ,Left ,-3 ,-7 ,-4 ,+9 ,-3 ,-1 ,-8 ,-2
65.929066 ,Left ,0  ,-1 ,-4 ,+10 ,-29 ,-8 ,-3 ,-1
65.9305807 ,Left ,0  ,-8 ,-44 ,-67 ,-5 ,+1 ,+9 ,+2
65.9305837 ,Left ,-1 ,+2 ,+14 ,+24 ,+15 ,+3 ,-7 ,-3
65.9516512 ,Left ,0  ,+6 ,+18 ,+6 ,-2 ,+4 ,-4 ,+1
65.9516546 ,Left ,0  ,+7 ,+20 ,+12 ,+20 ,-2 ,+6 ,-1
65.9530463 ,Left ,-1 ,-4 ,-4 ,+35 ,-21 ,+2 ,-3 ,0 
65.9530495 ,Left ,-2 ,-3 ,-19 ,-40 ,-2 ,+3 ,+4 ,-3
65.965135 ,Left ,-1 ,+1 ,-2 ,-9 ,+20 ,+4 ,-3 ,0 
65.9651389 ,Left ,0  ,+2 ,0  ,-6 ,+6 ,-2 ,-3 ,-1
65.9802217 ,Left ,-3 ,+1 ,+12 ,+6 ,-10 ,0  ,+13 ,+1
65.9802286 ,Left ,+1 ,0  ,+4 ,+2 ,+3 ,-6 ,-13 ,-3
65.9963835 ,Left ,0  ,0  ,0  ,+3 ,-7 ,+3 ,-5 ,0 
65.9963896 ,Left ,-6 ,-8 ,-7 ,-7 ,+3 ,+12 ,-11 ,-16
65.997934 ,Left ,-1 ,+1 ,+4 ,+7 ,+4 ,-10 ,+2 ,+14
65.9979367 ,Left ,0  ,0  ,-4 ,+3 ,-1 ,-1 ,+10 ,0 
66.011567 ,Left ,+1 ,-2 ,0  ,-19 ,+2 ,0  ,-5 ,+1
66.01157 ,Left ,-10 ,-3 ,-10 ,-46 ,-7 ,-10 ,-3 ,-1
66.0129406 ,Left ,+3 ,+2 ,-1 ,+39 ,+4 ,+8 ,-5 ,+1
66.0130285 ,Left ,0  ,+3 ,+9 ,-26 ,-5 ,-2 ,+2 ,0 
66.0250297 ,Left ,-1 ,-2 ,-7 ,+7 ,-7 ,-4 ,+4 ,0 
66.0250326 ,Left ,-1 ,0  ,-6 ,-18 ,+4 ,-6 ,+3 ,+3
66.0340175 ,Left ,-2 ,-2 ,+11 ,+10 ,+1 ,-5 ,+3 ,-6
66.0340267 ,Left ,+1 ,-1 ,-2 ,+7 ,-1 ,+2 ,-5 ,+2
66.048309 ,Left ,-1 ,-3 ,-5 ,-4 ,-1 ,-4 ,0  ,0 
66.0483115 ,Left ,+1 ,-1 ,-2 ,-8 ,-1 ,+2 ,+5 ,0 
66.0550755 ,Left ,-1 ,+3 ,+12 ,+20 ,+4 ,+10 ,-11 ,-1
66.0550779 ,Left ,-1 ,+3 ,-4 ,-25 ,-7 ,-25 ,-1 ,-5
66.0714018 ,Left ,0  ,0  ,-9 ,-21 ,-3 ,-2 ,+2 ,-1
66.0714045 ,Left ,+1 ,-3 ,+4 ,+30 ,+5 ,+11 ,+6 ,0 
66.0729556 ,Left ,-1 ,-2 ,0  ,-7 ,-6 ,-34 ,-12 ,-6
66.0729581 ,Left ,-1 ,-3 ,-1 ,0  ,+3 ,+3 ,-5 ,-1
66.0940847 ,Left ,-1 ,+1 ,+1 ,+7 ,-3 ,-4 ,-2 ,-1
66.0940876 ,Left ,+2 ,-2 ,+1 ,+7 ,+3 ,+3 ,-2 ,+1
66.095582 ,Left ,-1 ,+1 ,0  ,-20 ,-3 ,+7 ,+4 ,-1
66.0955847 ,Left ,-1 ,+1 ,+13 ,+40 ,+5 ,+6 ,+5 ,-1
66.1078155 ,Left ,-2 ,-4 ,-26 ,-77 ,-11 ,-2 ,-3 ,-2
66.107821 ,Left ,+1 ,+1 ,+2 ,+16 ,-7 ,+1 ,0  ,+1
66.1166016 ,Left ,-3 ,-1 ,0  ,0  ,+2 ,0  ,+2 ,-2
66.1166058 ,Left ,+1 ,-3 ,-6 ,+18 ,-2 ,+2 ,-3 ,0 
66.1316856 ,Left ,-2 ,+1 ,+16 ,+41 ,+23 ,+2 ,-6 ,-1
66.1316886 ,Left ,-1 ,-5 ,-11 ,-23 ,-3 ,-1 ,+9 ,-1
66.1330776 ,Left ,-1 ,0  ,+2 ,-24 ,-10 ,-2 ,+7 ,-2
66.1330803 ,Left ,+2 ,+5 ,+6 ,+21 ,+1 ,0  ,-2 ,+1
66.1451072 ,Left ,-3 ,-4 ,-3 ,+31 ,+12 ,+2 ,+2 ,-2
66.1451097 ,Left ,0  ,-1 ,-4 ,-7 ,-5 ,+9 ,-1 ,0 
66.1539074 ,Left ,-2 ,-4 ,-6 ,-7 ,+22 ,-33 ,-6 ,-1
66.1539778 ,Left ,-1 ,-2 ,-4 ,-17 ,-27 ,+9 ,-3 ,-3
66.1688858 ,Left ,-1 ,-1 ,-11 ,+34 ,-4 ,-3 ,-1 ,-3
66.1688882 ,Left ,+4 ,+10 ,+23 ,-50 ,-1 ,-6 ,+1 ,+1
66.1704799 ,Left ,-2 ,-1 ,-5 ,+21 ,+1 ,+12 ,+1 ,-1
66.1704824 ,Left ,-2 ,-5 ,-1 ,+6 ,+5 ,-1 ,-2 ,0 
66.1915411 ,Left ,-1 ,-1 ,-2 ,-24 ,-11 ,-9 ,-2 ,-1
66.1915444 ,Left ,-5 ,-3 ,-6 ,+9 ,+1 ,+10 ,+7 ,-1
66.1932872 ,Left ,-2 ,+2 ,-3 ,+15 ,-4 ,-25 ,-8 ,-2
66.1932905 ,Left ,0  ,0  ,-3 ,-26 ,+3 ,-2 ,-3 ,-1
66.2139794 ,Left ,0  ,-1 ,0  ,-8 ,-8 ,+2 ,+3 ,+2
66.2139829 ,Left ,-1 ,-1 ,-8 ,-10 ,+4 ,-2 ,-4 ,-2
66.2156621 ,Left ,-1 ,-3 ,+13 ,+66 ,-4 ,+9 ,+2 ,-1
66.2156655 ,Left ,-1 ,-1 ,-5 ,-22 ,+2 ,-5 ,0  ,-2
66.2283329 ,Left ,+1 ,+3 ,+5 ,-10 ,+4 ,+1 ,-1 ,+2
66.2283361 ,Left ,+1 ,-2 ,+1 ,+14 ,-2 ,-8 ,-5 ,-2
66.235047 ,Left ,0  ,-1 ,-2 ,-14 ,+2 ,+7 ,+1 ,-1
66.2350502 ,Left ,0  ,0  ,+2 ,-11 ,-1 ,0  ,-1 ,0 
66.2515509 ,Left ,-2 ,-3 ,+9 ,+41 ,+14 ,+4 ,+2 ,-1
66.2515536 ,Left ,0  ,+1 ,0  ,-10 ,0  ,-12 ,0  ,-1
66.2530009 ,Left ,-1 ,-4 ,-6 ,+1 ,-12 ,+3 ,-5 ,-2
66.2530119 ,Left ,-2 ,-3 ,-1 ,-2 ,+7 ,+3 ,0  ,0 
66.2744603 ,Left ,+1 ,+2 ,+11 ,-3 ,-4 ,-3 ,+2 ,-2
66.2744837 ,Left ,-2 ,-4 ,-16 ,+24 ,-30 ,-4 ,-8 ,-2
66.2759224 ,Left ,+1 ,-1 ,-4 ,-23 ,+1 ,-5 ,-3 ,-1
66.2759248 ,Left ,-1 ,-1 ,0  ,-10 ,0  ,+9 ,-1 ,-1
66.287703 ,Left ,-1 ,-2 ,-3 ,+17 ,-3 ,-3 ,+4 ,+3
66.2877059 ,Left ,-2 ,-3 ,+1 ,-1 ,+12 ,+17 ,-5 ,-7
66.2966533 ,Left ,-1 ,-1 ,-11 ,-37 ,-13 ,-29 ,-3 ,+8
66.2966561 ,Left ,0  ,+1 ,-2 ,+11 ,-4 ,-3 ,-2 ,-1
66.3114654 ,Left ,0  ,0  ,0  ,+3 ,+1 ,+6 ,-3 ,+3
66.3114681 ,Left ,-2 ,-2 ,0  ,+1 ,-3 ,-2 ,+20 ,+5
66.3129411 ,Left ,-2 ,-1 ,+1 ,-30 ,0  ,+5 ,-18 ,-10
66.3129435 ,Left ,-5 ,0  ,0  ,+58 ,+17 ,+6 ,-37 ,-2
66.3341296 ,Left ,+7 ,+1 ,+2 ,+22 ,-9 ,-28 ,+4 ,-25
66.3341397 ,Left ,-6 ,-3 ,-6 ,-15 ,0  ,+62 ,+43 ,+30
66.3355808 ,Left ,-5 ,-7 ,-9 ,-7 ,-6 ,+1 ,-19 ,-7
66.3355834 ,Left ,0  ,+3 ,+9 ,+15 ,-9 ,+13 ,+25 ,+10
66.3476253 ,Left ,+10 ,+4 ,+2 ,-10 ,+40 ,+18 ,-7 ,+9
66.3476286 ,Left ,-5 ,-8 ,-6 ,-15 ,-38 ,-33 ,-3 ,-12
66.3564833 ,Left ,+5 ,+8 ,+7 ,+13 ,+16 ,+23 ,+12 ,+11
66.3564924 ,Left ,-4 ,-3 ,-1 ,-3 ,-6 ,-10 ,-23 ,-7
66.3716732 ,Left ,-4 ,-7 ,-11 ,-55 ,-13 ,+5 ,+9 ,+1
66.3716768 ,Left ,0  ,0  ,0  ,+9 ,+11 ,-13 ,-8 ,-4
66.3730789 ,Left ,-2 ,-2 ,+3 ,+12 ,+3 ,+9 ,+6 ,-2
66.3730818 ,Left ,+3 ,0  ,-6 ,-51 ,+10 ,-15 ,0  ,-2
66.3940901 ,Left ,-6 ,-10 ,+7 ,+92 ,-14 ,-8 ,+3 ,+2
66.3940933 ,Left ,+5 ,+5 ,-4 ,-56 ,+7 ,-12 ,-29 ,-5
66.3955195 ,Left ,-2 ,+3 ,+27 ,+74 ,-14 ,-3 ,+4 ,-3
66.3955223 ,Left ,-2 ,-11 ,-37 ,-19 ,+15 ,+3 ,+8 ,-1
66.4075661 ,Left ,-5 ,+3 ,+31 ,-23 ,-9 ,-1 ,-4 ,-4
66.407569 ,Left ,+1 ,+5 ,+5 ,+24 ,+5 ,-7 ,-6 ,-2
66.4166 ,Left ,-6 ,-24 ,-70 ,-57 ,-7 ,+7 ,-2 ,-6
66.416603 ,Left ,+4 ,+27 ,+106 ,+52 ,-7 ,-3 ,+14 ,+1
66.4316243 ,Left ,-8 ,-7 ,-25 ,-36 ,-4 ,+1 ,-6 ,+1
66.4316273 ,Left ,+1 ,+2 ,+18 ,+46 ,0  ,-15 ,-14 ,-6
66.4332308 ,Left ,-1 ,-3 ,+9 ,-9 ,+4 ,0  ,+9 ,+1
66.4332343 ,Left ,-5 ,-17 ,-53 ,-50 ,-9 ,-3 ,-5 ,-7
66.4545533 ,Left ,+2 ,+12 ,+37 ,+8 ,-9 ,-7 ,-4 ,+1
66.4547298 ,Left ,+1 ,+2 ,+10 ,+30 ,-7 ,-3 ,-1 ,+1
66.4560513 ,Left ,-2 ,-3 ,-20 ,-24 ,+37 ,+3 ,+3 ,-1
66.4560621 ,Left ,+1 ,-3 ,+6 ,+11 ,-30 ,-9 ,+3 ,0 
66.4683514 ,Left ,+2 ,+1 ,-10 ,-1 ,-5 ,+1 ,-2 ,+1
66.4683635 ,Left ,+1 ,+1 ,-2 ,-1 ,+1 ,-2 ,+2 ,-1
66.4768891 ,Left ,0  ,+4 ,+9 ,+4 ,0  ,+7 ,+1 ,-1
66.4770728 ,Left ,0  ,+1 ,-11 ,-11 ,+6 ,-5 ,-1 ,-2
66.4918856 ,Left ,-1 ,-5 ,-19 ,+3 ,-4 ,0  ,+2 ,0 
66.4920571 ,Left ,-1 ,-7 ,-1 ,+17 ,+14 ,-1 ,-4 ,-1
66.4934529 ,Left ,0  ,+4 ,+10 ,-26 ,-22 ,+1 ,+2 ,-3
66.4934778 ,Left ,-2 ,-6 ,-22 ,-55 ,-1 ,-3 ,+1 ,-3
66.51407 ,Left ,-4 ,-4 ,-1 ,+22 ,-4 ,-6 ,-2 ,-1
66.5141515 ,Left ,+1 ,-1 ,-5 ,+5 ,+23 ,+3 ,-2 ,-1
66.515559 ,Left ,+4 ,+4 ,+15 ,+30 ,-9 ,-3 ,+1 ,+2
66.5155629 ,Left ,-2 ,-5 ,-16 ,-30 ,-12 ,-5 ,+1 ,-3
66.5283452 ,Left ,-1 ,-5 ,-11 ,-30 ,+5 ,-2 ,-5 ,-2
66.5283478 ,Left ,-4 ,-3 ,-3 ,-12 ,-5 ,-5 ,-4 ,-3
66.5350492 ,Left ,+1 ,+3 ,+1 ,+9 ,+13 ,-1 ,+1 ,+1
66.5350516 ,Left ,+1 ,-1 ,-2 ,-5 ,-4 ,+1 ,0  ,+1
66.5526123 ,Left ,-3 ,-1 ,0  ,+23 ,+7 ,+1 ,-2 ,-1
66.5526151 ,Left ,-1 ,+1 ,-6 ,-2 ,+5 ,-1 ,-1 ,-1
66.5578017 ,Left ,+1 ,0  ,0  ,-17 ,-7 ,-2 ,0  ,-3
66.5578044 ,Left ,-1 ,-1 ,+6 ,+51 ,+2 ,+1 ,-1 ,0 
66.5742409 ,Left ,+1 ,+1 ,-10 ,-32 ,-8 ,-3 ,-2 ,0 
66.5742444 ,Left ,-1 ,-1 ,+2 ,-17 ,+9 ,0  ,-1 ,+1
66.5755404 ,Left ,-2 ,0  ,+1 ,+3 ,-22 ,-6 ,0  ,+1
66.5755429 ,Left ,-5 ,-4 ,0  ,+14 ,+5 ,+7 ,-1 ,-2
66.5878456 ,Left ,-1 ,-1 ,-8 ,-21 ,+2 ,+11 ,+2 ,0 
66.5878483 ,Left ,-2 ,-5 ,-7 ,-10 ,+1 ,-32 ,-10 ,-3
66.5966417 ,Left ,-1 ,+1 ,+2 ,-20 ,-1 ,+3 ,+3 ,0 
66.5966445 ,Left ,-4 ,+1 ,+1 ,+18 ,+8 ,+3 ,-6 ,+1
66.6114882 ,Left ,+5 ,-2 ,-6 ,-3 ,-13 ,-14 ,+7 ,+1
66.611491 ,Left ,-4 ,+1 ,+3 ,+7 ,-9 ,+1 ,-5 ,-5
66.6129467 ,Left ,-3 ,-1 ,+1 ,-13 ,+4 ,+19 ,-1 ,+6
66.613001 ,Left ,-1 ,-6 ,-3 ,+26 ,+1 ,+5 ,-3 ,-7
66.6341435 ,Left ,-2 ,0  ,-1 ,-10 ,+2 ,+4 ,+3 ,-2
66.6341468 ,Left ,-4 ,-1 ,-2 ,-6 ,-4 ,-10 ,-4 ,-6
66.6354689 ,Left ,+2 ,-1 ,-2 ,+4 ,+2 ,+14 ,+17 ,-3
66.6354714 ,Left ,+2 ,+2 ,+1 ,0  ,+1 ,-20 ,+4 ,-2
66.6474955 ,Left ,-4 ,+1 ,+2 ,-18 ,-6 ,+1 ,-3 ,-6
66.6474982 ,Left ,-2 ,-4 ,-5 ,+4 ,-2 ,+6 ,+12 ,+9
66.6566061 ,Left ,-1 ,+2 ,+5 ,+25 ,0  ,-4 ,-13 ,-5
66.6566091 ,Left ,-2 ,-2 ,+3 ,-18 ,+1 ,+2 ,+9 ,-1
66.6717228 ,Left ,-1 ,-3 ,-6 ,-7 ,-5 ,-4 ,-10 ,-2
66.6717261 ,Left ,+3 ,+2 ,-6 ,-29 ,-3 ,+2 ,-4 ,-4
66.6730412 ,Left ,-6 ,-9 ,-3 ,-4 ,+8 ,-6 ,-1 ,-1
66.6730447 ,Left ,+5 ,+4 ,-12 ,+17 ,-5 ,+2 ,+1 ,+6
66.6938393 ,Left ,-2 ,-1 ,+14 ,+16 ,-4 ,-8 ,-7 ,-4
66.6938422 ,Left ,-1 ,+5 ,+2 ,-7 ,+2 ,+11 ,-2 ,+2
66.6955048 ,Left ,-1 ,0  ,-10 ,-25 ,-8 ,-10 ,-1 ,0 
66.6955075 ,Left ,-5 ,-10 ,-13 ,+22 ,-1 ,-2 ,-3 ,-3
66.7078197 ,Left ,+1 ,-4 ,-32 ,-49 ,+2 ,+2 ,-4 ,+2
66.707823 ,Left ,0  ,+1 ,+27 ,+27 ,+25 ,0  ,+4 ,-1
66.7165961 ,Left ,0  ,-5 ,-8 ,-37 ,-22 ,-8 ,-6 ,-1
66.716599 ,Left ,+1 ,+1 ,+31 ,+41 ,+14 ,0  ,-3 ,-1
66.7313345 ,Left ,-1 ,-2 ,-20 ,-35 ,-14 ,0  ,+4 ,0 
66.7313396 ,Left ,0  ,-2 ,-15 ,-22 ,+8 ,+1 ,-2 ,+1
66.7329393 ,Left ,-3 ,0  ,+9 ,+20 ,+7 ,-8 ,-5 ,-4
66.7329417 ,Left ,-3 ,-2 ,-7 ,-55 ,-30 ,-3 ,-5 ,0 
66.7541369 ,Left ,+1 ,+2 ,+12 ,+71 ,+13 ,0  ,0  ,-1
66.7541396 ,Left ,0  ,-2 ,-17 ,-38 ,-3 ,+2 ,+1 ,-2
66.7555502 ,Left ,-4 ,0  ,+11 ,+18 ,-15 ,0  ,-6 ,-4
66.7555528 ,Left ,+1 ,+5 ,+17 ,+28 ,+7 ,0  ,+2 ,+1
66.7677023 ,Left ,-1 ,+1 ,+14 ,+17 ,+3 ,0  ,+1 ,+2
66.7677052 ,Left ,-1 ,-6 ,-25 ,-11 ,-21 ,0  ,-6 ,0 
66.7765043 ,Left ,-3 ,-1 ,-14 ,-31 ,+12 ,+3 ,+18 ,-2
66.7765269 ,Left ,+1 ,0  ,-4 ,-5 ,+5 ,+7 ,-2 ,+1
66.7915512 ,Left ,-2 ,+1 ,+7 ,+3 ,+21 ,-1 ,+1 ,+1
66.791554 ,Left ,+1 ,-2 ,-6 ,+27 ,-12 ,+2 ,-3 ,-1
66.7931056 ,Left ,+2 ,0  ,+10 ,+19 ,+4 ,-4 ,-3 ,+4
66.7931083 ,Left ,0  ,-3 ,-4 ,-6 ,+5 ,+5 ,+1 ,-1
66.8141461 ,Left ,-5 ,-4 ,-4 ,-14 ,-5 ,-1 ,-2 ,-2
66.8141491 ,Left ,-2 ,-1 ,+10 ,+17 ,-5 ,-3 ,0  ,-1
66.8156052 ,Left ,+1 ,-1 ,-6 ,-10 ,+4 ,0  ,-5 ,-1
66.815608 ,Left ,-2 ,-2 ,-11 ,-35 ,-5 ,-5 ,-1 ,-1
66.8364487 ,Left ,-2 ,-4 ,0  ,+16 ,-5 ,-3 ,-5 ,-4
66.8364514 ,Left ,0  ,+2 ,+1 ,-18 ,-5 ,-2 ,-1 ,-2
66.8380641 ,Left ,+1 ,-2 ,-6 ,+19 ,-6 ,-3 ,-4 ,-1
66.8380668 ,Left ,+2 ,+3 ,0  ,-13 ,+5 ,-1 ,-1 ,-1
66.8514479 ,Left ,-5 ,-1 ,-2 ,-5 ,-5 ,-2 ,+1 ,0 
66.8514507 ,Left ,-3 ,-3 ,+3 ,+12 ,+4 ,+3 ,-1 ,-2
66.8529815 ,Left ,+3 ,+7 ,+14 ,-26 ,+1 ,-2 ,-2 ,+3
66.8529842 ,Left ,-3 ,-1 ,-4 ,+18 ,-11 ,-5 ,0  ,0 
66.8739823 ,Left ,-1 ,-5 ,-7 ,+1 ,+4 ,0  ,-3 ,-4
66.8739853 ,Left ,+1 ,-3 ,+3 ,+9 ,-6 ,-2 ,-1 ,0 
66.875618 ,Left ,-2 ,-3 ,-17 ,-4 ,+3 ,-3 ,-2 ,-4
66.8756206 ,Left ,+2 ,-2 ,-2 ,-4 ,+4 ,+1 ,+1 ,+1
66.8876684 ,Left ,-2 ,+1 ,+4 ,-9 ,-7 ,-1 ,0  ,-1
66.8876714 ,Left ,-1 ,-2 ,+6 ,+10 ,0  ,0  ,-1 ,-2
66.8966769 ,Left ,-2 ,-3 ,-1 ,+5 ,-1 ,-2 ,-2 ,-2
66.8966798 ,Left ,-4 ,+3 ,-5 ,-10 ,-22 ,-2 ,-1 ,0 
66.9116746 ,Left ,0  ,-5 ,-2 ,-8 ,+35 ,0  ,0  ,-1
66.9116779 ,Left ,+1 ,+5 ,+15 ,+58 ,+4 ,+2 ,+2 ,0 
66.9132186 ,Left ,-3 ,-3 ,-4 ,-45 ,-7 ,-4 ,-2 ,0 
66.9132233 ,Left ,-1 ,-2 ,+12 ,+66 ,+2 ,-1 ,-1 ,-2
66.9338401 ,Left ,-2 ,-4 ,-24 ,-43 ,-16 ,-1 ,-2 ,-1
66.9338623 ,Left ,-1 ,-4 ,+5 ,+8 ,-5 ,-2 ,+1 ,0 
66.9354949 ,Left ,+2 ,+4 ,-4 ,-4 ,+10 ,+2 ,-1 ,+1
66.9355547 ,Left ,0  ,-5 ,+3 ,-7 ,+6 ,0  ,-2 ,0 
66.9478106 ,Left ,-1 ,+7 ,+9 ,+9 ,-6 ,+1 ,0  ,0 
66.9478134 ,Left ,0  ,+1 ,-1 ,-16 ,-1 ,-1 ,-1 ,0 
66.9565374 ,Left ,-4 ,-7 ,-1 ,+7 ,-8 ,-3 ,-2 ,-3
66.9565402 ,Left ,-1 ,-1 ,-7 ,-21 ,+5 ,-3 ,0  ,-2
66.971464 ,Left ,+1 ,0  ,-1 ,+12 ,-2 ,0  ,0  ,-1
66.9714669 ,Left ,0  ,+1 ,-3 ,-3 ,-13 ,-3 ,-1 ,-3
66.9731025 ,Left ,+1 ,0  ,+1 ,+30 ,-9 ,-2 ,-2 ,0 
66.9731054 ,Left ,-1 ,0  ,-7 ,-59 ,-1 ,+1 ,+1 ,0 
66.9941677 ,Left ,-2 ,-3 ,+7 ,+52 ,+2 ,-1 ,-1 ,-1
66.9941711 ,Left ,0  ,+1 ,+2 ,+3 ,-7 ,-1 ,0  ,-1
66.995632 ,Left ,+1 ,0  ,-4 ,+23 ,+1 ,-2 ,-1 ,+1
66.9956353 ,Left ,+1 ,+3 ,+4 ,+19 ,+3 ,0  ,-1 ,-1
67.0078157 ,Left ,+1 ,0  ,-6 ,-28 ,-9 ,-2 ,0  ,0 
67.0078193 ,Left ,-4 ,-5 ,-5 ,-6 ,0  ,-1 ,-3 ,-3
67.0165898 ,Left ,-2 ,-5 ,+6 ,-5 ,-4 ,0  ,+1 ,-3
67.0165958 ,Left ,+2 ,+10 ,+5 ,+2 ,+17 ,0  ,0  ,-1
67.0322073 ,Left ,-1 ,0  ,+14 ,+8 ,-7 ,-4 ,-2 ,0 
67.0322107 ,Left ,-3 ,-6 ,-20 ,-27 ,+2 ,-1 ,-1 ,0 
67.0336121 ,Left ,-3 ,-5 ,-10 ,-7 ,+3 ,-1 ,-3 ,-1
67.0336153 ,Left ,-3 ,-4 ,-1 ,+10 ,-1 ,-2 ,-1 ,-2
67.0541023 ,Left ,+1 ,+1 ,-1 ,-1 ,-6 ,-1 ,-1 ,-2
67.054106 ,Left ,0  ,-1 ,+5 ,-5 ,+5 ,0  ,-2 ,-2
67.0556253 ,Left ,+1 ,+8 ,+12 ,+37 ,+4 ,+1 ,0  ,+1
67.0556285 ,Left ,-3 ,-8 ,-7 ,-45 ,-6 ,-5 ,-2 ,-2
67.0675864 ,Left ,0  ,+5 ,-3 ,+2 ,-11 ,0  ,0  ,-1
67.0676589 ,Left ,-3 ,-7 ,-6 ,+3 ,+8 ,-2 ,-2 ,-2
67.0766461 ,Left ,+1 ,+1 ,-4 ,+3 ,+3 ,0  ,-1 ,-2
67.0766496 ,Left ,-1 ,+4 ,0  ,+9 ,-8 ,-2 ,-2 ,0 
67.0915476 ,Left ,+1 ,-3 ,-1 ,-11 ,-4 ,-1 ,-2 ,-1
67.0915509 ,Left ,-1 ,0  ,-1 ,-3 ,-2 ,-1 ,+2 ,-1
67.0931319 ,Left ,-1 ,-2 ,-1 ,-9 ,-2 ,-2 ,0  ,0 
67.093135 ,Left ,-2 ,-2 ,+1 ,-21 ,+3 ,+3 ,0  ,-1
67.113998 ,Left ,0  ,+3 ,-2 ,+48 ,+3 ,-2 ,0  ,0 
67.1140021 ,Left ,-3 ,-8 ,-20 ,+32 ,-46 ,-5 ,-4 ,-1
67.1155523 ,Left ,+1 ,+3 ,+22 ,+13 ,+20 ,+2 ,-1 ,0 
67.1155554 ,Left ,-1 ,-5 ,+2 ,-1 ,-1 ,-1 ,-2 ,-1
67.1276651 ,Left ,-3 ,-5 ,-23 ,-29 ,+1 ,+3 ,+1 ,+2
67.1276684 ,Left ,-1 ,+1 ,+4 ,-12 ,+11 ,-1 ,-1 ,-2
67.1365761 ,Left ,-1 ,-3 ,-7 ,-14 ,-8 ,-4 ,-1 ,-1
67.1365859 ,Left ,-1 ,-2 ,+3 ,+28 ,-1 ,+1 ,-1 ,-2
67.1517174 ,Left ,+2 ,-1 ,+8 ,-10 ,+7 ,-2 ,0  ,-2
67.1517203 ,Left ,+1 ,+2 ,+2 ,-6 ,+1 ,-1 ,-1 ,0 
67.1531392 ,Left ,-1 ,-2 ,-13 ,-31 ,-2 ,-3 ,-2 ,-1
67.1531421 ,Left ,0  ,+4 ,+8 ,+31 ,+7 ,0  ,-1 ,0 
67.1741279 ,Left ,-3 ,-3 ,-7 ,+1 ,-8 ,-3 ,-1 ,-3
67.1741308 ,Left ,-3 ,-2 ,-6 ,-50 ,-1 ,+5 ,+2 ,-3
67.1755478 ,Left ,-2 ,-1 ,+1 ,+4 ,-4 ,-21 ,-6 ,-2
67.1755504 ,Left ,-2 ,-1 ,-10 ,-10 ,-4 ,+2 ,0  ,+1
67.1963395 ,Left ,0  ,+1 ,+3 ,-1 ,-2 ,0  ,-3 ,+1
67.1963423 ,Left ,0  ,+4 ,+9 ,+19 ,-5 ,+1 ,0  ,+1
67.1980647 ,Left ,-2 ,-3 ,-8 ,-12 ,+20 ,+7 ,0  ,-2
67.1980681 ,Left ,+2 ,-1 ,-7 ,+14 ,-1 ,-2 ,-1 ,-1
67.2105442 ,Left ,-2 ,-3 ,-1 ,-19 ,-11 ,-1 ,-3 ,-1
67.2105467 ,Left ,-1 ,0  ,+5 ,-12 ,+6 ,-2 ,+1 ,-1
67.2190465 ,Left ,+2 ,+2 ,-2 ,+5 ,-12 ,+1 ,0  ,-1
67.2190495 ,Left ,-1 ,-3 ,+2 ,+3 ,-1 ,-1 ,0  ,-1
67.2340398 ,Left ,-3 ,0  ,-6 ,-1 ,+8 ,+5 ,+2 ,0 
67.2340426 ,Left ,+1 ,-1 ,-10 ,0  ,-1 ,-4 ,-2 ,0 
67.2355741 ,Left ,-4 ,-4 ,-1 ,0  ,-10 ,+2 ,-2 ,-1
67.2355774 ,Left ,-1 ,-2 ,0  ,+1 ,+6 ,0  ,+1 ,-1
67.2565359 ,Left ,-1 ,-2 ,+6 ,+14 ,-4 ,-4 ,0  ,-2
67.2565387 ,Left ,0  ,0  ,-1 ,-24 ,-3 ,+1 ,-2 ,+1
67.258089 ,Left ,-1 ,-2 ,-4 ,-1 ,-15 ,-1 ,0  ,-2
67.2580919 ,Left ,-1 ,+2 ,-3 ,+1 ,+25 ,+2 ,-1 ,-1
67.2707206 ,Left ,-2 ,-4 ,+3 ,-3 ,+15 ,0  ,-3 ,-2
67.2707233 ,Left ,0  ,-1 ,+1 ,+9 ,+6 ,0  ,-1 ,0 
67.2776593 ,Left ,0  ,+1 ,+6 ,+5 ,-4 ,+4 ,-2 ,+2
67.277662 ,Left ,-1 ,-1 ,-5 ,-15 ,-6 ,-1 ,-2 ,-1
67.2939748 ,Left ,-1 ,+1 ,-1 ,-3 ,-3 ,-2 ,-2 ,0 
67.2939796 ,Left ,-1 ,-2 ,+2 ,+7 ,+6 ,0  ,-2 ,-2
67.2955938 ,Left ,-2 ,0  ,-3 ,-3 ,+3 ,+2 ,+1 ,-1
67.2955966 ,Left ,-1 ,-5 ,-6 ,+3 ,-7 ,-2 ,-1 ,-1
67.3164367 ,Left ,+1 ,+2 ,+4 ,-8 ,-3 ,-1 ,-2 ,-2
67.3164397 ,Left ,-1 ,+1 ,-3 ,-22 ,-7 ,+1 ,-1 ,0 
67.3180317 ,Left ,-2 ,-1 ,+4 ,+10 ,+1 ,+1 ,+2 ,0 
67.3180346 ,Left ,0  ,-1 ,-7 ,-11 ,-10 ,-4 ,-2 ,-1
67.3307596 ,Left ,0  ,-4 ,-3 ,-1 ,-5 ,0  ,0  ,-1
67.3307626 ,Left ,+1 ,+1 ,+7 ,+14 ,+8 ,-2 ,0  ,0 
67.3377132 ,Left ,0  ,-2 ,-3 ,+3 ,+8 ,0  ,+1 ,+1
67.3377199 ,Left ,-2 ,-5 ,-6 ,+11 ,-30 ,-6 ,-3 ,-2
67.3540423 ,Left ,-2 ,+1 ,+5 ,+8 ,+28 ,+1 ,-1 ,-1
67.3540455 ,Left ,-3 ,0  ,-1 ,+20 ,+1 ,-2 ,-2 ,-2
67.3556678 ,Left ,-2 ,0  ,-2 ,-10 ,+4 ,0  ,-1 ,-2
67.3556707 ,Left ,-3 ,-2 ,+1 ,-3 ,+6 ,-2 ,-2 ,+1
67.3756885 ,Left ,0  ,+1 ,0  ,-3 ,-44 ,-4 ,-3 ,-2
67.3756916 ,Left ,0  ,+1 ,+1 ,+6 ,+6 ,0  ,0  ,0 
67.3842186 ,Left ,+1 ,+3 ,-4 ,0  ,+1 ,+2 ,+1 ,+2
67.3842225 ,Left ,-4 ,-4 ,-1 ,-33 ,-3 ,-1 ,-1 ,-3
67.3910845 ,Left ,-2 ,-4 ,+1 ,+17 ,+2 ,-3 ,-1 ,-3
67.3910887 ,Left ,0  ,0  ,-2 ,0  ,+2 ,+7 ,0  ,0 
67.3975576 ,Left ,-1 ,-4 ,-5 ,-7 ,-13 ,-19 ,-6 ,-3
67.3975612 ,Left ,0  ,+1 ,0  ,-1 ,+2 ,+3 ,+2 ,0 
67.4142374 ,Left ,-1 ,+4 ,0  ,-5 ,-1 ,0  ,+1 ,0 
67.4142413 ,Left ,-2 ,-4 ,-7 ,0  ,-3 ,-3 ,-1 ,-2
67.4156897 ,Left ,0  ,+1 ,-1 ,-6 ,-4 ,+1 ,0  ,-1
67.4156933 ,Left ,+1 ,-1 ,+2 ,-5 ,+5 ,0  ,0  ,-1
67.4364466 ,Left ,-3 ,-2 ,-1 ,+31 ,+3 ,-3 ,-2 ,-1
67.4364494 ,Left ,-1 ,-1 ,-2 ,+2 ,+2 ,+2 ,-1 ,0 
67.4379532 ,Left ,-1 ,-2 ,-2 ,-12 ,-6 ,-3 ,-1 ,+2
67.4379558 ,Left ,-2 ,0  ,-3 ,+9 ,-2 ,-2 ,-1 ,-2
67.4509863 ,Left ,0  ,+1 ,+9 ,-27 ,-5 ,+1 ,-1 ,+1
67.4509888 ,Left ,-2 ,-3 ,-16 ,-19 ,+23 ,0  ,+1 ,-1
67.4575292 ,Left ,0  ,-5 ,-4 ,+7 ,+16 ,+2 ,-2 ,-3
67.4575875 ,Left ,0  ,-1 ,-2 ,+5 ,-10 ,-1 ,-1 ,-1
67.4740093 ,Left ,0  ,+1 ,+5 ,+7 ,-3 ,-1 ,0  ,+2
67.4740149 ,Left ,-2 ,-4 ,-3 ,-7 ,-11 ,-6 ,-4 ,-2
67.475581 ,Left ,0  ,-1 ,+1 ,-10 ,+6 ,+2 ,+1 ,-1
67.4755844 ,Left ,-1 ,0  ,-1 ,+24 ,+7 ,0  ,0  ,-3
67.4965529 ,Left ,0  ,0  ,-7 ,-22 ,-7 ,-1 ,+1 ,-2
67.4965594 ,Left ,+1 ,-1 ,+4 ,+13 ,0  ,-1 ,+1 ,+2
67.498077 ,Left ,-3 ,-1 ,-5 ,+7 ,-9 ,0  ,-1 ,-1
67.4980811 ,Left ,-1 ,0  ,+3 ,0  ,+5 ,0  ,-3 ,-1
67.5108352 ,Left ,-1 ,-1 ,-5 ,-43 ,-20 ,0  ,0  ,0 
67.5108482 ,Left ,0  ,+2 ,+6 ,+25 ,+3 ,-2 ,-2 ,-2
67.5178111 ,Left ,0  ,-3 ,+1 ,-2 ,-2 ,0  ,-1 ,-1
67.5178152 ,Left ,-1 ,0  ,-2 ,-2 ,-13 ,-1 ,0  ,0 
67.5348407 ,Left ,-3 ,-1 ,-3 ,-11 ,+12 ,0  ,0  ,0 
67.5348448 ,Left ,+2 ,0  ,+1 ,+5 ,-4 ,-2 ,0  ,-1
67.5363311 ,Left ,-1 ,+2 ,0  ,-11 ,-11 ,-1 ,-1 ,0 
67.5363355 ,Left ,-1 ,0  ,+5 ,+9 ,-2 ,-2 ,-3 ,-1
67.5564501 ,Left ,-2 ,-6 ,-9 ,-3 ,+20 ,+1 ,-1 ,0 
67.5564946 ,Left ,-4 ,+3 ,+9 ,-1 ,-44 ,-7 ,-1 ,-1
67.5579678 ,Left ,+1 ,+1 ,+4 ,+38 ,+1 ,+2 ,-1 ,-1
67.5580097 ,Left ,-1 ,-3 ,-16 ,-54 ,+6 ,-2 ,-1 ,-3
67.571013 ,Left ,+1 ,-1 ,+9 ,+20 ,+13 ,+1 ,0  ,-1
67.5710172 ,Left ,-1 ,0  ,-6 ,-9 ,+3 ,-1 ,-1 ,0 
67.5778477 ,Left ,-1 ,0  ,+10 ,+23 ,-1 ,-1 ,0  ,-1
67.5778519 ,Left ,-2 ,+2 ,-3 ,-18 ,-4 ,-1 ,0  ,0 
67.5941307 ,Left ,-2 ,-4 ,-2 ,+35 ,+8 ,+5 ,+1 ,-2
67.5941349 ,Left ,-2 ,-3 ,+1 ,-14 ,-5 ,-21 ,-6 ,-2
67.5957698 ,Left ,-1 ,-3 ,-5 ,-17 ,-5 ,0  ,0  ,-1
67.5957738 ,Left ,0  ,-1 ,+3 ,+27 ,+8 ,-1 ,-1 ,-1
67.6165697 ,Left ,+1 ,+2 ,-8 ,-39 ,-13 ,0  ,0  ,0 
67.6165741 ,Left ,-2 ,-2 ,+1 ,+17 ,+4 ,+5 ,0  ,-1
67.6181068 ,Left ,-1 ,-3 ,-4 ,-2 ,+3 ,-2 ,-4 ,-1
67.6181105 ,Left ,0  ,-1 ,+1 ,-4 ,-1 ,-5 ,-1 ,0 
67.6310828 ,Left ,-1 ,-2 ,-1 ,-1 ,-3 ,-3 ,-2 ,-1
67.6310868 ,Left ,-1 ,0  ,-3 ,-2 ,+7 ,+4 ,0  ,-1
67.6376248 ,Left ,-1 ,-2 ,-4 ,-19 ,-40 ,-4 ,-3 ,-1
67.6376285 ,Left ,0  ,0  ,+4 ,+35 ,+5 ,+3 ,+1 ,0 
67.6616724 ,Left ,-1 ,-5 ,-9 ,-10 ,+5 ,-7 ,-5 ,-3
67.6616764 ,Left ,-1 ,-2 ,+3 ,0  ,+5 ,0  ,-1 ,0 
67.6632121 ,Left ,-1 ,+1 ,-2 ,-18 ,0  ,+1 ,0  ,-1
67.6632161 ,Left ,0  ,-3 ,+3 ,+12 ,+8 ,-2 ,+1 ,0 
67.6765192 ,Left ,-3 ,-1 ,-1 ,+1 ,-11 ,-1 ,+1 ,+1
67.6765232 ,Left ,-1 ,-1 ,+1 ,-6 ,+3 ,+2 ,-1 ,-2
67.6778615 ,Left ,-4 ,-5 ,-14 ,-29 ,+11 ,0  ,0  ,-1
67.6778638 ,Left ,0  ,+1 ,+2 ,-8 ,-10 ,0  ,+1 ,0 
67.6903581 ,Left ,-2 ,-1 ,+3 ,+22 ,+4 ,0  ,-2 ,-1
67.690361 ,Left ,-1 ,-1 ,+6 ,+3 ,+3 ,0  ,-1 ,-1
67.7052859 ,Left ,-1 ,+2 ,-3 ,+9 ,+6 ,0  ,0  ,0 
67.7052887 ,Left ,-2 ,-4 ,-6 ,-25 ,-6 ,-2 ,-1 ,0 
67.7140144 ,Left ,+1 ,+3 ,0  ,0  ,-5 ,-2 ,-3 ,0 
67.7140173 ,Left ,0  ,-2 ,+1 ,+5 ,+10 ,+3 ,-1 ,+2
67.7155119 ,Left ,-1 ,+2 ,+3 ,+5 ,+24 ,-1 ,0  ,-2
67.7155795 ,Left ,-1 ,0  ,-6 ,-14 ,-25 ,-3 ,-3 ,-2
67.7365232 ,Left ,-1 ,-3 ,-2 ,-15 ,+1 ,-1 ,-1 ,-2
67.7365407 ,Left ,-3 ,-2 ,0  ,+19 ,-7 ,-2 ,+1 ,-2
67.7380704 ,Left ,0  ,+1 ,+4 ,-4 ,+16 ,0  ,0  ,0 
67.7380737 ,Left ,-1 ,+2 ,-2 ,-23 ,+6 ,+1 ,0  ,-1
67.7501304 ,Left ,-1 ,-2 ,+1 ,+7 ,-13 ,-5 ,-2 ,-3
67.750133 ,Left ,-1 ,-2 ,-9 ,-27 ,-4 ,+3 ,-1 ,-1
67.7589674 ,Left ,-2 ,-1 ,-2 ,-2 ,-10 ,+5 ,+2 ,0 
67.7589705 ,Left ,-2 ,-2 ,-1 ,+24 ,+8 ,-13 ,-2 ,-2
67.7741632 ,Left ,0  ,-3 ,+2 ,-9 ,-4 ,-2 ,0  ,+3
67.7741675 ,Left ,-1 ,-1 ,-4 ,-8 ,-7 ,-1 ,-1 ,0 
67.775583 ,Left ,-1 ,-1 ,+6 ,+11 ,+9 ,+5 ,0  ,-1
67.7755862 ,Left ,0  ,+4 ,-7 ,-1 ,-14 ,-3 ,-4 ,-1
67.7965858 ,Left ,0  ,-2 ,-9 ,+5 ,+15 ,-3 ,-1 ,0 
67.7965903 ,Left ,0  ,-2 ,-3 ,+1 ,-2 ,+1 ,+1 ,0 
67.7981317 ,Left ,-2 ,-2 ,-1 ,+1 ,+15 ,0  ,-2 ,-1
67.7981357 ,Left ,0  ,-3 ,+2 ,-5 ,-3 ,+4 ,0  ,0 
67.8102303 ,Left ,-3 ,0  ,+5 ,+25 ,+24 ,0  ,-3 ,-3
67.810235 ,Left ,+1 ,-1 ,-6 ,-23 ,-9 ,+2 ,0  ,-2
67.8190073 ,Left ,-2 ,-1 ,-4 ,-7 ,-11 ,-8 ,+1 ,-1
67.8190112 ,Left ,-1 ,0  ,+6 ,+23 ,+10 ,+2 ,-1 ,-1
67.8340992 ,Left ,+1 ,+1 ,+3 ,-5 ,-9 ,+2 ,0  ,0 
67.8341035 ,Left ,0  ,-2 ,-7 ,-2 ,+9 ,-1 ,-2 ,-1
67.8355777 ,Left ,-1 ,-3 ,+1 ,+21 ,-7 ,-3 ,-2 ,-1
67.8355815 ,Left ,-1 ,-5 ,-6 ,-28 ,-5 ,0  ,0  ,-2
67.8565935 ,Left ,-1 ,0  ,-2 ,-1 ,-14 ,-2 ,0  ,0 
67.8565976 ,Left ,-3 ,-2 ,0  ,0  ,+4 ,-1 ,-1 ,0 
67.8581834 ,Left ,0  ,0  ,0  ,+35 ,-23 ,-4 ,-3 ,-1
67.8581877 ,Left ,-2 ,-2 ,-5 ,-12 ,-4 ,+1 ,0  ,+1
67.8703961 ,Left ,-2 ,0  ,-2 ,+5 ,+4 ,0  ,-2 ,-2
67.8704002 ,Left ,-2 ,-3 ,+1 ,+5 ,+1 ,-2 ,-1 ,-1
67.8791187 ,Left ,-1 ,+1 ,0  ,+18 ,-10 ,+4 ,+1 ,-1
67.8791228 ,Left ,-2 ,0  ,-3 ,-16 ,+13 ,-11 ,-5 ,-1
67.8939144 ,Left ,-2 ,+1 ,-3 ,-12 ,-4 ,+1 ,0  ,-1
67.8939184 ,Left ,-1 ,+1 ,+4 ,+17 ,-1 ,-1 ,-1 ,0 
67.8956031 ,Left ,0  ,-1 ,-9 ,-56 ,-1 ,+3 ,+1 ,0 
67.8956068 ,Left ,-3 ,-3 ,+7 ,+50 ,-22 ,+1 ,+1 ,-1
67.9165902 ,Left ,-2 ,-5 ,-9 ,-16 ,+24 ,0  ,+2 ,0 
67.9165945 ,Left ,0  ,+4 ,+9 ,+9 ,-5 ,-2 ,0  ,-1
67.9181625 ,Left ,-1 ,+1 ,-9 ,-12 ,0  ,-5 ,-3 ,-2
67.9181664 ,Left ,+3 ,+2 ,+11 ,+20 ,+8 ,+3 ,-1 ,0 
67.9303729 ,Left ,0  ,-4 ,-18 ,-30 ,-8 ,-2 ,-1 ,-2
67.9303774 ,Left ,0  ,-2 ,-5 ,+3 ,-7 ,+3 ,+1 ,0 
67.9392587 ,Left ,-1 ,-2 ,+8 ,+32 ,+5 ,-3 ,-9 ,-1
67.9392626 ,Left ,-1 ,-3 ,+1 ,-1 ,-1 ,-5 ,+15 ,-4
67.954081 ,Left ,+3 ,+2 ,+7 ,-4 ,-14 ,+19 ,-4 ,-2
67.9540851 ,Left ,-2 ,+1 ,-1 ,-6 ,+1 ,-35 ,-7 ,0 
67.9556886 ,Left ,-4 ,-1 ,-3 ,-26 ,-4 ,-25 ,-10 ,-8
67.9557034 ,Left ,-5 ,0  ,-3 ,+1 ,0  ,+16 ,-27 ,+4
67.9755315 ,Left ,+3 ,-1 ,+3 ,+10 ,+3 ,+8 ,+39 ,+4
67.9755353 ,Left ,-2 ,0  ,-3 ,-2 ,-4 ,+24 ,+6 ,+13
67.9841889 ,Left ,-5 ,-4 ,-1 ,+1 ,-1 ,-12 ,+15 ,-7
67.9841929 ,Left ,+7 ,-2 ,-4 ,-5 ,-7 ,-14 ,-30 ,-11
67.9902254 ,Left ,-5 ,-1 ,-3 ,-6 ,-11 ,-19 ,+30 ,+4
67.9902294 ,Left ,0  ,-2 ,-8 ,-17 ,-3 ,-14 ,-12 ,+1
67.9991062 ,Left ,+3 ,-1 ,+6 ,+17 ,-7 ,+2 ,+44 ,+4
67.999111 ,Left ,-2 ,-2 ,-10 ,-37 ,+22 ,-5 ,-60 ,-9
68.0139648 ,Left ,-6 ,-5 ,0  ,-3 ,-8 ,-7 ,-18 ,-9
68.0139685 ,Left ,+1 ,+5 ,+9 ,+28 ,+12 ,+16 ,+8 ,0 
68.0155667 ,Left ,-7 ,-5 ,-6 ,-14 ,-13 ,-14 ,+15 ,+3
68.0155704 ,Left ,+1 ,+4 ,0  ,+4 ,+5 ,+14 ,+22 ,+2
68.0364106 ,Left ,-4 ,-2 ,-4 ,-9 ,-8 ,-2 ,-14 ,-1
68.0364147 ,Left ,-2 ,0  ,-2 ,-23 ,-14 ,0  ,-4 ,-5
68.0380758 ,Left ,0  ,0  ,+4 ,+32 ,+4 ,+13 ,-19 ,-1
68.0380803 ,Left ,-4 ,-6 ,-7 ,+16 ,-9 ,-1 ,+18 ,+2
68.0501969 ,Left ,0  ,+4 ,+21 ,-32 ,-11 ,-1 ,-8 ,-3
68.0502008 ,Left ,-3 ,-14 ,-26 ,+50 ,+3 ,+4 ,+7 ,+1
68.0591263 ,Left ,+7 ,+15 ,-2 ,-48 ,-16 ,+2 ,-17 ,-1
68.0591306 ,Left ,-6 ,-8 ,-8 ,-11 ,-8 ,-6 ,+15 ,-2
68.0741455 ,Left ,-2 ,-1 ,-6 ,+34 ,0  ,-7 ,-11 ,0 
68.07415 ,Left ,+1 ,+10 ,+41 ,+19 ,+6 ,-2 ,-6 ,-5
68.075627 ,Left ,-2 ,-19 ,-74 ,-46 ,-5 ,+5 ,-7 ,0 
68.075631 ,Left ,0  ,+3 ,+34 ,-4 ,+1 ,-3 ,+6 ,+2
68.0965708 ,Left ,-2 ,+4 ,-18 ,-3 ,+4 ,0  ,-8 ,-3
68.0965755 ,Left ,-2 ,-2 ,+16 ,+33 ,+3 ,-3 ,-2 ,-4
68.0980889 ,Left ,-1 ,-4 ,-37 ,-18 ,-3 ,+4 ,-4 ,-1
68.0980931 ,Left ,0  ,+6 ,+31 ,0  ,0  ,+1 ,+14 ,+4
68.1192341 ,Left ,-4 ,-10 ,-40 ,-31 ,-15 ,-2 ,-8 ,-4
68.1192382 ,Left ,-1 ,-4 ,0  ,-1 ,+7 ,-4 ,0  ,-5
68.1206254 ,Left ,-3 ,+2 ,+18 ,-38 ,+8 ,+4 ,-4 ,+1
68.1207016 ,Left ,0  ,0  ,-5 ,+46 ,-1 ,-1 ,+4 ,0 
68.1338994 ,Left ,0  ,+3 ,+32 ,+24 ,+5 ,-2 ,-3 ,-1
68.1339435 ,Left ,0  ,0  ,-14 ,-5 ,-6 ,-1 ,0  ,0 
68.1355683 ,Left ,-2 ,+1 ,+10 ,+2 ,+2 ,+1 ,-4 ,-1
68.135572 ,Left ,-3 ,0  ,-5 ,+2 ,+2 ,-1 ,+5 ,+1
68.1565696 ,Left ,+5 ,+4 ,+8 ,-6 ,+4 ,0  ,-1 ,+4
68.1565737 ,Left ,-5 ,-6 ,-18 ,+1 ,+2 ,+1 ,0  ,-1
68.1581456 ,Left ,-4 ,+3 ,+19 ,+11 ,0  ,+8 ,-4 ,-4
68.1581496 ,Left ,+3 ,-3 ,-1 ,-3 ,-2 ,+3 ,+1 ,+14
68.1790742 ,Left ,-1 ,0  ,-7 ,+28 ,+6 ,-23 ,-3 ,-5
68.1790784 ,Left ,+1 ,-1 ,-8 ,-50 ,-6 ,0  ,-1 ,-3
68.1805945 ,Left ,-1 ,+3 ,+24 ,+20 ,+3 ,-5 ,+3 ,+3
68.1805982 ,Left ,0  ,-3 ,-12 ,+20 ,+4 ,+10 ,-1 ,-8
68.1926216 ,Left ,+2 ,-2 ,-3 ,-21 ,-5 ,+8 ,+7 ,+2
68.1926255 ,Left ,+1 ,0  ,+2 ,-18 ,-1 ,-5 ,-2 ,+1
68.2010839 ,Left ,+2 ,+1 ,+9 ,-11 ,-2 ,-1 ,-2 ,-3
68.201088 ,Left ,-2 ,-3 ,-13 ,+11 ,0  ,-5 ,+2 ,-3
68.216469 ,Left ,-2 ,0  ,+5 ,-27 ,-1 ,-3 ,-4 ,-4
68.2164729 ,Left ,0  ,+1 ,+1 ,+10 ,-3 ,-3 ,+1 ,+4
68.2171057 ,Left ,0  ,-4 ,0  ,+18 ,+2 ,+4 ,-2 ,-1
68.2171095 ,Left ,-1 ,-3 ,-11 ,-35 ,-2 ,-10 ,+1 ,-5
68.2383775 ,Left ,-1 ,-2 ,+9 ,+14 ,-3 ,0  ,-4 ,+2
68.2383817 ,Left ,-2 ,-4 ,-13 ,-32 ,-1 ,+4 ,-4 ,-4
68.2391262 ,Left ,-2 ,-1 ,+4 ,+38 ,-1 ,+3 ,-4 ,-1
68.2391305 ,Left ,-2 ,-1 ,-2 ,0  ,+1 ,-25 ,-4 ,0 
68.2536827 ,Left ,-3 ,-2 ,-1 ,+20 ,+3 ,+6 ,-3 ,-1
68.2536885 ,Left ,-3 ,-4 ,+5 ,-13 ,-2 ,-2 ,-1 ,-1
68.254104 ,Left ,+2 ,0  ,-5 ,-16 ,-5 ,0  ,+1 ,0 
68.2541083 ,Left ,-1 ,0  ,-3 ,-13 ,+6 ,+4 ,+1 ,-3
68.2763757 ,Left ,-1 ,0  ,+2 ,+34 ,+8 ,+5 ,+1 ,+2
68.2763796 ,Left ,-2 ,-2 ,-3 ,-41 ,-12 ,-6 ,-3 ,-1
68.2770967 ,Left ,+1 ,+5 ,+7 ,+45 ,+7 ,-4 ,-2 ,+2
68.2771003 ,Left ,-3 ,-3 ,-5 ,-34 ,-6 ,+5 ,-2 ,-2
68.2986043 ,Left ,+2 ,+3 ,+4 ,+22 ,0  ,-2 ,-3 ,0 
68.2986083 ,Left ,+1 ,0  ,-14 ,-10 ,+2 ,+2 ,0  ,-2
68.2991729 ,Left ,-1 ,-3 ,+6 ,-8 ,+6 ,-2 ,-2 ,-4
68.2991768 ,Left ,-1 ,0  ,+4 ,+18 ,-5 ,+3 ,+3 ,-1
68.3134391 ,Left ,-2 ,0  ,-1 ,+4 ,+1 ,+1 ,-2 ,-2
68.3134422 ,Left ,0  ,+4 ,+4 ,-13 ,+1 ,+1 ,-1 ,-2
68.3143347 ,Left ,-1 ,-2 ,-1 ,-16 ,-8 ,0  ,-3 ,+2
68.3143376 ,Left ,0  ,+2 ,-4 ,+18 ,+3 ,+11 ,+11 ,0 
68.3357202 ,Left ,-1 ,-6 ,0  ,+20 ,-1 ,-9 ,-4 ,-2
68.3357228 ,Left ,-2 ,0  ,0  ,+9 ,-5 ,-11 ,-4 ,-1
68.3365349 ,Left ,-1 ,-1 ,+1 ,+10 ,+2 ,-7 ,-10 ,-13
68.3365373 ,Left ,0  ,0  ,-5 ,-22 ,-2 ,+2 ,+11 ,+17
68.3583093 ,Left ,-1 ,-2 ,-5 ,-7 ,-5 ,+13 ,-10 ,-6
68.3583125 ,Left ,-1 ,0  ,0  ,+2 ,+3 ,+4 ,+21 ,-1
68.3590402 ,Left ,-6 ,-4 ,+1 ,+13 ,-1 ,-4 ,-20 ,-2
68.3590431 ,Left ,+9 ,+2 ,+2 ,+7 ,0  ,-20 ,-17 ,-2
68.3733864 ,Left ,0  ,0  ,-4 ,-10 ,-4 ,-7 ,+12 ,+2
68.3733903 ,Left ,-1 ,-3 ,-2 ,+6 ,+2 ,-2 ,-7 ,-2
68.3740786 ,Left ,-1 ,-1 ,+1 ,-2 ,-4 ,+7 ,+4 ,+2
68.3740826 ,Left ,-7 ,-4 ,-8 ,-12 ,+15 ,-14 ,-36 ,-20
68.3960803 ,Left ,-1 ,-1 ,-2 ,-31 ,-38 ,-6 ,+5 ,0 
68.396083 ,Left ,-6 ,-6 ,-3 ,+19 ,+4 ,+34 ,+2 ,+2
68.3966608 ,Left ,-1 ,-1 ,0  ,-32 ,+4 ,+4 ,+4 ,+2
68.3966641 ,Left ,0  ,+1 ,+1 ,-9 ,-3 ,-13 ,-54 ,+1
68.4188912 ,Left ,+2 ,+4 ,-6 ,-11 ,+5 ,+17 ,+17 ,+2
68.418894 ,Left ,-4 ,-4 ,+9 ,+48 ,+2 ,-13 ,+9 ,-2
68.4195986 ,Left ,-3 ,-2 ,-6 ,-27 ,-11 ,-1 ,+6 ,0 
68.419601 ,Left ,-1 ,-3 ,-4 ,-18 ,-2 ,+8 ,+10 ,0 
68.4328794 ,Left ,-1 ,-2 ,-4 ,-8 ,+10 ,-6 ,-3 ,-2
68.4328822 ,Left ,-2 ,0  ,-4 ,-24 ,-7 ,-6 ,-1 ,-2
68.4408965 ,Left ,+4 ,0  ,+8 ,+21 ,-8 ,-8 ,0  ,+3
68.4408999 ,Left ,-4 ,-6 ,+7 ,-5 ,-6 ,+6 ,+17 ,-2
68.4559829 ,Left ,0  ,+2 ,-14 ,+21 ,0  ,-5 ,0  ,-2
68.4559859 ,Left ,+4 ,+2 ,-18 ,-5 ,+9 ,0  ,-3 ,-1
68.4568158 ,Left ,+1 ,+7 ,+24 ,+46 ,-12 ,-8 ,-10 ,+1
68.4568189 ,Left ,-4 ,-6 ,0  ,-3 ,+8 ,+10 ,+17 ,-3
68.4785483 ,Left ,-3 ,-12 ,-69 ,-47 ,0  ,+1 ,-11 ,0 
68.4785518 ,Left ,+3 ,+17 ,+88 ,+62 ,-14 ,-6 ,-12 ,+2
68.479039 ,Left ,-2 ,-14 ,-99 ,-116 ,+33 ,+4 ,+6 ,-2
68.4790511 ,Left ,-1 ,+7 ,+19 ,+27 ,-13 ,+2 ,+11 ,0 
68.4928516 ,Left ,-4 ,-7 ,+3 ,+24 ,+8 ,-2 ,-6 ,0 
68.492855 ,Left ,+1 ,+2 ,+7 ,-5 ,+6 ,-6 ,-4 ,-2
68.5010334 ,Left ,+2 ,+7 ,+38 ,+30 ,-2 ,0  ,+8 ,0 
68.5010368 ,Left ,-6 ,-10 ,-49 ,-22 ,-5 ,0  ,+6 ,-2
68.5157199 ,Left ,+2 ,+1 ,+16 ,0  ,+10 ,-4 ,-6 ,-1
68.5157231 ,Left ,-4 ,-3 ,-14 ,-49 ,-31 ,-1 ,-2 ,-5
68.5165075 ,Left ,-3 ,-1 ,+21 ,+34 ,+8 ,-1 ,-1 ,-1
68.5165106 ,Left ,0  ,-2 ,-10 ,+6 ,-10 ,+1 ,0  ,0 
68.5383109 ,Left ,-1 ,+4 ,+22 ,-8 ,+18 ,+11 ,0  ,-1
68.5383317 ,Left ,-2 ,-7 ,-17 ,-6 ,-43 ,-18 ,+2 ,-3
68.5390864 ,Left ,-6 ,+3 ,+2 ,+21 ,+9 ,-1 ,+1 ,+3
68.5390894 ,Left ,+2 ,0  ,-1 ,+3 ,-11 ,0  ,+5 ,+3
68.5528429 ,Left ,0  ,+2 ,+9 ,+5 ,0  ,+2 ,-3 ,+2
68.5528543 ,Left ,+2 ,0  ,-4 ,+12 ,+17 ,-5 ,-7 ,+7
68.5608966 ,Left ,-8 ,-6 ,-16 ,-31 ,-19 ,-8 ,+3 ,-9
68.5608997 ,Left ,+11 ,+5 ,+8 ,+6 ,+5 ,-1 ,-1 ,+12
68.5758377 ,Left ,-1 ,-2 ,+14 ,+20 ,-10 ,-8 ,+3 ,-7
68.5758408 ,Left ,-1 ,-4 ,-23 ,-35 ,+9 ,+3 ,-31 ,-14
68.5765803 ,Left ,+4 ,+4 ,+8 ,+22 ,0  ,+12 ,+62 ,+13
68.5766521 ,Left ,-3 ,-4 ,0  ,-6 ,0  ,-14 ,-87 ,-16
68.6065957 ,Left ,0  ,-2 ,+6 ,-11 ,-2 ,-2 ,+60 ,+8
68.6066 ,Left ,-6 ,-9 ,-16 ,-7 ,+10 ,-27 ,-69 ,-1
68.6075646 ,Left ,+3 ,-2 ,+1 ,0  ,-6 ,-6 ,-36 ,-11
68.6075693 ,Left ,-15 ,+4 ,+7 ,-1 ,+6 ,-1 ,+42 ,+3
68.6128757 ,Left ,+17 ,-1 ,-3 ,-4 ,-7 ,+22 ,-15 ,-12
68.6128798 ,Left ,-5 ,+1 ,-4 ,+6 ,-1 ,-2 ,+1 ,+4
68.6210987 ,Left ,+7 ,-1 ,+5 ,+6 ,-5 ,+2 ,+5 ,+2
68.6211029 ,Left ,-6 ,0  ,-2 ,-10 ,+4 ,+12 ,+3 ,-2
68.6359407 ,Left ,-8 ,-4 ,+3 ,+17 ,+7 ,0  ,-19 ,-6
68.6359447 ,Left ,-2 ,-7 ,-2 ,+10 ,-2 ,+9 ,+37 ,-1
68.6367709 ,Left ,+3 ,+1 ,-1 ,+5 ,-16 ,-9 ,-22 ,0 
68.6367738 ,Left ,+5 ,+3 ,+4 ,+17 ,+3 ,+12 ,+14 ,-2
68.6588857 ,Left ,-4 ,0  ,+6 ,+6 ,+7 ,-8 ,0  ,+4
68.658889 ,Left ,+2 ,-2 ,-19 ,-50 ,-12 ,+8 ,+13 ,-3
68.6597087 ,Left ,-4 ,-5 ,+12 ,+4 ,-5 ,-3 ,-6 ,-1
68.6597121 ,Left ,+1 ,+2 ,-8 ,+34 ,+2 ,-10 ,+1 ,-1
68.672667 ,Left ,-3 ,+1 ,+9 ,-23 ,-14 ,-2 ,-9 ,0 
68.672671 ,Left ,-4 ,-5 ,+7 ,+31 ,+27 ,+4 ,+8 ,-1
68.68085 ,Left ,-2 ,-10 ,-1 ,+14 ,-22 ,-4 ,-10 ,-5
68.680854 ,Left ,+3 ,+7 ,-12 ,-33 ,+8 ,+2 ,+16 ,+2
68.6960896 ,Left ,-3 ,-1 ,+14 ,+3 ,+1 ,-9 ,-10 ,-1
68.6960938 ,Left ,-1 ,-10 ,-56 ,-76 ,+6 ,+6 ,+1 ,-5
68.6968588 ,Left ,0  ,+4 ,+31 ,+26 ,+1 ,-1 ,+5 ,-1
68.6968634 ,Left ,-1 ,-7 ,-16 ,-37 ,-11 ,+1 ,+2 ,-4
68.7186233 ,Left ,-2 ,-1 ,-23 ,+1 ,-3 ,-5 ,-7 ,+1
68.7186277 ,Left ,-2 ,+3 ,+23 ,+15 ,-4 ,-1 ,+6 ,+1
68.7191947 ,Left ,-2 ,+3 ,0  ,+19 ,+4 ,+3 ,+1 ,-3
68.7191987 ,Left ,-5 ,-11 ,-50 ,-87 ,-23 ,-9 ,+1 ,-4
68.7410613 ,Left ,0  ,+6 ,+22 ,+66 ,+12 ,+4 ,-3 ,+2
68.7410659 ,Left ,+3 ,+4 ,+23 ,+39 ,-7 ,-23 ,+8 ,+2
68.7417243 ,Left ,-2 ,-5 ,-35 ,-23 ,+21 ,+7 ,-31 ,-4
68.7417285 ,Left ,+1 ,+2 ,+24 ,+17 ,-4 ,+12 ,+43 ,+1
68.7558689 ,Left ,-2 ,-8 ,-15 ,-25 ,+8 ,-7 ,+14 ,-3
68.7558729 ,Left ,+7 ,+10 ,+21 ,-15 ,+5 ,+12 ,+19 ,+3
68.7565769 ,Left ,-1 ,+3 ,+10 ,+44 ,-4 ,-9 ,+3 ,0 
68.7565809 ,Left ,-1 ,-4 ,-1 ,+17 ,+11 ,-1 ,-14 ,0 
68.7783597 ,Left ,0  ,+1 ,+3 ,+1 ,-7 ,+2 ,-8 ,0 
68.7783652 ,Left ,-1 ,+1 ,+3 ,+19 ,+1 ,+1 ,-13 ,-1
68.7790265 ,Left ,0  ,0  ,-21 ,-63 ,+15 ,+12 ,+4 ,-10
68.7790305 ,Left ,-2 ,-4 ,+16 ,+55 ,-3 ,-4 ,+10 ,+12
68.8011551 ,Left ,+1 ,+3 ,+9 ,+31 ,-3 ,+2 ,+3 ,-3
68.801217 ,Left ,-3 ,-3 ,-17 ,-37 ,-13 ,-1 ,-4 ,-4
68.8017196 ,Left ,-2 ,-4 ,-14 ,-30 ,-1 ,-11 ,+6 ,+2
68.8017251 ,Left ,+3 ,+5 ,+22 ,+20 ,+7 ,+1 ,-3 ,-7
68.8160674 ,Left ,-3 ,+2 ,-2 ,-20 ,-11 ,+5 ,-6 ,-1
68.8160728 ,Left ,-5 ,0  ,-3 ,+9 ,0  ,-30 ,-5 ,0 
68.816746 ,Left ,+3 ,-1 ,-4 ,-6 ,0  ,+6 ,+18 ,0 
68.8167513 ,Left ,-3 ,+1 ,+9 ,-6 ,-5 ,+4 ,-21 ,-2
68.8383792 ,Left ,-1 ,-4 ,-18 ,-35 ,-9 ,+2 ,+10 ,-9
68.8383845 ,Left ,-2 ,+2 ,0  ,+8 ,+5 ,+21 ,+11 ,+10
68.8390695 ,Left ,+2 ,+2 ,+11 ,+22 ,-2 ,-19 ,-20 ,-12
68.8390747 ,Left ,+1 ,0  ,+3 ,0  ,-2 ,-1 ,+61 ,-9
68.8528967 ,Left ,-3 ,-3 ,-7 ,-17 ,-4 ,-10 ,-50 ,+7
68.8529103 ,Left ,+3 ,-4 ,-1 ,+28 ,+5 ,+40 ,+74 ,0 
68.8685991 ,Left ,-3 ,-3 ,+1 ,-22 ,-2 ,-19 ,-67 ,-4
68.8686029 ,Left ,-2 ,-5 ,-5 ,+6 ,-11 ,-7 ,+9 ,0 
68.8759241 ,Left ,0  ,+3 ,+4 ,+13 ,+6 ,+15 ,+19 ,-5
68.8759283 ,Left ,+1 ,+2 ,+1 ,-12 ,+2 ,-6 ,-20 ,+1
68.8767003 ,Left ,-1 ,-3 ,+1 ,+4 ,-6 ,+2 ,+15 ,+16
68.8767046 ,Left ,0  ,+2 ,+6 ,-5 ,-5 ,-2 ,-10 ,-2
68.8984662 ,Left ,-1 ,-5 ,-6 ,+9 ,-3 ,-12 ,-7 ,-1
68.8984702 ,Left ,+1 ,-1 ,-8 ,-40 ,0  ,-7 ,-17 ,0 
68.8990962 ,Left ,-5 ,-7 ,+12 ,+52 ,+1 ,+8 ,+18 ,-6
68.8990998 ,Left ,-4 ,-8 ,-19 ,-39 ,-7 ,-12 ,-31 ,-1
68.9125733 ,Left ,+3 ,+4 ,+6 ,-29 ,+3 ,+1 ,+9 ,+5
68.9125759 ,Left ,+3 ,+9 ,+11 ,+62 ,-2 ,+8 ,-7 ,-4
68.9208681 ,Left ,-2 ,+4 ,+30 ,-22 ,+10 ,-2 ,+8 ,0 
68.9208709 ,Left ,+2 ,+2 ,-8 ,0  ,-16 ,+7 ,-4 ,-1
68.9357653 ,Left ,-6 ,-17 ,-29 ,-47 ,+2 ,-5 ,-6 ,-3
68.9357678 ,Left ,-1 ,-4 ,+26 ,+28 ,-17 ,-5 ,-6 ,-6
68.9365922 ,Left ,-2 ,-5 ,-52 ,-52 ,-4 ,+3 ,+5 ,+3
68.9365949 ,Left ,0  ,+4 ,+46 ,+58 ,-5 ,+8 ,-12 ,+1
68.9583254 ,Left ,-1 ,+4 ,+27 ,+27 ,-2 ,-33 ,0  ,-3
68.9583283 ,Left ,-2 ,-11 ,-52 ,-54 ,-11 ,-8 ,-21 ,-4
68.9592381 ,Left ,0  ,+5 ,+31 ,+49 ,+1 ,+2 ,+2 ,+1
68.9592409 ,Left ,-2 ,-4 ,-27 ,-29 ,+6 ,+12 ,-18 ,-5
68.9810285 ,Left ,+2 ,+3 ,+2 ,-12 ,-3 ,+1 ,+11 ,0 
68.9810312 ,Left ,0  ,+2 ,+27 ,+1 ,+6 ,0  ,-4 ,-1
68.9817981 ,Left ,-1 ,+1 ,-1 ,-10 ,+2 ,+9 ,+5 ,+1
68.981801 ,Left ,0  ,-1 ,-14 ,-20 ,+3 ,-19 ,-11 ,-1
68.9952923 ,Left ,0  ,+2 ,+25 ,+35 ,-4 ,+7 ,-8 ,-3
68.9952953 ,Left ,-2 ,-2 ,-1 ,+2 ,+12 ,+6 ,+3 ,-2
69.0034688 ,Left ,+1 ,-4 ,-15 ,0  ,-8 ,+7 ,+7 ,0 
69.0034818 ,Left ,-2 ,+1 ,+10 ,+14 ,+5 ,-4 ,-2 ,0 
69.0185788 ,Left ,-4 ,-2 ,-15 ,-6 ,-7 ,+4 ,0  ,-1
69.0185825 ,Left ,0  ,-1 ,-10 ,+5 ,-2 ,-9 ,-2 ,0 
69.0192413 ,Left ,+1 ,+3 ,-9 ,-19 ,+1 ,-9 ,0  ,0 
69.019245 ,Left ,0  ,-1 ,+8 ,+15 ,+5 ,+7 ,-1 ,-9
69.0407539 ,Left ,0  ,-8 ,-18 ,-11 ,-3 ,-12 ,+11 ,+15
69.0407576 ,Left ,-2 ,-1 ,-5 ,+4 ,-2 ,-9 ,-22 ,-8
69.0482515 ,Left ,-2 ,-1 ,+7 ,+21 ,+6 ,+6 ,+5 ,-1
69.0482551 ,Left ,+1 ,0  ,0  ,-7 ,+8 ,+4 ,-3 ,0 
69.0552746 ,Left ,-1 ,+1 ,-6 ,-19 ,-7 ,-8 ,-7 ,-6
69.0552783 ,Left ,-1 ,-3 ,+3 ,+26 ,+3 ,-4 ,-5 ,0 
69.063587 ,Left ,-1 ,0  ,-9 ,-30 ,-8 ,-4 ,-1 ,+3
69.0635908 ,Left ,+1 ,+2 ,+9 ,+8 ,+4 ,+4 ,+2 ,+1
69.0784366 ,Left ,-4 ,-4 ,-3 ,+6 ,+2 ,+5 ,-7 ,-5
69.0784404 ,Left ,-1 ,-2 ,0  ,+9 ,+1 ,+2 ,+11 ,+4
69.0791853 ,Left ,-5 ,-2 ,-10 ,-18 ,-2 ,-5 ,-15 ,-8
69.0791981 ,Left ,-1 ,0  ,-7 ,-13 ,0  ,+4 ,+11 ,+4
69.1017036 ,Left ,+3 ,+5 ,+9 ,+18 ,+2 ,-3 ,-5 ,-1
69.1017074 ,Left ,0  ,-2 ,-6 ,-1 ,-6 ,-5 ,+3 ,0 
69.1025511 ,Left ,+2 ,+1 ,-1 ,-27 ,-7 ,+4 ,+5 ,+1
69.1025549 ,Left ,-3 ,-3 ,-2 ,-5 ,-6 ,-11 ,-3 ,0 
69.1160098 ,Left ,0  ,+1 ,+2 ,+11 ,+2 ,+4 ,-2 ,-2
69.1160135 ,Left ,0  ,+1 ,+2 ,+4 ,+3 ,+4 ,0  ,-2
69.1168509 ,Left ,0  ,-5 ,-14 ,-10 ,0  ,-3 ,+2 ,0 
69.116855 ,Left ,-1 ,-2 ,+7 ,+35 ,+2 ,+5 ,-4 ,0 
69.1384682 ,Left ,+1 ,-3 ,-17 ,-23 ,-3 ,-4 ,+1 ,-2
69.1384745 ,Left ,-3 ,-4 ,-1 ,-18 ,-1 ,-2 ,-2 ,-2
69.1390275 ,Left ,+1 ,0  ,+6 ,+24 ,0  ,-1 ,0  ,-1
69.1390312 ,Left ,+1 ,+2 ,+2 ,-12 ,-2 ,-7 ,-2 ,0 
69.1616052 ,Left ,-1 ,+1 ,+4 ,+9 ,-3 ,+6 ,+2 ,0 
69.16161 ,Left ,+2 ,+4 ,-5 ,-23 ,+5 ,0  ,+2 ,0 
69.162308 ,Left ,-2 ,-5 ,+2 ,+18 ,-1 ,-1 ,0  ,-1
69.1623119 ,Left ,-1 ,-1 ,-15 ,-15 ,-5 ,+11 ,0  ,-1
69.175132 ,Left ,-3 ,-6 ,-11 ,-30 ,-9 ,-10 ,+7 ,-4
69.1751359 ,Left ,-1 ,+1 ,+7 ,+1 ,+5 ,+3 ,-3 ,-1
69.1836575 ,Left ,-2 ,+1 ,+2 ,-6 ,-3 ,+1 ,+1 ,+1
69.1836619 ,Left ,0  ,-2 ,0  ,+2 ,+21 ,+1 ,+2 ,-1
69.1985701 ,Left ,+1 ,+1 ,+17 ,+30 ,+6 ,-3 ,-4 ,-1
69.1985744 ,Left ,-2 ,-6 ,-8 ,-18 ,-17 ,-4 ,-2 ,-1
69.1992582 ,Left ,-3 ,-4 ,-4 ,+15 ,+9 ,+5 ,+5 ,0 
69.1992622 ,Left ,+1 ,+3 ,-2 ,-21 ,-13 ,-22 ,-6 ,-2
69.2214851 ,Left ,+1 ,+3 ,0  ,+4 ,+4 ,+3 ,-3 ,+3
69.2214895 ,Left ,-3 ,-3 ,-4 ,-13 ,+6 ,+1 ,0  ,0 
69.2223874 ,Left ,-2 ,0  ,+4 ,+30 ,+1 ,-3 ,-3 ,-2
69.2223916 ,Left ,-2 ,-4 ,-2 ,+18 ,-6 ,-4 ,-2 ,-4
69.2354145 ,Left ,+1 ,+1 ,-9 ,-79 ,-4 ,+5 ,+5 ,+1
69.2354191 ,Left ,+1 ,+2 ,+12 ,+71 ,+1 ,+4 ,+2 ,-2
69.2435244 ,Left ,0  ,-3 ,-4 ,-42 ,-5 ,0  ,+1 ,+1
69.243529 ,Left ,0  ,-2 ,-7 ,-1 ,0  ,-4 ,-4 ,-1
69.2582155 ,Left ,0  ,0  ,+5 ,+7 ,-1 ,+1 ,-1 ,-1
69.2582198 ,Left ,-2 ,-3 ,+1 ,-18 ,+5 ,0  ,0  ,-1
69.2593573 ,Left ,+2 ,0  ,+1 ,+24 ,+18 ,-4 ,0  ,-1
69.2593627 ,Left ,0  ,-1 ,+2 ,-4 ,-4 ,-6 ,-3 ,-2
69.2816512 ,Left ,-1 ,0  ,-5 ,+19 ,-1 ,+15 ,0  ,-2
69.2816557 ,Left ,+1 ,0  ,+6 ,-5 ,-3 ,-3 ,-1 ,+1
69.28263 ,Left ,0  ,+4 ,-4 ,+4 ,+1 ,+1 ,0  ,0 
69.2826345 ,Left ,-4 ,-5 ,0  ,-24 ,-7 ,-1 ,-1 ,-1
69.2954049 ,Left ,-4 ,-5 ,-10 ,-10 ,+4 ,+10 ,-4 ,-1
69.2954096 ,Left ,-2 ,-1 ,+8 ,+18 ,-4 ,-34 ,+6 ,-3
69.3033601 ,Left ,-1 ,0  ,+3 ,+10 ,-7 ,+6 ,+2 ,-1
69.3033649 ,Left ,-1 ,-2 ,+8 ,+23 ,+1 ,-6 ,-6 ,+1
69.3181755 ,Left ,-1 ,-2 ,-12 ,-9 ,-3 ,-8 ,-4 ,+1
69.3181801 ,Left ,-2 ,-4 ,-6 ,-2 ,+2 ,+19 ,+5 ,-2
69.3260926 ,Left ,0  ,0  ,+3 ,-19 ,-7 ,-21 ,-5 ,-1
69.3260971 ,Left ,-2 ,-2 ,-1 ,-5 ,-4 ,+17 ,+8 ,-11
69.3415211 ,Left ,+1 ,+1 ,+9 ,+24 ,+4 ,+1 ,+1 ,+13
69.3415238 ,Left ,+1 ,0  ,-4 ,0  ,+1 ,0  ,+8 ,+4
69.3424196 ,Left ,+1 ,-1 ,-8 ,-35 ,-5 ,+6 ,-23 ,-2
69.3424224 ,Left ,-1 ,-1 ,+6 ,+49 ,+1 ,-10 ,+1 ,-4
69.3551667 ,Left ,-3 ,-3 ,-4 ,-23 ,-10 ,+24 ,-14 ,-6
69.3551694 ,Left ,+3 ,+1 ,-2 ,+31 ,-7 ,-46 ,-15 ,+1
69.3633691 ,Left ,-3 ,-5 ,-4 ,-23 ,-12 ,-23 ,+7 ,-2
69.363372 ,Left ,-5 ,-2 ,-6 ,-6 ,+1 ,-15 ,-41 ,-25
69.3782912 ,Left ,-1 ,+1 ,+2 ,+13 ,-2 ,+30 ,+1 ,+13
69.3783693 ,Left ,-2 ,-2 ,-5 ,-20 ,+4 ,+17 ,+15 ,0 
69.3790025 ,Left ,-4 ,0  ,+3 ,+23 ,-22 ,-3 ,-5 ,-2
69.3790979 ,Left ,0  ,-2 ,-3 ,+10 ,+18 ,-12 ,-40 ,+4
69.401693 ,Left ,-5 ,-6 ,-6 ,-16 ,-10 ,-23 ,-4 ,-16
69.4016968 ,Left ,+4 ,+8 ,+8 ,-8 ,+6 ,+10 ,+36 ,+5
69.4025346 ,Left ,-1 ,+1 ,-5 ,-19 ,-4 ,+14 ,+13 ,+5
69.4025384 ,Left ,-7 ,-5 ,-3 ,+39 ,-8 ,-15 ,-13 ,-2
69.4153824 ,Left ,+4 ,+3 ,+3 ,+8 ,+7 ,+8 ,+6 ,+2
69.4153866 ,Left ,-4 ,-4 ,-11 ,-45 ,-3 ,-1 ,-18 ,-3
69.4238264 ,Left ,+1 ,-2 ,+4 ,+23 ,+8 ,-7 ,-8 ,-6
69.4238318 ,Left ,0  ,0  ,-2 ,-20 ,-8 ,+14 ,+19 ,+6
69.4387928 ,Left ,-5 ,-5 ,-3 ,+1 ,+5 ,-17 ,-1 ,-6
69.438798 ,Left ,+1 ,+1 ,+1 ,+31 ,+8 ,+6 ,-13 ,-3
69.446077 ,Left ,+2 ,+1 ,-1 ,-18 ,-19 ,+6 ,+5 ,+2
69.4460821 ,Left ,+3 ,+2 ,+14 ,-1 ,+1 ,+2 ,+16 ,+5
69.4615889 ,Left ,0  ,+5 ,-24 ,+7 ,-3 ,-10 ,-1 ,-4
69.4615939 ,Left ,-3 ,-8 ,+9 ,+36 ,-4 ,-1 ,-14 ,-6
69.4624365 ,Left ,-3 ,-5 ,-52 ,-67 ,+8 ,+8 ,+4 ,+1
69.4624413 ,Left ,-1 ,-6 ,+13 ,-8 ,-2 ,+4 ,+12 ,+4
69.4753311 ,Left ,-1 ,+1 ,+9 ,-15 ,-10 ,-17 ,-3 ,-3
69.4753365 ,Left ,-2 ,-2 ,+6 ,+11 ,-1 ,+6 ,-5 ,-1
69.4836263 ,Left ,+1 ,-3 ,-27 ,-19 ,+11 ,0  ,0  ,-2
69.4836315 ,Left ,+1 ,+3 ,+16 ,+9 ,-4 ,-1 ,+7 ,+2
69.4986073 ,Left ,0  ,+2 ,+15 ,+14 ,-4 ,-3 ,+2 ,0 
69.4986127 ,Left ,-3 ,-3 ,-30 ,-16 ,+3 ,+16 ,-3 ,0 
69.4991989 ,Left ,-5 ,-3 ,+27 ,+24 ,-14 ,-20 ,-2 ,-8
69.499204 ,Left ,+2 ,+5 ,+3 ,+14 ,+13 ,+6 ,+8 ,+4
69.5211305 ,Left ,-1 ,-7 ,-13 ,-28 ,-4 ,-6 ,-1 ,-1
69.521136 ,Left ,-1 ,-2 ,-6 ,-6 ,-3 ,+2 ,-1 ,+1
69.5216974 ,Left ,+2 ,+10 ,+36 ,+13 ,+14 ,+5 ,-1 ,+1
69.5217024 ,Left ,0  ,-5 ,-28 ,-63 ,+17 ,+4 ,+4 ,0 
69.5352087 ,Left ,+1 ,+4 ,+9 ,+43 ,+10 ,-4 ,+1 ,-1
69.5352138 ,Left ,-1 ,-4 ,-10 ,-55 ,-23 ,-3 ,-4 ,-2
69.5434317 ,Left ,0  ,0  ,+17 ,+65 ,+19 ,+3 ,0  ,0 
69.5434367 ,Left ,-4 ,-6 ,-15 ,-29 ,-11 ,-5 ,-1 ,-4
69.5584001 ,Left ,-2 ,-3 ,+2 ,-14 ,-4 ,0  ,+1 ,-1
69.5584049 ,Left ,0  ,-1 ,-1 ,-14 ,+11 ,-2 ,-2 ,-2
69.559297 ,Left ,+4 ,+4 ,+3 ,+6 ,+3 ,+2 ,+2 ,+4
69.5593014 ,Left ,-1 ,-1 ,-1 ,+25 ,-7 ,+2 ,+2 ,+1
69.5817371 ,Left ,-4 ,-7 ,-12 ,-20 ,0  ,-3 ,-5 ,-4
69.5817415 ,Left ,-8 ,-4 ,-1 ,-7 ,-12 ,-6 ,-4 ,-6
69.5825991 ,Left ,-1 ,-4 ,0  ,+14 ,-6 ,+1 ,-1 ,+2
69.5826038 ,Left ,+1 ,-1 ,-12 ,+23 ,+2 ,-2 ,-2 ,-9
69.595244 ,Left ,+2 ,+3 ,+3 ,-30 ,-10 ,-1 ,+4 ,+12
69.595251 ,Left ,+1 ,+1 ,+3 ,+16 ,+36 ,+1 ,-2 ,-2
69.6111316 ,Left ,-2 ,-3 ,+4 ,+11 ,-8 ,-3 ,-5 ,-2
69.6111363 ,Left ,+3 ,+2 ,-4 ,-19 ,+7 ,+3 ,+3 ,+9
69.618579 ,Left ,-3 ,0  ,+4 ,+15 ,-9 ,+6 ,-9 ,-16
69.6185835 ,Left ,-4 ,+3 ,+5 ,+13 ,+3 ,+5 ,-4 ,-2
69.6191549 ,Left ,+2 ,-4 ,-7 ,-12 ,-10 ,+8 ,-7 ,-10
69.6191591 ,Left ,-4 ,-2 ,0  ,-5 ,-3 ,-1 ,-28 ,+3
69.6415126 ,Left ,+1 ,-6 ,-1 ,+6 ,+4 ,+3 ,+16 ,+12
69.6416122 ,Left ,+5 ,+2 ,+3 ,-3 ,-12 ,+7 ,+23 ,-3
69.6425925 ,Left ,-3 ,-1 ,0  ,+5 ,+7 ,-3 ,-4 ,-8
69.6425972 ,Left ,-4 ,-3 ,-3 ,-24 ,-38 ,+1 ,+53 ,+2
69.6554059 ,Left ,-1 ,0  ,+6 ,+33 ,+10 ,-18 ,-103 ,-13
69.6554104 ,Left ,-3 ,+1 ,-1 ,-27 ,-9 ,-5 ,+36 ,-2
69.663699 ,Left ,-2 ,-5 ,-6 ,-1 ,-5 ,+5 ,-41 ,+2
69.6637033 ,Left ,+4 ,+2 ,-1 ,+4 ,-3 ,+6 ,-1 ,+3
69.6784377 ,Left ,-3 ,-2 ,-3 ,0  ,+15 ,0  ,+18 ,+2
69.6784426 ,Left ,+3 ,+2 ,+3 ,+45 ,-7 ,+4 ,+14 ,+8
69.6792205 ,Left ,-4 ,-3 ,+3 ,-3 ,+3 ,+3 ,+17 ,-3
69.6792252 ,Left ,-1 ,0  ,-2 ,-6 ,-5 ,-6 ,-6 ,-1
69.7017488 ,Left ,+3 ,-4 ,-5 ,+4 ,-3 ,+5 ,0  ,-2
69.701754 ,Left ,-1 ,-2 ,+2 ,-30 ,-1 ,+1 ,-18 ,+1
69.7026321 ,Left ,-1 ,+5 ,-7 ,+21 ,-1 ,-10 ,+7 ,+2
69.7026371 ,Left ,+2 ,-1 ,+11 ,+44 ,+18 ,+5 ,-3 ,0 
69.7152476 ,Left ,0  ,-6 ,-1 ,+2 ,-16 ,-5 ,+24 ,+1
69.7152537 ,Left ,+4 ,+13 ,+4 ,-16 ,+8 ,-9 ,-15 ,+1
69.7233875 ,Left ,-2 ,-2 ,+21 ,+13 ,-11 ,-4 ,+2 ,0 
69.7233933 ,Left ,-1 ,0  ,-27 ,0  ,+9 ,-5 ,+2 ,-2
69.7386094 ,Left ,-1 ,+1 ,+11 ,-32 ,-10 ,-3 ,+2 ,-5
69.7386148 ,Left ,0  ,-1 ,-4 ,+1 ,-6 ,-3 ,-12 ,-1
69.7392838 ,Left ,-2 ,+1 ,0  ,-17 ,+9 ,+1 ,+1 ,+1
69.7392886 ,Left ,+2 ,+8 ,+26 ,-21 ,-9 ,+5 ,-5 ,0 
69.7608202 ,Left ,-5 ,-10 ,-20 ,+58 ,+11 ,-1 ,+12 ,-1
69.7608293 ,Left ,-3 ,0  ,+22 ,-3 ,-9 ,-4 ,-9 ,0 
69.7617536 ,Left ,0  ,-8 ,-30 ,-31 ,+2 ,0  ,+7 ,0 
69.7617567 ,Left ,-3 ,-1 ,+36 ,+28 ,-1 ,-7 ,-5 ,-3
69.7751356 ,Left ,-2 ,-3 ,-56 ,-41 ,0  ,+2 ,+7 ,+2
69.7751382 ,Left ,-2 ,0  ,+23 ,-20 ,+13 ,-10 ,-4 ,-2
69.7837016 ,Left ,0  ,-2 ,-19 ,+2 ,-4 ,+10 ,0  ,0 
69.7837044 ,Left ,-2 ,+1 ,+40 ,+46 ,-12 ,-13 ,-6 ,-4
69.7982683 ,Left ,-2 ,-4 ,-46 ,-57 ,-1 ,+2 ,+5 ,-1
69.7982725 ,Left ,-3 ,-1 ,+17 ,+41 ,-12 ,-5 ,-9 ,0 
69.799029 ,Left ,-3 ,-7 ,-43 ,-25 ,+7 ,+13 ,+17 ,-2
69.7990317 ,Left ,0  ,+2 ,+7 ,-34 ,-22 ,-12 ,+2 ,+1
69.8209046 ,Left ,-2 ,+3 ,+40 ,+50 ,+22 ,-3 ,+4 ,-1
69.8209076 ,Left ,0  ,-7 ,-20 ,-5 ,-3 ,0  ,-4 ,-1
69.8217582 ,Left ,0  ,+1 ,+20 ,+15 ,-4 ,-3 ,-3 ,-2
69.8217611 ,Left ,-2 ,-4 ,-25 ,-40 ,+4 ,+6 ,+1 ,-1
69.8352493 ,Left ,+1 ,+3 ,+16 ,+19 ,-6 ,-3 ,0  ,-2
69.8352528 ,Left ,-2 ,-2 ,-19 ,+6 ,0  ,+2 ,-3 ,-2
69.843353 ,Left ,0  ,+2 ,+18 ,-13 ,+1 ,-11 ,-4 ,0 
69.8433566 ,Left ,-3 ,-7 ,-27 ,-18 ,+2 ,+4 ,-2 ,-1
69.8584712 ,Left ,-1 ,0  ,+11 ,+10 ,-6 ,+4 ,+5 ,-3
69.8584757 ,Left ,-2 ,-3 ,-9 ,-21 ,-2 ,-12 ,-5 ,0 
69.8593098 ,Left ,+1 ,+1 ,+2 ,-10 ,-9 ,-3 ,+6 ,+1
69.8593141 ,Left ,-3 ,-2 ,-10 ,+2 ,+6 ,+2 ,-2 ,0 
69.8812511 ,Left ,-2 ,0  ,+12 ,-8 ,-7 ,+3 ,+2 ,+1
69.881255 ,Left ,-2 ,-5 ,-7 ,+34 ,-2 ,+4 ,-1 ,-2
69.8820374 ,Left ,-3 ,-2 ,+4 ,-23 ,-2 ,-5 ,-3 ,+1
69.8820411 ,Left ,+1 ,-2 ,-11 ,-4 ,+4 ,+2 ,-3 ,0 
69.8954134 ,Left ,+1 ,0  ,+13 ,+7 ,-2 ,-3 ,+1 ,0 
69.8954187 ,Left ,-1 ,-1 ,-1 ,+3 ,+4 ,-1 ,-1 ,0 
69.9036444 ,Left ,0  ,-1 ,-7 ,-19 ,+1 ,-6 ,-5 ,-1
69.9036485 ,Left ,-4 ,-3 ,-1 ,+31 ,+7 ,+3 ,-1 ,-2
69.9186712 ,Left ,+1 ,+3 ,+1 ,-21 ,-10 ,-2 ,0  ,+1
69.9186756 ,Left ,0  ,-3 ,-5 ,-5 ,+8 ,0  ,-3 ,-3
69.9190775 ,Left ,0  ,+1 ,+5 ,+24 ,+4 ,-1 ,-2 ,0 
69.9190815 ,Left ,0  ,+1 ,-1 ,-17 ,-15 ,0  ,0  ,+2
69.9409399 ,Left ,-3 ,-3 ,+1 ,-10 ,+28 ,+1 ,0  ,0 
69.9409441 ,Left ,-1 ,-4 ,-23 ,-36 ,+2 ,+8 ,+3 ,0 
69.9416112 ,Left ,-1 ,0  ,+11 ,+6 ,-16 ,-24 ,-9 ,-2
69.9416142 ,Left ,0  ,+4 ,-6 ,-5 ,+7 ,+4 ,-2 ,-1
69.9551116 ,Left ,0  ,+3 ,+24 ,+17 ,-10 ,-3 ,-1 ,-2
69.9551142 ,Left ,-3 ,-5 ,-14 ,+3 ,-2 ,0  ,-2 ,0 
69.9633706 ,Left ,-1 ,+3 ,+5 ,-4 ,+6 ,+5 ,0  ,+1
69.9633734 ,Left ,-1 ,-7 ,-12 ,-1 ,-2 ,-3 ,-1 ,-1
69.9783158 ,Left ,0  ,-2 ,+5 ,+2 ,-7 ,-3 ,-1 ,-2
69.978319 ,Left ,0  ,+1 ,+1 ,-12 ,-2 ,+1 ,-1 ,-1
69.9790336 ,Left ,-1 ,0  ,+4 ,+21 ,+2 ,+4 ,0  ,0 
69.979036 ,Left ,0  ,-7 ,-8 ,-16 ,-2 ,-1 ,0  ,0 
70.0010634 ,Left ,+2 ,+8 ,-3 ,-4 ,-2 ,-2 ,+1 ,+3
70.0010669 ,Left ,0  ,-2 ,+6 ,+9 ,-5 ,-2 ,0  ,0 
70.0015923 ,Left ,+1 ,+1 ,-7 ,+13 ,-16 ,0  ,0  ,0 
70.0016149 ,Left ,-1 ,-1 ,+8 ,+19 ,+26 ,+5 ,-1 ,0 
70.0237994 ,Left ,0  ,-2 ,-13 ,-62 ,-57 ,-7 ,-4 ,-3
70.0238023 ,Left ,-3 ,-2 ,+3 ,+10 ,+4 ,-2 ,-1 ,-1
70.024555 ,Left ,0  ,-1 ,+4 ,+3 ,+6 ,+5 ,+1 ,-1
70.0245629 ,Left ,-3 ,0  ,-3 ,-17 ,-5 ,+10 ,+1 ,-2
70.0383196 ,Left ,-1 ,-2 ,-6 ,+17 ,+9 ,-2 ,0  ,0 
70.0383227 ,Left ,+2 ,+1 ,+3 ,+7 ,-8 ,0  ,-2 ,+1
70.0389854 ,Left ,-3 ,-1 ,-1 ,-17 ,-4 ,+1 ,-1 ,-2
70.0389884 ,Left ,-1 ,-4 ,-12 ,+23 ,+11 ,+4 ,0  ,0 
70.0609681 ,Left ,+1 ,+2 ,+18 ,0  ,+2 ,-3 ,-2 ,+2
70.0609709 ,Left ,-2 ,0  ,-4 ,+17 ,-16 ,-5 ,-2 ,-1
70.0617531 ,Left ,-2 ,-3 ,+2 ,+11 ,+17 ,+2 ,-3 ,-2
70.0617645 ,Left ,-3 ,-4 ,-13 ,-13 ,-5 ,-6 ,-2 ,-1
70.0847133 ,Left ,+1 ,0  ,+4 ,+8 ,+3 ,0  ,+1 ,0 
70.0847167 ,Left ,+1 ,-2 ,-15 ,-21 ,+5 ,-1 ,0  ,-2
70.0854159 ,Left ,0  ,+2 ,+12 ,+29 ,-10 ,-3 ,+1 ,+1
70.085419 ,Left ,-3 ,-1 ,+1 ,-30 ,-3 ,-4 ,-3 ,-3
70.098437 ,Left ,-3 ,-6 ,-8 ,+16 ,+8 ,+7 ,+1 ,-1
70.0984405 ,Left ,+1 ,+8 ,+7 ,+4 ,-5 ,-13 ,-2 ,0 
70.0991215 ,Left ,-1 ,-4 ,-4 ,-1 ,+3 ,0  ,-2 ,0 
70.0991246 ,Left ,+2 ,+3 ,+2 ,-2 ,-10 ,-5 ,-3 ,-3
70.1209625 ,Left ,-5 ,-9 ,-11 ,+4 ,+42 ,+5 ,0  ,-2
70.1209677 ,Left ,-1 ,+1 ,+4 ,-7 ,-21 ,+3 ,0  ,0 
70.1216743 ,Left ,-2 ,-1 ,-2 ,-12 ,+10 ,-3 ,-1 ,0 
70.1216792 ,Left ,+2 ,-1 ,0  ,-19 ,-9 ,-5 ,-1 ,0 
70.1441731 ,Left ,0  ,+1 ,+2 ,+13 ,+4 ,-3 ,-2 ,-1
70.1443093 ,Left ,0  ,0  ,+7 ,-15 ,+4 ,+3 ,+1 ,0 
70.1449494 ,Left ,-3 ,-8 ,-12 ,+15 ,-2 ,-3 ,-3 ,-3
70.1449545 ,Left ,-2 ,-1 ,-5 ,+5 ,-8 ,-3 ,-2 ,-1
70.1584573 ,Left ,0  ,+1 ,+7 ,+16 ,-10 ,-2 ,+2 ,+1
70.1584627 ,Left ,-4 ,-4 ,0  ,-25 ,+6 ,+1 ,+1 ,+1
70.1591712 ,Left ,0  ,+1 ,+2 ,-4 ,+2 ,+5 ,0  ,+1
70.159176 ,Left ,-2 ,-2 ,-3 ,-5 ,0  ,-1 ,-1 ,+1
70.1809275 ,Left ,-1 ,0  ,-2 ,+5 ,-8 ,-1 ,-4 ,-2
70.1809317 ,Left ,-1 ,-1 ,+5 ,+29 ,+11 ,0  ,-2 ,0 
70.1818064 ,Left ,-1 ,0  ,-9 ,-16 ,-7 ,-1 ,-2 ,-2
70.1818109 ,Left ,-2 ,-1 ,0  ,+12 ,-2 ,-4 ,-1 ,-1
70.2041402 ,Left ,0  ,+1 ,+1 ,-4 ,-2 ,-3 ,-2 ,-1
70.2041446 ,Left ,0  ,-4 ,+1 ,-1 ,0  ,+1 ,0  ,+1
70.2050407 ,Left ,0  ,-2 ,-8 ,+1 ,-9 ,-3 ,-2 ,-3
70.2050453 ,Left ,+1 ,0  ,+2 ,-5 ,0  ,+5 ,-2 ,0 
70.2184939 ,Left ,-4 ,-4 ,-3 ,-1 ,-5 ,-14 ,-3 ,-3
70.2184989 ,Left ,-1 ,-3 ,-1 ,+10 ,0  ,+1 ,-1 ,-1
70.2191121 ,Left ,0  ,-4 ,+3 ,+16 ,-2 ,-1 ,-2 ,-3
70.2191167 ,Left ,+1 ,+9 ,-1 ,-3 ,+2 ,-4 ,-4 ,0 
70.2411429 ,Left ,-3 ,-2 ,+3 ,-9 ,-3 ,+3 ,0  ,-2
70.2411498 ,Left ,-3 ,-1 ,-3 ,+1 ,-30 ,+2 ,-1 ,-4
70.2416731 ,Left ,+1 ,0  ,+5 ,-2 ,+2 ,-4 ,-3 ,0 
70.2416774 ,Left ,-1 ,-4 ,-5 ,+15 ,-3 ,+4 ,+3 ,-1
70.264164 ,Left ,-1 ,0  ,-6 ,-41 ,+1 ,+1 ,-1 ,-2
70.2641685 ,Left ,-1 ,0  ,-2 ,-30 ,-13 ,-6 ,-1 ,-1
70.2650525 ,Left ,-2 ,-3 ,+3 ,+10 ,+5 ,+8 ,+1 ,-1
70.2650578 ,Left ,-2 ,-5 ,-4 ,-4 ,-4 ,-8 ,-2 ,-3
70.2786133 ,Left ,0  ,-2 ,0  ,+17 ,+1 ,-1 ,+1 ,+1
70.2786176 ,Left ,-1 ,-3 ,-10 ,+3 ,+10 ,+2 ,-2 ,-2
70.2792389 ,Left ,-1 ,0  ,-1 ,-8 ,-2 ,0  ,0  ,+1
70.279243 ,Left ,+1 ,+1 ,+3 ,+1 ,+3 ,-2 ,-1 ,-1
70.3009304 ,Left ,0  ,0  ,-2 ,-9 ,+2 ,0  ,0  ,-1
70.3009348 ,Left ,-2 ,-3 ,+2 ,+13 ,+3 ,-2 ,-3 ,-2
70.3018559 ,Left ,-3 ,-1 ,-13 ,-10 ,-1 ,-4 ,0  ,-2
70.3018604 ,Left ,-1 ,-2 ,+3 ,-6 ,-1 ,-4 ,+2 ,0 
70.3240961 ,Left ,-1 ,0  ,-2 ,+5 ,0  ,+4 ,-1 ,0 
70.3241005 ,Left ,-2 ,+1 ,+3 ,+7 ,+5 ,-2 ,0  ,0 
70.324872 ,Left ,-2 ,+2 ,+4 ,-31 ,-18 ,-2 ,+2 ,+2
70.3248765 ,Left ,-2 ,-4 ,-8 ,+15 ,+20 ,0  ,-1 ,-1
70.338512 ,Left ,+1 ,+1 ,+2 ,-18 ,-5 ,-1 ,-1 ,-2
70.3385164 ,Left ,-1 ,-3 ,-4 ,+3 ,+10 ,+1 ,0  ,-1
70.3391195 ,Left ,-1 ,-1 ,-1 ,-9 ,-10 ,-2 ,-2 ,-1
70.3391235 ,Left ,-1 ,-3 ,+3 ,+6 ,+6 ,+2 ,+2 ,-1
70.361051 ,Left ,-2 ,-2 ,-8 ,-1 ,-5 ,-2 ,-1 ,0 
70.3610559 ,Left ,+2 ,+3 ,-1 ,+1 ,-1 ,-2 ,-1 ,0 
70.3618663 ,Left ,+2 ,+3 ,+4 ,+12 ,+18 ,+1 ,+1 ,+1
70.3618711 ,Left ,-4 ,-3 ,-1 ,-15 ,-12 ,-2 ,-2 ,-1
70.3841744 ,Left ,-2 ,0  ,-2 ,+31 ,-6 ,+2 ,0  ,-1
70.3841787 ,Left ,-1 ,-4 ,-2 ,-20 ,0  ,+1 ,-9 ,0 
70.3850935 ,Left ,-1 ,-1 ,-2 ,+2 ,+2 ,+1 ,+19 ,-1
70.3850979 ,Left ,-1 ,-1 ,+7 ,+3 ,-3 ,-5 ,-4 ,-2
70.3984237 ,Left ,-1 ,-4 ,-16 ,-13 ,-5 ,-2 ,-2 ,-2
70.3984281 ,Left ,-1 ,-2 ,-1 ,+9 ,+6 ,+6 ,+1 ,-2
70.399092 ,Left ,0  ,+1 ,+2 ,-4 ,-3 ,-2 ,-7 ,-1
70.399096 ,Left ,0  ,+1 ,+4 ,-7 ,+6 ,0  ,0  ,-1
70.4207774 ,Left ,0  ,+1 ,+1 ,+32 ,-21 ,0  ,+2 ,0 
70.4208634 ,Left ,0  ,-1 ,-1 ,-27 ,+12 ,-2 ,-2 ,-2
70.4215899 ,Left ,-2 ,-4 ,-6 ,+9 ,+3 ,-3 ,-4 ,0 
70.4215939 ,Left ,-1 ,+2 ,+3 ,+35 ,-2 ,-1 ,0  ,0 
70.4443084 ,Left ,+1 ,0  ,+5 ,+11 ,+10 ,0  ,-3 ,-1
70.4443129 ,Left ,-2 ,0  ,-2 ,+1 ,-1 ,0  ,+3 ,-1
70.4449108 ,Left ,-2 ,-2 ,-2 ,-12 ,-7 ,-3 ,-3 ,-1
70.4449148 ,Left ,-3 ,-5 ,-3 ,-4 ,-2 ,+2 ,-1 ,-2
70.4583555 ,Left ,0  ,+1 ,0  ,-14 ,+1 ,0  ,-1 ,0 
70.4583596 ,Left ,0  ,0  ,+1 ,+6 ,-3 ,-4 ,-2 ,0 
70.4593328 ,Left ,-4 ,-2 ,+1 ,0  ,-3 ,-1 ,-3 ,-2
70.4593422 ,Left ,+2 ,+3 ,-6 ,-9 ,-1 ,+2 ,0  ,+1
70.4810901 ,Left ,-6 ,-9 ,-10 ,-19 ,-6 ,-8 ,-5 ,-6
70.4810944 ,Left ,-1 ,0  ,-1 ,+5 ,+4 ,+2 ,+3 ,-1
70.4817042 ,Left ,0  ,-1 ,0  ,+9 ,+1 ,+10 ,-4 ,-2
70.4817086 ,Left ,+1 ,0  ,0  ,+3 ,-5 ,-23 ,-6 ,-3
70.503906 ,Left ,+1 ,0  ,+5 ,-8 ,+3 ,+2 ,+1 ,+2
70.5039101 ,Left ,-2 ,+3 ,0  ,+16 ,-27 ,0  ,-1 ,+1
70.5047791 ,Left ,-3 ,-4 ,-3 ,-7 ,+1 ,+2 ,0  ,-1
70.5047832 ,Left ,-2 ,-2 ,-1 ,-13 ,-3 ,+5 ,0  ,0 
70.518515 ,Left ,0  ,-4 ,-1 ,+5 ,+1 ,-1 ,-2 ,0 
70.5185197 ,Left ,-2 ,-1 ,-4 ,-5 ,+3 ,-4 ,-2 ,-2
70.5192391 ,Left ,-1 ,+1 ,+3 ,-1 ,+4 ,-5 ,-1 ,0 
70.5192433 ,Left ,-1 ,-4 ,-3 ,-9 ,-19 ,+8 ,+1 ,-2
70.5411136 ,Left ,0  ,+5 ,+10 ,+16 ,+8 ,-26 ,-7 ,0 
70.5411181 ,Left ,-1 ,0  ,-8 ,+3 ,-8 ,+2 ,0  ,-2
70.5417153 ,Left ,-3 ,-5 ,-8 ,-31 ,+3 ,-6 ,-3 ,-4
70.5417197 ,Left ,0  ,-4 ,-19 ,-8 ,+6 ,+2 ,+1 ,0 
70.5640997 ,Left ,-4 ,-2 ,0  ,0  ,-7 ,+7 ,+2 ,-2
70.5641026 ,Left ,0  ,-2 ,+3 ,-24 ,-3 ,-1 ,+1 ,-1
70.5649373 ,Left ,+1 ,+3 ,+5 ,+40 ,-1 ,-1 ,-1 ,+2
70.5649401 ,Left ,+2 ,+2 ,+9 ,+10 ,+6 ,0  ,-2 ,-1
70.578397 ,Left ,-1 ,-3 ,-4 ,-8 ,-38 ,-1 ,-2 ,-1
70.5783998 ,Left ,-2 ,0  ,-3 ,-3 ,+10 ,-2 ,-3 ,-4
70.5790336 ,Left ,0  ,0  ,-2 ,+16 ,+3 ,-1 ,-2 ,0 
70.579036 ,Left ,-4 ,-6 ,-8 ,-55 ,-11 ,-2 ,+1 ,-1
70.6010064 ,Left ,+2 ,0  ,+2 ,+13 ,+34 ,+4 ,-3 ,-1
70.6010093 ,Left ,+1 ,-1 ,+1 ,-5 ,-3 ,-2 ,+1 ,-1
70.6017971 ,Left ,+1 ,-3 ,-2 ,-1 ,-12 ,-1 ,0  ,0 
70.6018004 ,Left ,-2 ,+1 ,+2 ,+9 ,+2 ,0  ,-5 ,0 
70.6242065 ,Left ,-3 ,0  ,+1 ,-26 ,+4 ,0  ,+3 ,0 
70.6242113 ,Left ,-2 ,-2 ,0  ,+32 ,-1 ,0  ,-2 ,-1
70.6250041 ,Left ,+1 ,-4 ,0  ,-11 ,-7 ,-2 ,0  ,0 
70.6250088 ,Left ,-1 ,+2 ,-4 ,+14 ,-1 ,-1 ,-1 ,-3
70.6466867 ,Left ,+1 ,+1 ,-1 ,-7 ,-8 ,+1 ,0  ,0 
70.646692 ,Left ,-3 ,-2 ,+4 ,+16 ,+11 ,+1 ,+1 ,0 
70.6475835 ,Left ,+2 ,+1 ,-5 ,-24 ,-12 ,-3 ,-4 ,-1
70.6475892 ,Left ,-1 ,-2 ,+6 ,+30 ,-4 ,+8 ,+2 ,-1
70.6608123 ,Left ,-2 ,-2 ,-8 ,-18 ,-1 ,-16 ,-5 ,-2
70.6609266 ,Left ,-1 ,-2 ,-2 ,+1 ,0  ,-2 ,-2 ,-1
70.6616653 ,Left ,-4 ,0  ,+3 ,-11 ,-20 ,-4 ,0  ,-3
70.6616817 ,Left ,-1 ,0  ,+2 ,+3 ,+3 ,-3 ,-1 ,+1
70.6841547 ,Left ,-1 ,+2 ,-1 ,-5 ,+7 ,+7 ,+1 ,-1
70.6841592 ,Left ,-1 ,0  ,+10 ,-5 ,-11 ,-5 ,-1 ,-1
70.6848062 ,Left ,0  ,-1 ,-22 ,-9 ,+8 ,-1 ,-1 ,-2
70.6848099 ,Left ,-1 ,-4 ,+6 ,+23 ,+4 ,+1 ,-1 ,0 
70.7065361 ,Left ,0  ,-1 ,0  ,+17 ,-5 ,+4 ,0  ,-1
70.7065404 ,Left ,0  ,+1 ,+3 ,-18 ,+2 ,-3 ,-1 ,0 
70.7073256 ,Left ,-1 ,0  ,+6 ,+9 ,+1 ,+1 ,0  ,-1
70.707354 ,Left ,+1 ,0  ,-4 ,-17 ,-8 ,-3 ,0  ,+1
70.7210565 ,Left ,-1 ,-4 ,-3 ,+20 ,+5 ,+1 ,+2 ,-1
70.7210608 ,Left ,0  ,-2 ,-4 ,-19 ,-8 ,-3 ,-1 ,-1
70.7217051 ,Left ,0  ,+1 ,+4 ,+8 ,+5 ,-1 ,-1 ,+1
70.721709 ,Left ,-1 ,-4 ,-11 ,-12 ,-8 ,-2 ,-1 ,-2
70.7442049 ,Left ,0  ,+3 ,0  ,-34 ,-2 ,+8 ,+1 ,0 
70.7442093 ,Left ,-2 ,-4 ,-1 ,+54 ,+10 ,-27 ,-6 ,-3
70.7450255 ,Left ,-1 ,-1 ,+2 ,+3 ,-5 ,-1 ,-2 ,0 
70.7450298 ,Left ,-1 ,0  ,+4 ,-8 ,+5 ,-1 ,-1 ,0 
70.7576871 ,Left ,+1 ,-2 ,-1 ,+9 ,+1 ,+6 ,-6 ,+1
70.7577814 ,Left ,-1 ,+1 ,0  ,-25 ,+6 ,+16 ,+18 ,0 
70.7661865 ,Left ,-2 ,-6 ,-7 ,+15 ,-9 ,-20 ,-8 ,-3
70.7661923 ,Left ,+2 ,+5 ,+3 ,-10 ,+3 ,-1 ,-1 ,-1
70.7811505 ,Left ,-2 ,-2 ,-4 ,-4 ,+10 ,-3 ,0  ,0 
70.7811568 ,Left ,-2 ,-2 ,+3 ,+6 ,-8 ,+9 ,-3 ,+1
70.7817082 ,Left ,0  ,+2 ,-5 ,-37 ,+1 ,+3 ,0  ,-1
70.7817135 ,Left ,-2 ,-2 ,0  ,+10 ,-2 ,0  ,+1 ,-3
70.8116907 ,Left ,-1 ,-3 ,-1 ,+6 ,-10 ,-3 ,0  ,-1
70.8116952 ,Left ,0  ,-2 ,-5 ,-6 ,-3 ,-1 ,-4 ,0 
70.8126171 ,Left ,0  ,0  ,+2 ,+2 ,+2 ,+5 ,+2 ,0 
70.8126218 ,Left ,-2 ,-4 ,-3 ,-7 ,+1 ,-4 ,-3 ,-2
70.8266744 ,Left ,-1 ,-2 ,0  ,0  ,-14 ,0  ,+3 ,-2
70.8266789 ,Left ,-1 ,0  ,-1 ,+10 ,-4 ,0  ,-3 ,-2
70.8276192 ,Left ,-4 ,-2 ,+2 ,0  ,+8 ,+2 ,0  ,-1
70.8276237 ,Left ,-1 ,+2 ,-8 ,-22 ,+2 ,-2 ,-1 ,+1
70.8408136 ,Left ,-1 ,+2 ,+4 ,+5 ,+6 ,-5 ,0  ,-1
70.840818 ,Left ,-2 ,-3 ,-15 ,-11 ,-5 ,+3 ,0  ,-1
70.8415498 ,Left ,0  ,-1 ,-2 ,-28 ,-5 ,0  ,-2 ,-1
70.8415541 ,Left ,-3 ,-1 ,+15 ,+38 ,+2 ,-2 ,-2 ,-3
70.8642454 ,Left ,-3 ,-3 ,-13 ,-8 ,-1 ,-1 ,+1 ,-2
70.8642496 ,Left ,-1 ,0  ,-3 ,+11 ,+6 ,-2 ,-4 ,0 
70.8650078 ,Left ,-3 ,0  ,-5 ,-21 ,0  ,+1 ,0  ,0 
70.8650114 ,Left ,-1 ,0  ,-2 ,+9 ,-2 ,-1 ,0  ,-1
70.8778249 ,Left ,0  ,0  ,+11 ,+6 ,+6 ,0  ,0  ,+1
70.8778288 ,Left ,-3 ,-3 ,-2 ,+5 ,-6 ,-2 ,-2 ,-2
70.886089 ,Left ,0  ,-3 ,-1 ,+7 ,-30 ,-1 ,-1 ,-1
70.8860933 ,Left ,0  ,-2 ,-3 ,-25 ,-1 ,+6 ,0  ,-1
70.9010459 ,Left ,-2 ,-2 ,-3 ,+17 ,+1 ,-10 ,-4 ,0 
70.9010499 ,Left ,-2 ,-1 ,-1 ,-34 ,-3 ,-1 ,-1 ,-1
70.9018129 ,Left ,-1 ,-1 ,+5 ,+39 ,+13 ,+2 ,-1 ,-1
70.9018174 ,Left ,0  ,-1 ,-11 ,-24 ,-7 ,-2 ,-3 ,-1
70.9240886 ,Left ,-1 ,-2 ,+1 ,-15 ,-6 ,+4 ,0  ,-1
70.9240915 ,Left ,+1 ,+4 ,+7 ,+14 ,+1 ,-1 ,+1 ,0 
70.924787 ,Left ,+1 ,0  ,-4 ,-10 ,+12 ,0  ,0  ,-1
70.9247894 ,Left ,-1 ,0  ,+3 ,+13 ,-5 ,+1 ,0  ,-1
70.9376423 ,Left ,-2 ,-3 ,-5 ,+16 ,-3 ,0  ,-3 ,-3
70.9376449 ,Left ,+1 ,+1 ,+4 ,-18 ,0  ,-1 ,-2 ,0 
70.9457945 ,Left ,+1 ,+1 ,+1 ,-14 ,+4 ,+1 ,+1 ,+2
70.9457973 ,Left ,0  ,-2 ,+5 ,+32 ,+4 ,-5 ,-3 ,-1
70.9608702 ,Left ,-3 ,-2 ,-5 ,-20 ,-6 ,-3 ,-1 ,-1
70.9608733 ,Left ,0  ,-4 ,-5 ,-2 ,-3 ,-1 ,-2 ,-1
70.9616086 ,Left ,0  ,0  ,+2 ,+10 ,-4 ,-1 ,-2 ,0 
70.9616194 ,Left ,-1 ,-1 ,0  ,+31 ,-8 ,-1 ,0  ,-2
70.9839844 ,Left ,+1 ,-2 ,+2 ,-9 ,+7 ,-1 ,+1 ,0 
70.9839884 ,Left ,-1 ,0  ,-1 ,-2 ,-10 ,+4 ,+2 ,0 
70.9848212 ,Left ,-2 ,-2 ,+3 ,+17 ,+14 ,+4 ,+1 ,+1
70.9848252 ,Left ,-3 ,-2 ,-8 ,-23 ,-6 ,+2 ,-1 ,-1
71.0066668 ,Left ,0  ,-1 ,+6 ,+23 ,-2 ,-1 ,-1 ,-1
71.0066726 ,Left ,-1 ,0  ,-5 ,-17 ,+8 ,+2 ,+1 ,0 
71.0076764 ,Left ,-1 ,-1 ,+5 ,+23 ,+9 ,-1 ,0  ,-1
71.0076821 ,Left ,0  ,-1 ,-8 ,-43 ,-7 ,+2 ,+1 ,+1
71.021051 ,Left ,-1 ,-2 ,-3 ,-20 ,-6 ,-1 ,-1 ,-2
71.0210566 ,Left ,0  ,-5 ,+4 ,+40 ,+9 ,+5 ,-4 ,-2
71.0217339 ,Left ,-1 ,-2 ,-5 ,-21 ,-8 ,-21 ,-7 ,-2
71.0217387 ,Left ,0  ,-2 ,+2 ,-8 ,0  ,-4 ,-6 ,-1
71.0440797 ,Left ,0  ,+4 ,-5 ,-12 ,+8 ,-5 ,+4 ,-5
71.0440847 ,Left ,0  ,+2 ,+3 ,+4 ,-50 ,+21 ,-7 ,+10
71.0448103 ,Left ,-4 ,-4 ,-8 ,-17 ,+24 ,-11 ,-15 ,-4
71.0448151 ,Left ,-2 ,-2 ,-2 ,-4 ,+3 ,-14 ,-6 ,-1
71.0666745 ,Left ,0  ,-4 ,-2 ,+6 ,+5 ,+27 ,+67 ,+7
71.0666798 ,Left ,-13 ,-2 ,-6 ,-18 ,-5 ,-62 ,-13 ,-13
71.0676015 ,Left ,+16 ,+1 ,-2 ,0  ,-12 ,-20 ,-32 ,+3
71.0676064 ,Left ,-5 ,-5 ,-6 ,-16 ,0  ,-5 ,-25 ,-19
71.0808409 ,Left ,0  ,0  ,+2 ,+42 ,-17 ,+48 ,+43 ,+20
71.080847 ,Left ,0  ,-1 ,+1 ,-55 ,-2 ,-34 ,-45 ,-8
71.0815789 ,Left ,-7 ,-3 ,-2 ,-14 ,-1 ,+27 ,+9 ,-8
71.0816692 ,Left ,-5 ,-2 ,-3 ,+31 ,+9 ,-12 ,+24 ,-2
71.1042049 ,Left ,+1 ,+4 ,+3 ,-14 ,-15 ,+3 ,-26 ,+9
71.1042093 ,Left ,+3 ,-8 ,-8 ,0  ,+34 ,+8 ,+7 ,+2
71.1050684 ,Left ,0  ,0  ,-2 ,-14 ,-21 ,+13 ,+5 ,+1
71.1050729 ,Left ,+6 ,+10 ,+12 ,+41 ,+10 ,+9 ,-5 ,+4
71.1264795 ,Left ,-7 ,-6 ,-13 ,-36 ,+1 ,-16 ,-15 ,-5
71.1264839 ,Left ,-1 ,+3 ,+1 ,+26 ,-4 ,+10 ,+6 ,0 
71.1273724 ,Left ,-4 ,-2 ,+10 ,+29 ,+21 ,-12 ,+6 ,-3
71.1273765 ,Left ,-1 ,-8 ,-18 ,-23 ,-6 ,+4 ,+7 ,+3
71.1411132 ,Left ,+1 ,-1 ,+25 ,+15 ,-1 ,-13 ,-19 ,-6
71.141116 ,Left ,+1 ,+2 ,-18 ,-18 ,+1 ,+2 ,+10 ,-2
71.141527 ,Left ,-4 ,-7 ,+6 ,+7 ,-4 ,+9 ,+9 ,-3
71.1415294 ,Left ,-1 ,-3 ,+29 ,-13 ,-4 ,+7 ,+4 ,+5
71.1641869 ,Left ,-5 ,-14 ,-65 ,-41 ,+6 ,-17 ,-26 ,-11
71.1641898 ,Left ,+4 ,+8 ,+24 ,+17 ,+10 ,+10 ,+5 ,0 
71.1648391 ,Left ,-7 ,-7 ,-5 ,+2 ,-11 ,0  ,+7 ,+2
71.1648418 ,Left ,+4 ,+16 ,+37 ,+17 ,+2 ,-1 ,-4 ,+3
71.1864258 ,Left ,-2 ,-10 ,-26 ,+7 ,+27 ,-10 ,-7 ,-5
71.1864288 ,Left ,0  ,0  ,+27 ,0  ,-32 ,+4 ,+11 ,-1
71.1872826 ,Left ,-2 ,-9 ,-53 ,-48 ,-26 ,-2 ,+1 ,+1
71.1872854 ,Left ,0  ,-6 ,-18 ,-27 ,+1 ,-2 ,-1 ,-2
71.2010302 ,Left ,+3 ,+9 ,+22 ,+16 ,+1 ,-4 ,-6 ,-5
71.2010347 ,Left ,-1 ,-2 ,-4 ,-8 ,+16 ,+8 ,+9 ,+2
71.2016064 ,Left ,-1 ,+9 ,+34 ,+26 ,-9 ,-8 ,-2 ,0 
71.2016102 ,Left ,-2 ,-3 ,-7 ,+4 ,-1 ,0  ,-2 ,0 
71.2241751 ,Left ,-2 ,-1 ,-10 ,-43 ,-9 ,-4 ,-5 ,-2
71.2241798 ,Left ,+3 ,-3 ,-4 ,-3 ,+1 ,+3 ,+1 ,+1
71.2248473 ,Left ,+1 ,+1 ,-7 ,+4 ,-7 ,-2 ,+2 ,-1
71.2248519 ,Left ,-3 ,-4 ,-8 ,+14 ,+10 ,+1 ,+2 ,0 
71.246655 ,Left ,-1 ,+7 ,+13 ,+17 ,-3 ,-4 ,-6 ,-3
71.2466602 ,Left ,-1 ,-1 ,-4 ,+13 ,+2 ,+9 ,-3 ,+1
71.2476627 ,Left ,+1 ,-2 ,-2 ,+5 ,+6 ,-1 ,+10 ,-2
71.2476679 ,Left ,+2 ,0  ,-14 ,-35 ,-5 ,-1 ,+2 ,+2
71.2611387 ,Left ,-5 ,0  ,+26 ,+82 ,+2 ,-3 ,-7 ,-15
71.2611442 ,Left ,+3 ,-2 ,-16 ,-82 ,-13 ,-1 ,+7 ,+20
71.2617405 ,Left ,-2 ,+1 ,+3 ,+20 ,+6 ,+7 ,-10 ,-4
71.2617454 ,Left ,-4 ,0  ,+7 ,+29 ,-4 ,-8 ,-6 ,0 
71.2841881 ,Left ,0  ,0  ,-3 ,-19 ,-3 ,-7 ,-7 ,-4
71.2841934 ,Left ,-7 ,-1 ,-5 ,+13 ,+5 ,-16 ,+14 ,-5
71.2848387 ,Left ,+3 ,+1 ,+3 ,-11 ,+6 ,+31 ,-10 ,+1
71.2849751 ,Left ,+2 ,0  ,-3 ,-15 ,-9 ,-2 ,+1 ,-1
71.3065814 ,Left ,+2 ,-1 ,+1 ,+3 ,-4 ,-6 ,-3 ,+1
71.3065873 ,Left ,-4 ,-1 ,0  ,+25 ,+8 ,-5 ,-5 ,-7
71.3076173 ,Left ,-1 ,+2 ,+5 ,-16 ,0  ,-12 ,+2 ,+2
71.3077306 ,Left ,-2 ,-3 ,0  ,+5 ,-5 ,+2 ,0  ,-4
71.321147 ,Left ,+1 ,+2 ,+7 ,-2 ,-1 ,-1 ,-6 ,+3
71.3211523 ,Left ,0  ,-4 ,-23 ,-7 ,+2 ,+17 ,-2 ,-5
71.3217828 ,Left ,-1 ,+2 ,+11 ,+25 ,+5 ,-9 ,+2 ,-1
71.3217878 ,Left ,-2 ,-4 ,-6 ,-11 ,-1 ,+6 ,+1 ,-1
71.3442851 ,Left ,+2 ,0  ,-1 ,-41 ,-7 ,+2 ,+5 ,+3
71.3442909 ,Left ,-2 ,-5 ,+10 ,+47 ,+5 ,+9 ,-9 ,-2
71.345083 ,Left ,-1 ,+1 ,+2 ,+2 ,-10 ,-28 ,+2 ,-2
71.3450882 ,Left ,-1 ,-4 ,-7 ,0  ,0  ,-3 ,-4 ,0 
71.367026 ,Left ,+1 ,+2 ,+5 ,+2 ,-2 ,-6 ,-7 ,-1
71.367031 ,Left ,-2 ,-2 ,-2 ,+3 ,+3 ,+3 ,-3 ,-3
71.3678158 ,Left ,-2 ,-6 ,-18 ,-15 ,+2 ,+4 ,-9 ,-11
71.3678207 ,Left ,+3 ,+4 ,-1 ,-4 ,-9 ,-9 ,-1 ,+16
71.3814783 ,Left ,0  ,-1 ,+5 ,-5 ,+9 ,+16 ,+26 ,0 
71.3814838 ,Left ,0  ,0  ,-3 ,-32 ,-6 ,-27 ,+10 ,-1
71.3823926 ,Left ,-1 ,-2 ,+2 ,+46 ,+3 ,-6 ,-32 ,-4
71.3823978 ,Left ,-5 ,+1 ,-4 ,-26 ,-2 ,0  ,+24 ,+2
71.4042833 ,Left ,+4 ,0  ,+1 ,+9 ,+2 ,+11 ,-13 ,+1
71.4042889 ,Left ,+5 ,0  ,-9 ,-26 ,-8 ,+2 ,+9 ,-1
71.4049508 ,Left ,-6 ,-2 ,+8 ,+23 ,+9 ,-14 ,+6 ,-9
71.4049558 ,Left ,-2 ,-2 ,-2 ,-4 ,-6 ,-4 ,-4 ,-18
71.4266575 ,Left ,-2 ,-3 ,-6 ,-37 ,-14 ,+16 ,+33 ,+10
71.4266631 ,Left ,-5 ,+1 ,+7 ,+7 ,+5 ,-7 ,-2 ,-4
71.427502 ,Left ,+4 ,-1 ,-2 ,-10 ,-3 ,+3 ,-10 ,+4
71.427507 ,Left ,+3 ,+4 ,+2 ,-30 ,+4 ,+17 ,-8 ,+1
71.4411713 ,Left ,-5 ,-3 ,0  ,+29 ,+23 ,-2 ,+16 ,-2
71.4411768 ,Left ,-5 ,-2 ,-1 ,-12 ,-18 ,+11 ,-22 ,-7
71.4417791 ,Left ,+3 ,-4 ,+5 ,+31 ,-9 ,-11 ,+9 ,+2
71.4417844 ,Left ,-5 ,-5 ,-13 ,-60 ,-3 ,-6 ,-13 ,-5
71.4640972 ,Left ,+2 ,+3 ,0  ,+5 ,+14 ,+3 ,-16 ,-3
71.4641022 ,Left ,-3 ,-8 ,0  ,-15 ,+6 ,-9 ,+2 ,0 
71.464744 ,Left ,0  ,+6 ,-5 ,-14 ,-6 ,+2 ,+1 ,+4
71.4648073 ,Left ,0  ,-1 ,+35 ,+37 ,-5 ,+6 ,+5 ,0 
71.4864561 ,Left ,+1 ,+1 ,-29 ,-22 ,-40 ,-11 ,-11 ,-2
71.4864586 ,Left ,+1 ,+2 ,-7 ,+4 ,+7 ,-7 ,-3 ,-1
71.4872514 ,Left ,-4 ,-3 ,+9 ,-11 ,-7 ,+5 ,+9 ,-1
71.487311 ,Left ,-6 ,-20 ,-70 ,-35 ,+7 ,0  ,-11 ,-3
71.5007227 ,Left ,+5 ,+26 ,+83 ,+68 ,0  ,-11 ,-5 ,+2
71.5007254 ,Left ,-1 ,-4 ,-12 ,-3 ,-2 ,+5 ,0  ,0 
71.5014917 ,Left ,-5 ,-11 ,-69 ,-42 ,-8 ,+6 ,+1 ,0 
71.5014941 ,Left ,+2 ,+5 ,+43 ,+39 ,+11 ,+6 ,+7 ,+2
71.5315857 ,Left ,-6 ,-19 ,-40 ,-32 ,+1 ,-24 ,-24 ,-5
71.5315882 ,Left ,-1 ,+6 ,+38 ,+68 ,-16 ,-3 ,+20 ,-2
71.5322217 ,Left ,-1 ,+2 ,+8 ,-6 ,+36 ,+17 ,-3 ,-1
71.5322836 ,Left ,+1 ,-1 ,-2 ,+7 ,-13 ,-10 ,0  ,-3
71.5463761 ,Left ,-1 ,-2 ,+5 ,+9 ,+2 ,+2 ,-7 ,-1
71.5463839 ,Left ,0  ,-2 ,-1 ,-35 ,-6 ,+1 ,-14 ,-1
71.5472829 ,Left ,0  ,+3 ,+7 ,-7 ,-7 ,+1 ,+21 ,+6
71.5472854 ,Left ,-1 ,0  ,-19 ,+9 ,+3 ,+10 ,+1 ,0 
71.5600262 ,Left ,-3 ,-2 ,+6 ,+8 ,+5 ,+8 ,-6 ,-14
71.5600288 ,Left ,-1 ,-2 ,-20 ,-23 ,+4 ,-7 ,+5 ,+16
71.5682355 ,Left ,+4 ,0  ,+6 ,+2 ,+2 ,0  ,+4 ,-3
71.568238 ,Left ,-7 ,+1 ,+10 ,+2 ,+12 ,-13 ,-20 ,+2
71.5839459 ,Left ,+5 ,-4 ,-16 ,-37 ,-53 ,-5 ,-41 ,0 
71.5839485 ,Left ,-3 ,-2 ,-3 ,+27 ,+12 ,-10 ,+24 ,-7
71.5846987 ,Left ,+2 ,+1 ,+9 ,-1 ,+3 ,-11 ,-22 ,+13
71.5847342 ,Left ,-1 ,+5 ,+10 ,0  ,-5 ,0  ,-2 ,-3
71.606395 ,Left ,-7 ,-9 ,-13 ,+2 ,+31 ,+8 ,+40 ,-2
71.6064172 ,Left ,0  ,-1 ,+5 ,+14 ,-2 ,-6 ,-33 ,+4
71.6071815 ,Left ,-3 ,-1 ,+6 ,+1 ,-2 ,-6 ,+12 ,-4
71.6072074 ,Left ,-2 ,-2 ,-4 ,+17 ,-16 ,-22 ,+51 ,-8
71.6200183 ,Left ,+6 ,+2 ,+1 ,+7 ,+22 ,+16 ,-19 ,+5
71.6201038 ,Left ,-2 ,-4 ,-4 ,+4 ,-1 ,-13 ,+36 ,-4
71.6282548 ,Left ,+1 ,+1 ,+3 ,-20 ,-1 ,-15 ,+19 ,-1
71.6282958 ,Left ,-4 ,0  ,-4 ,+4 ,-3 ,-7 ,-70 ,-5
71.6439866 ,Left ,+3 ,+1 ,+2 ,+17 ,+4 ,-14 ,+37 ,-2
71.6439895 ,Left ,-1 ,0  ,-1 ,-19 ,+4 ,+23 ,-37 ,0 
71.6447325 ,Left ,-3 ,-2 ,+2 ,+29 ,-1 ,0  ,-16 ,-4
71.6447348 ,Left ,0  ,-2 ,+2 ,+11 ,-9 ,-5 ,+3 ,-2
71.6664133 ,Left ,-4 ,-4 ,-10 ,-88 ,-1 ,+1 ,+2 ,+6
71.6664191 ,Left ,+2 ,-2 ,0  ,+91 ,-13 ,+1 ,-17 ,-6
71.6672175 ,Left ,+1 ,+5 ,+7 ,-38 ,-3 ,+10 ,+6 ,+2
71.6672779 ,Left ,-2 ,-9 ,-15 ,+27 ,+6 ,+3 ,+6 ,0 
71.6800055 ,Left ,-2 ,+2 ,0  ,+19 ,-1 ,0  ,-5 ,-1
71.6800083 ,Left ,+3 ,+12 ,+25 ,-11 ,-13 ,+4 ,+15 ,+5
71.6881937 ,Left ,-5 ,-11 ,-6 ,+4 ,+4 ,-4 ,-6 ,-7
71.6882732 ,Left ,+8 ,+23 ,+26 ,+12 ,+1 ,+6 ,+8 ,+2
71.7037815 ,Left ,-6 ,-12 ,-1 ,+20 ,-3 ,-7 ,-8 ,-3
71.7038019 ,Left ,-5 ,-15 ,+1 ,-33 ,-1 ,0  ,-3 ,-9
71.7045528 ,Left ,+7 ,+22 ,-10 ,+14 ,+39 ,+9 ,+1 ,+3
71.7045778 ,Left ,0  ,-6 ,+15 ,-10 ,-19 ,+1 ,-6 ,+1
71.7264522 ,Left ,-2 ,-2 ,-14 ,+9 ,-8 ,-3 ,+3 ,+2
71.7264551 ,Left ,+4 ,+9 ,+45 ,+39 ,+23 ,+6 ,+3 ,0 
71.7272014 ,Left ,-2 ,-5 ,+2 ,-6 ,+42 ,+15 ,+6 ,0 
71.7272036 ,Left ,-3 ,-15 ,-47 ,-39 ,-2 ,+2 ,-9 ,-4
71.7403465 ,Left ,0  ,+6 ,+7 ,+2 ,-15 ,-4 ,+5 ,-3
71.7403557 ,Left ,-4 ,-6 ,-26 ,-2 ,+6 ,+10 ,-9 ,+1
71.7491025 ,Left ,-3 ,0  ,+11 ,-39 ,-3 ,-1 ,-14 ,-1
71.7491723 ,Left ,+2 ,+3 ,+10 ,+38 ,-37 ,-4 ,-28 ,+5
71.7642474 ,Left ,-4 ,0  ,+15 ,+28 ,+4 ,+22 ,+12 ,-12
71.7643369 ,Left ,+1 ,-2 ,-21 ,+12 ,0  ,-24 ,-2 ,+8
71.7658303 ,Left ,0  ,-5 ,+4 ,+12 ,-23 ,+6 ,-15 ,+3
71.7659222 ,Left ,-1 ,+2 ,+13 ,-5 ,+10 ,-8 ,-4 ,+4
71.7868138 ,Left ,+2 ,-1 ,-12 ,-23 ,+1 ,-22 ,+34 ,+4
71.7869309 ,Left ,-1 ,0  ,-8 ,-13 ,-16 ,+7 ,-2 ,0 
71.7883897 ,Left ,-3 ,+1 ,+2 ,+2 ,-8 ,+22 ,+45 ,-4
71.7884658 ,Left ,-3 ,-7 ,-9 ,-6 ,-15 ,+5 ,+21 ,0 
71.8004764 ,Left ,0  ,-3 ,-6 ,-13 ,-3 ,+3 ,-13 ,+7
71.8004827 ,Left ,0  ,+4 ,-6 ,-23 ,+12 ,+21 ,+14 ,-9
71.809177 ,Left ,0  ,-3 ,+1 ,+5 ,-30 ,-12 ,+12 ,+3
71.8091812 ,Left ,+2 ,-1 ,-4 ,-8 ,+18 ,+4 ,-3 ,-6
71.8246682 ,Left ,-4 ,0  ,-1 ,-3 ,-1 ,+8 ,+20 ,-2
71.8246727 ,Left ,0  ,-1 ,-2 ,-44 ,-8 ,-13 ,-33 ,-2
71.8261761 ,Left ,-1 ,-5 ,-7 ,+59 ,-1 ,-1 ,-24 ,-16
71.8261803 ,Left ,+4 ,+4 ,+6 ,-1 ,-13 ,-10 ,+12 ,+22
71.8466019 ,Left ,-5 ,+1 ,+2 ,+18 ,+10 ,-12 ,-13 ,+5
71.8466064 ,Left ,+4 ,-4 ,-12 ,-15 ,+6 ,+6 ,+29 ,-4
71.8481591 ,Left ,0  ,+5 ,-1 ,-20 ,-26 ,-1 ,-23 ,+6
71.8481634 ,Left ,-1 ,-1 ,+6 ,-4 ,+29 ,-2 ,-4 ,-8
71.8601811 ,Left ,0  ,-2 ,+2 ,+14 ,-10 ,+10 ,-15 ,+5
71.8601853 ,Left ,-6 ,-4 ,-6 ,-20 ,+4 ,-11 ,-13 ,-4
71.8692099 ,Left ,-3 ,-5 ,-5 ,-5 ,-18 ,-13 ,+4 ,-1
71.8692142 ,Left ,-3 ,-5 ,-2 ,+24 ,0  ,+8 ,+6 ,-4
71.8826652 ,Left ,+1 ,+4 ,+3 ,-21 ,-3 ,-8 ,-11 ,-1
71.8826677 ,Left ,-2 ,+4 ,+7 ,+19 ,+10 ,-2 ,+9 ,-3
71.8915067 ,Left ,-1 ,+1 ,+12 ,-1 ,0  ,+9 ,+6 ,-1
71.8915092 ,Left ,0  ,-3 ,-17 ,-12 ,+7 ,+11 ,+16 ,-1
71.9065342 ,Left ,-3 ,-11 ,-19 ,-29 ,-11 ,-5 ,-12 ,-5
71.906537 ,Left ,0  ,+1 ,+16 ,+66 ,-4 ,0  ,+2 ,+1
71.9079396 ,Left ,-3 ,-1 ,+11 ,-18 ,+12 ,+2 ,-8 ,0 
71.9080096 ,Left ,0  ,0  ,+5 ,+10 ,+9 ,-10 ,0  ,-5
71.9289451 ,Left ,+3 ,+5 ,+44 ,+38 ,+12 ,+6 ,-9 ,-1
71.9289482 ,Left ,-3 ,-10 ,-64 ,-76 ,-21 ,-5 ,+17 ,0 
71.9306173 ,Left ,-2 ,0  ,+31 ,+57 ,+25 ,+2 ,0  ,-2
71.9306199 ,Left ,-3 ,-3 ,-11 ,-25 ,-5 ,+10 ,-1 ,-5
71.9428101 ,Left ,-4 ,-5 ,-26 ,-20 ,-10 ,-31 ,-40 ,-5
71.9428133 ,Left ,0  ,+5 ,+34 ,+26 ,+11 ,+20 ,+16 ,0 
71.9517208 ,Left ,-1 ,-5 ,-20 ,+4 ,-14 ,-7 ,-1 ,-3
71.9517246 ,Left ,-2 ,-4 ,-12 ,-23 ,+1 ,-4 ,+3 ,-1
71.966545 ,Left ,+1 ,-1 ,-1 ,+2 ,-3 ,0  ,+3 ,+1
71.9665487 ,Left ,0  ,-2 ,+1 ,+11 ,-6 ,-10 ,-15 ,-1
71.9682056 ,Left ,-2 ,-1 ,-9 ,-6 ,-1 ,-2 ,-2 ,+2
71.9682091 ,Left ,0  ,+6 ,+19 ,-10 ,-6 ,-7 ,+2 ,-1
71.9890126 ,Left ,-2 ,-1 ,-13 ,-2 ,+8 ,+7 ,+4 ,-2
71.9890166 ,Left ,-1 ,-4 ,-9 ,+3 ,-3 ,-6 ,-4 ,-1
71.9905774 ,Left ,+1 ,0  ,+5 ,-41 ,-4 ,-9 ,+2 ,-3
71.9905807 ,Left ,0  ,-3 ,-11 ,-1 ,+2 ,-1 ,-4 ,-1
72.0028719 ,Left ,-1 ,-1 ,+6 ,+31 ,+3 ,-3 ,+1 ,-3
72.0028756 ,Left ,-3 ,-1 ,-1 ,-21 ,-5 ,-1 ,-9 ,-4
72.0192161 ,Left ,-2 ,-1 ,-11 ,+2 ,-6 ,-7 ,-1 ,+1
72.0192197 ,Left ,-2 ,-1 ,-4 ,-31 ,-4 ,+4 ,-6 ,-8
72.0266233 ,Left ,+3 ,-3 ,-5 ,-9 ,-3 ,+1 ,0  ,-11
72.026627 ,Left ,0  ,-1 ,+10 ,+9 ,-1 ,-1 ,-1 ,+1
72.0280982 ,Left ,0  ,+2 ,-11 ,-8 ,+1 ,+1 ,-3 ,-1
72.0281021 ,Left ,0  ,-3 ,+1 ,+6 ,+1 ,+7 ,+1 ,-10
72.0490563 ,Left ,-2 ,+2 ,+7 ,+17 ,-3 ,-22 ,+3 ,+13
72.0490604 ,Left ,+1 ,0  ,-4 ,+1 ,+2 ,-21 ,-7 ,0 
72.0507015 ,Left ,-1 ,-4 ,-9 ,-21 ,-6 ,-2 ,-4 ,-3
72.0507055 ,Left ,0  ,0  ,+5 ,+46 ,+3 ,-8 ,-1 ,-1
72.0635845 ,Left ,-1 ,+1 ,+1 ,-1 ,+1 ,+15 ,+9 ,-3
72.0635889 ,Left ,-3 ,-1 ,-9 ,-22 ,-5 ,+5 ,-12 ,-5
72.070111 ,Left ,-2 ,-4 ,-4 ,+4 ,-3 ,-7 ,-2 ,+1
72.0701148 ,Left ,0  ,0  ,0  ,-12 ,-1 ,-1 ,0  ,0 
72.0866004 ,Left ,0  ,-1 ,-1 ,+8 ,0  ,0  ,-4 ,-2
72.0866045 ,Left ,+2 ,0  ,+10 ,+36 ,0  ,-2 ,+1 ,+3
72.0882215 ,Left ,-2 ,-2 ,-13 ,-33 ,-5 ,+17 ,0  ,-4
72.0882255 ,Left ,-2 ,-2 ,-1 ,-8 ,+1 ,-13 ,-7 ,+1
72.10915 ,Left ,-1 ,-3 ,-1 ,-16 ,-1 ,0  ,0  ,-1
72.1091542 ,Left ,-1 ,-1 ,+4 ,+34 ,+5 ,+2 ,-3 ,-2
72.1106428 ,Left ,+1 ,-2 ,-1 ,-15 ,-5 ,-4 ,-2 ,+2
72.1106466 ,Left ,-2 ,-1 ,+6 ,+31 ,+3 ,0  ,-7 ,+1
72.1234907 ,Left ,-4 ,-1 ,-13 ,-36 ,-4 ,-1 ,-1 ,-2
72.1234947 ,Left ,-1 ,-1 ,+10 ,+7 ,-2 ,+1 ,0  ,-2
72.1303927 ,Left ,0  ,-3 ,-21 ,-13 ,-15 ,-4 ,-1 ,-1
72.1303968 ,Left ,0  ,+4 ,+4 ,-1 ,+13 ,0  ,+3 ,+1
72.1466316 ,Left ,-1 ,-1 ,-12 ,+13 ,-3 ,+5 ,0  ,-2
72.1466359 ,Left ,-3 ,-1 ,-6 ,-9 ,-2 ,-17 ,-8 ,-3
72.1482421 ,Left ,-1 ,-2 ,+3 ,+16 ,-3 ,+6 ,+2 ,-1
72.1482461 ,Left ,-3 ,-3 ,-1 ,-44 ,-6 ,-30 ,-3 ,-2
72.1689428 ,Left ,-1 ,-2 ,+2 ,+22 ,+2 ,+6 ,-3 ,-2
72.1689883 ,Left ,0  ,-1 ,-6 ,+5 ,-1 ,+5 ,+5 ,+2
72.1707333 ,Left ,0  ,-1 ,+2 ,-15 ,-2 ,-3 ,-2 ,-2
72.1707382 ,Left ,-1 ,0  ,-1 ,0  ,-3 ,+8 ,-9 ,-1
72.1835668 ,Left ,-1 ,0  ,+7 ,+17 ,+5 ,+1 ,+17 ,0 
72.1835722 ,Left ,-3 ,+1 ,-5 ,-25 ,-7 ,-10 ,-1 ,-3
72.1902585 ,Left ,0  ,0  ,+6 ,+33 ,+5 ,-10 ,-6 ,-1
72.1902635 ,Left ,+2 ,+3 ,+6 ,-51 ,-5 ,-6 ,+2 ,+6
72.2058924 ,Left ,-3 ,-8 ,-27 ,-2 ,+6 ,+30 ,-6 ,-2
72.2058976 ,Left ,+2 ,+1 ,-5 ,+10 ,+2 ,-1 ,+3 ,0 
72.2143309 ,Left ,-2 ,0  ,+3 ,+4 ,-2 ,+6 ,-5 ,-8
72.2143358 ,Left ,0  ,-2 ,+2 ,+20 ,+1 ,+7 ,+13 ,+9
72.2291617 ,Left ,+1 ,+4 ,+12 ,-27 ,-7 ,-10 ,-12 ,+2
72.2291674 ,Left ,-1 ,-1 ,+5 ,+13 ,+12 ,+5 ,-4 ,-4
72.2307339 ,Left ,-1 ,-2 ,-4 ,-25 ,-12 ,-19 ,+14 ,0 
72.2307387 ,Left ,-2 ,-5 ,-9 ,+21 ,0  ,+8 ,+26 ,-1
72.2427481 ,Left ,-3 ,+2 ,+10 ,+22 ,+1 ,-11 ,+18 ,-6
72.2427531 ,Left ,+3 ,0  ,-2 ,-10 ,-15 ,+23 ,+29 ,+6
72.2517319 ,Left ,+5 ,+4 ,+5 ,+7 ,+41 ,+10 ,+7 ,+11
72.2517367 ,Left ,-8 ,-4 ,-8 ,0  ,-4 ,-6 ,-40 ,-11
72.2666902 ,Left ,-6 ,-9 ,-9 ,-24 ,-15 ,-19 ,-20 ,+9
72.2666957 ,Left ,0  ,+5 ,+7 ,+2 ,+3 ,+21 ,+22 ,-2
72.2681187 ,Left ,+4 ,+1 ,+2 ,+36 ,-27 ,-45 ,-90 ,-15
72.2681238 ,Left ,-3 ,-5 ,-4 ,+9 ,+7 ,0  ,+68 ,+3
72.2892648 ,Left ,-3 ,-2 ,-6 ,-73 ,0  ,-11 ,-14 ,-8
72.2892702 ,Left ,-3 ,-6 ,+1 ,+9 ,-4 ,-5 ,-15 ,-4
72.2908728 ,Left ,-2 ,-1 ,-3 ,-36 ,-3 ,+8 ,+16 ,+2
72.2908783 ,Left ,0  ,+4 ,+3 ,+3 ,-4 ,+8 ,-25 ,0 
72.3029659 ,Left ,+5 ,+4 ,+9 ,+4 ,+1 ,-2 ,-2 ,-2
72.3029717 ,Left ,-3 ,-2 ,-5 ,+19 ,+12 ,-3 ,-2 ,0 
72.3118185 ,Left ,-2 ,-2 ,-2 ,+35 ,-15 ,0  ,+14 ,-2
72.3118235 ,Left ,+1 ,+5 ,+25 ,+89 ,+13 ,+6 ,-5 ,0 
72.3266063 ,Left ,-5 ,-10 ,-10 ,+47 ,+4 ,+2 ,+12 ,+2
72.3266111 ,Left ,+3 ,+15 ,+31 ,-18 ,-11 ,-10 ,-7 ,-2
72.3281834 ,Left ,-2 ,-11 ,-58 ,-55 ,-6 ,+14 ,+5 ,+3
72.3281883 ,Left ,-1 ,-6 ,+13 ,-12 ,-3 ,-2 ,-12 ,-1
72.3491317 ,Left ,-1 ,-6 ,-31 ,-33 ,-19 ,0  ,-2 ,-1
72.3491361 ,Left ,+1 ,+7 ,+35 ,+25 ,-1 ,0  ,-12 ,0 
72.3507228 ,Left ,-1 ,+6 ,+1 ,-6 ,-20 ,0  ,+11 ,+2
72.350727 ,Left ,0  ,-5 ,+5 ,+24 ,+10 ,0  ,-4 ,-2
72.3715628 ,Left ,-2 ,+1 ,-1 ,-52 ,-5 ,-2 ,-1 ,-3
72.3715652 ,Left ,-1 ,-2 ,+37 ,+47 ,-6 ,0  ,-4 ,-1
72.3730265 ,Left ,-3 ,-8 ,-47 ,-45 ,+17 ,+7 ,+14 ,+2
72.373029 ,Left ,+2 ,+3 ,-9 ,-30 ,-12 ,-4 ,-4 ,-3
72.386404 ,Left ,-1 ,-5 ,-7 ,+11 ,+4 ,+3 ,-3 ,-2
72.3864064 ,Left ,+1 ,+4 ,+2 ,+35 ,-1 ,-2 ,-3 ,+2
72.3880413 ,Left ,0  ,+6 ,+46 ,+12 ,+26 ,+5 ,+2 ,0 
72.388044 ,Left ,-1 ,-3 ,-2 ,+60 ,-22 ,0  ,-5 ,-1
72.40904 ,Left ,-1 ,+2 ,-2 ,-6 ,-4 ,+9 ,-5 ,-2
72.4090439 ,Left ,-4 ,-6 ,-19 ,-20 ,+25 ,0  ,+2 ,+1
72.4106502 ,Left ,-7 ,-4 ,+2 ,+3 ,-35 ,-7 ,-1 ,-4
72.410654 ,Left ,+1 ,-3 ,-31 ,-69 ,-10 ,+2 ,-1 ,0 
72.4318011 ,Left ,0  ,+3 ,+15 ,+47 ,0  ,-1 ,+5 ,0 
72.4318054 ,Left ,-3 ,-6 ,-24 ,-16 ,+5 ,+9 ,-4 ,-1
72.4332554 ,Left ,-1 ,0  ,+9 ,-9 ,+9 ,-15 ,-1 ,+1
72.4332633 ,Left ,+1 ,-1 ,+1 ,+9 ,+9 ,+5 ,+3 ,+6
72.4473863 ,Left ,-1 ,+1 ,+16 ,+41 ,+2 ,-3 ,-2 ,-4
72.4473909 ,Left ,0  ,-5 ,-25 ,-52 ,-10 ,+2 ,-6 ,-1
72.4527928 ,Left ,+4 ,+2 ,+5 ,+30 ,+7 ,+3 ,+1 ,-4
72.4528 ,Left ,+1 ,+1 ,0  ,-35 ,-6 ,-2 ,-2 ,0 
72.4691286 ,Left ,-1 ,+6 ,+3 ,-14 ,+7 ,-2 ,+3 ,+3
72.4691336 ,Left ,-5 ,-10 ,-21 ,-12 ,-10 ,-6 ,-2 ,-4
72.4707533 ,Left ,-1 ,+1 ,+17 ,+14 ,+7 ,+4 ,-7 ,-1
72.4707578 ,Left ,-2 ,-1 ,-5 ,-14 ,+1 ,-2 ,-2 ,-4
72.4920689 ,Left ,0  ,-2 ,+1 ,+8 ,+1 ,+2 ,-3 ,0 
72.4920734 ,Left ,-1 ,-1 ,-6 ,-28 ,-2 ,-5 ,-1 ,-2
72.4936002 ,Left ,0  ,+1 ,+11 ,+31 ,+3 ,+1 ,-2 ,0 
72.4936043 ,Left ,-1 ,-2 ,-7 ,-21 ,-2 ,+2 ,-3 ,-3
72.5061433 ,Left ,-2 ,+1 ,-2 ,-28 ,-6 ,-4 ,0  ,-3
72.5061483 ,Left ,-2 ,-2 ,-2 ,-2 ,-5 ,-4 ,-3 ,+1
72.5129311 ,Left ,-4 ,-2 ,-4 ,+1 ,+5 ,+8 ,+7 ,+1
72.5129364 ,Left ,+2 ,-3 ,-1 ,+11 ,+1 ,-15 ,+6 ,-2
72.5293689 ,Left ,-3 ,+2 ,+5 ,+28 ,+2 ,-5 ,-14 ,-8
72.5293734 ,Left ,-3 ,0  ,-6 ,-26 ,-2 ,+25 ,+4 ,+3
72.5306725 ,Left ,-8 ,-2 ,+2 ,-10 ,+1 ,-5 ,-21 ,-3
72.5306766 ,Left ,+4 ,+1 ,+2 ,+21 ,-2 ,+1 ,+60 ,+17
72.5518673 ,Left ,+2 ,0  ,+3 ,-4 ,+2 ,+8 ,+4 ,-8
72.5518723 ,Left ,-6 ,-5 ,-9 ,-7 ,-5 ,-17 ,-26 ,+6
72.5532523 ,Left ,+2 ,+1 ,-2 ,-2 ,-3 ,+34 ,-16 ,-32
72.5532567 ,Left ,-4 ,+1 ,-1 ,-1 ,+1 ,-16 ,-65 ,+7
72.5658384 ,Left ,+2 ,-3 ,+3 ,+13 ,+7 ,-10 ,0  ,+11
72.565841 ,Left ,-3 ,-6 ,-13 ,-23 ,0  ,+5 ,-1 ,-1
72.5726963 ,Left ,+1 ,+2 ,+6 ,+8 ,+8 ,+2 ,+18 ,-5
72.5726992 ,Left ,-1 ,+2 ,+2 ,+6 ,+42 ,+32 ,-21 ,-7
72.5890516 ,Left ,-6 ,-7 ,-6 ,-42 ,-29 ,-19 ,+20 ,+1
72.5890543 ,Left ,+10 ,+3 ,+4 ,+69 ,+10 ,-3 ,-17 ,-2
72.5906387 ,Left ,0  ,+2 ,0  ,-8 ,-11 ,-18 ,+7 ,+6
72.5906415 ,Left ,-2 ,-8 ,-2 ,-21 ,+9 ,+10 ,+12 ,-6
72.6026143 ,Left ,-2 ,+5 ,-9 ,0  ,0  ,0  ,-11 ,+7
72.6026175 ,Left ,-2 ,-3 ,+6 ,-17 ,-11 ,-4 ,+18 ,-7
72.6178227 ,Left ,+2 ,+8 ,+15 ,+3 ,+11 ,-9 ,-3 ,+5
72.617826 ,Left ,-3 ,+5 ,-2 ,+34 ,-10 ,-7 ,-1 ,0 
72.6260499 ,Left ,-3 ,-9 ,-13 ,-22 ,-18 ,+4 ,+2 ,-9
72.6260528 ,Left ,+6 ,+5 ,+6 ,-32 ,+21 ,-8 ,-1 ,-1
72.6328709 ,Left ,-7 ,-17 ,-15 ,+16 ,+1 ,+2 ,+8 ,+6
72.6328739 ,Left ,-1 ,+3 ,+12 ,-28 ,-10 ,-2 ,-7 ,-6
72.6491096 ,Left ,+8 ,+17 ,+16 ,+27 ,0  ,-2 ,-3 ,-1
72.6491131 ,Left ,-3 ,-4 ,-17 ,-10 ,+10 ,+5 ,+8 ,0 
72.6506683 ,Left ,-2 ,0  ,+14 ,+29 ,-3 ,-6 ,-2 ,+6
72.6506717 ,Left ,-5 ,-7 ,0  ,-6 ,-5 ,-4 ,+6 ,-6
72.6718146 ,Left ,-4 ,-12 ,-46 ,-8 ,+15 ,+3 ,-5 ,-3
72.671821 ,Left ,0  ,+4 ,+29 ,+15 ,-14 ,-8 ,-2 ,0 
72.6731258 ,Left ,-2 ,-5 ,-8 ,-24 ,-7 ,-3 ,+3 ,-1
72.6731296 ,Left ,-1 ,+4 ,+6 ,-6 ,-16 ,-6 ,-3 ,-3
72.6854127 ,Left ,+4 ,+9 ,+30 ,+24 ,+16 ,+3 ,+4 ,+1
72.6854168 ,Left ,-4 ,-5 ,-20 ,-9 ,-2 ,-3 ,0  ,-3
72.6940855 ,Left ,-2 ,-5 ,-7 ,-3 ,-11 ,-5 ,+1 ,+2
72.6940894 ,Left ,+1 ,-1 ,+3 ,-5 ,+4 ,0  ,0  ,-3
72.7091214 ,Left ,-2 ,-2 ,-1 ,-13 ,+3 ,+1 ,-1 ,0 
72.7091256 ,Left ,0  ,-3 ,-10 ,+22 ,-4 ,-2 ,+4 ,-2
72.7107292 ,Left ,-1 ,-2 ,-1 ,-4 ,-4 ,-2 ,0  ,0 
72.7107331 ,Left ,-3 ,-1 ,-12 ,-22 ,-3 ,-2 ,-2 ,-2
72.7227435 ,Left ,-1 ,-5 ,+2 ,+1 ,+4 ,+1 ,+1 ,-1
72.7227477 ,Left ,-1 ,+1 ,0  ,-5 ,-8 ,+2 ,-12 ,0 
72.7316347 ,Left ,-1 ,+1 ,+3 ,+18 ,+4 ,+1 ,+17 ,-2
72.7317122 ,Left ,+1 ,-2 ,-6 ,0  ,-2 ,+11 ,+10 ,-2
72.7460966 ,Left ,-1 ,-2 ,+6 ,-2 ,0  ,-6 ,-5 ,-1
72.7461014 ,Left ,0  ,+1 ,0  ,-1 ,-4 ,-4 ,0  ,-1
72.7529784 ,Left ,+1 ,+1 ,-4 ,-15 ,+1 ,+3 ,0  ,+3
72.7529826 ,Left ,-2 ,-1 ,-7 ,+11 ,-1 ,-11 ,-6 ,-3
72.7692557 ,Left ,-3 ,-1 ,+2 ,-1 ,+1 ,+4 ,+2 ,0 
72.7692599 ,Left ,0  ,-3 ,-3 ,+4 ,-5 ,-4 ,+3 ,0 
72.7706506 ,Left ,-2 ,-5 ,-7 ,-10 ,-2 ,+1 ,-6 ,-2
72.7706545 ,Left ,+2 ,+4 ,+1 ,-16 ,-6 ,-4 ,-1 ,-1
72.782876 ,Left ,-1 ,+2 ,+14 ,+10 ,-4 ,-2 ,-4 ,-1
72.7828801 ,Left ,-4 ,-5 ,-12 ,-17 ,-1 ,-5 ,-1 ,-2
72.7917284 ,Left ,-1 ,-1 ,+8 ,+3 ,-5 ,0  ,0  ,+1
72.7917328 ,Left ,0  ,-2 ,-13 ,+23 ,-10 ,-3 ,-1 ,0 
72.8059909 ,Left ,+2 ,+4 ,+8 ,-40 ,+19 ,+1 ,-2 ,0 
72.8059963 ,Left ,-4 ,-3 ,-5 ,-2 ,-4 ,+6 ,+4 ,-1
72.8127614 ,Left ,-2 ,0  ,+5 ,+22 ,-1 ,-7 ,-3 ,-3
72.8127658 ,Left ,-3 ,-6 ,-11 ,+6 ,-5 ,-6 ,-4 ,-4
72.8291692 ,Left ,+1 ,0  ,+5 ,-13 ,-8 ,+1 ,-2 ,-1
72.8291733 ,Left ,0  ,-1 ,-5 ,-1 ,-3 ,-3 ,-1 ,-1
72.8306732 ,Left ,-1 ,+1 ,-1 ,-10 ,+5 ,-2 ,-5 ,0 
72.8306772 ,Left ,-3 ,-7 ,-6 ,-12 ,0  ,-2 ,-2 ,-3
72.8517926 ,Left ,0  ,0  ,+13 ,+25 ,-6 ,+2 ,+1 ,-2
72.8517967 ,Left ,-3 ,-3 ,+9 ,+12 ,+14 ,0  ,-1 ,-2
72.8532309 ,Left ,-1 ,+3 ,+3 ,0  ,-17 ,-5 ,-3 ,-1
72.8532351 ,Left ,-1 ,+2 ,-24 ,-41 ,-7 ,+2 ,0  ,+1
72.8658025 ,Left ,-3 ,-5 ,-5 ,+10 ,+25 ,+1 ,-1 ,-1
72.8658056 ,Left ,+1 ,-1 ,-1 ,-7 ,-4 ,-2 ,+1 ,-2
